# transform file /out/sourcedata/freesurfer/sub-v1s17x0050270_ses-1/mri/transforms/cc_up.lta
# created by oesteban on Thu Mar 12 13:24:02 2026

type      = 0 # LINEAR_VOX_TO_VOX
nxforms   = 1
mean      = 130.0000 112.0000 111.0000
sigma     = 10000.0000
1 4 4
9.993100166320801e-01 -1.252390537410975e-02 3.496649116277695e-02 -4.697985649108887e+00 
1.251624524593353e-02 9.999215602874756e-01 4.379513266030699e-04 3.333068084716797e+01 
-3.496923297643661e-02 2.910383045673370e-11 9.993883967399597e-01 2.862065505981445e+01 
0.000000000000000e+00 0.000000000000000e+00 0.000000000000000e+00 1.000000000000000e+00 
src volume info
valid = 1  # volume info valid
filename = /out/sourcedata/freesurfer/sub-v1s17x0050270_ses-1/mri/norm.mgz
volume = 256 256 256
voxelsize = 1.000000000000000e+00 1.000000000000000e+00 1.000000000000000e+00
xras   = -1.000000000000000e+00 -5.034962669014931e-09 0.000000000000000e+00
yras   = 1.862645149230957e-09 0.000000000000000e+00 -1.000000119209290e+00
zras   = -2.415617927908897e-09 1.000000000000000e+00 4.656612873077393e-10
cras   = 2.150886535644531e+00 -3.260002136230469e+00 -1.643941497802734e+01
dst volume info
valid = 1  # volume info valid
filename = /out/sourcedata/freesurfer/sub-v1s17x0050270_ses-1/mri/norm.mgz
volume = 256 256 256
voxelsize = 1.000000000000000e+00 1.000000000000000e+00 1.000000000000000e+00
xras   = -1.000000000000000e+00 -5.034962669014931e-09 0.000000000000000e+00
yras   = 1.862645149230957e-09 0.000000000000000e+00 -1.000000119209290e+00
zras   = -2.415617927908897e-09 1.000000000000000e+00 4.656612873077393e-10
cras   = 2.150886535644531e+00 -3.260002136230469e+00 -1.643941497802734e+01
