type      = 1 # LINEAR_RAS_TO_RAS
nxforms   = 1
mean      = 0.0000 0.0000 0.0000
sigma     = 1.0000
1 4 4
1.134780049324036e+00 -2.949799969792366e-02 -4.197699949145317e-02 1.560669988393784e-01 
8.256699889898300e-02 1.019886970520020e+00 4.046069979667664e-01 3.664169073104858e+00 
-1.846900023519993e-02 -3.873920142650604e-01 1.121417999267578e+00 -5.992966175079346e+00 
0.000000000000000e+00 0.000000000000000e+00 0.000000000000000e+00 1.000000000000000e+00 
src volume info
valid = 1  # volume info valid
filename = /out/sourcedata/freesurfer/sub-v1s17x0050270_ses-1/mri/orig_nu.mgz
volume = 256 256 256
voxelsize = 1.000000000000000e+00 1.000000000000000e+00 1.000000000000000e+00
xras   = -1.000000000000000e+00 -5.034962669014931e-09 0.000000000000000e+00
yras   = 1.862645149230957e-09 0.000000000000000e+00 -1.000000119209290e+00
zras   = -2.415617927908897e-09 1.000000000000000e+00 4.656612873077393e-10
cras   = 2.150886535644531e+00 -3.260002136230469e+00 -1.643941497802734e+01
dst volume info
valid = 1  # volume info valid
filename = /opt/freesurfer/average/mni305.cor.mgz
volume = 256 256 256
voxelsize = 1.000000000000000e+00 1.000000000000000e+00 1.000000000000000e+00
xras   = -1.000000000000000e+00 0.000000000000000e+00 0.000000000000000e+00
yras   = 0.000000000000000e+00 0.000000000000000e+00 -1.000000000000000e+00
zras   = 0.000000000000000e+00 1.000000000000000e+00 0.000000000000000e+00
cras   = 0.000000000000000e+00 0.000000000000000e+00 0.000000000000000e+00
subject fsaverage
fscale 0.100000
