# transform file transforms/talairach.lta
# created by oesteban on Thu Mar 12 12:02:27 2026

type      = 0 # LINEAR_VOX_TO_VOX
nxforms   = 1
mean      = 130.0000 112.0000 111.0000
sigma     = 10000.0000
1 4 4
1.029650688171387e+00 -1.740341447293758e-02 4.525450617074966e-02 -1.153313255310059e+01 
7.047289982438087e-03 1.117107748985291e+00 2.665520906448364e-01 -3.119044685363770e+01 
-8.629471063613892e-02 -2.178258001804352e-01 9.582036137580872e-01 4.039045333862305e+01 
0.000000000000000e+00 0.000000000000000e+00 0.000000000000000e+00 1.000000000000000e+00 
src volume info
valid = 1  # volume info valid
filename = nu.mgz
volume = 256 256 256
voxelsize = 1.000000000000000e+00 1.000000000000000e+00 1.000000000000000e+00
xras   = -1.000000000000000e+00 -5.034962669014931e-09 0.000000000000000e+00
yras   = 1.862645149230957e-09 0.000000000000000e+00 -1.000000119209290e+00
zras   = -2.415617927908897e-09 1.000000000000000e+00 4.656612873077393e-10
cras   = 2.150886535644531e+00 -3.260002136230469e+00 -1.643941497802734e+01
dst volume info
valid = 1  # volume info valid
filename = /opt/freesurfer/average/RB_all_2020-01-02.gca
volume = 256 256 256
voxelsize = 1.000000000000000e+00 1.000000000000000e+00 1.000000000000000e+00
xras   = -1.000000000000000e+00 0.000000000000000e+00 0.000000000000000e+00
yras   = 0.000000000000000e+00 0.000000000000000e+00 -1.000000000000000e+00
zras   = 0.000000000000000e+00 1.000000000000000e+00 0.000000000000000e+00
cras   = 0.000000000000000e+00 0.000000000000000e+00 0.000000000000000e+00
