#Insight Transform File V1.0
#Transform 0
Transform: AffineTransform_float_3_3
Parameters: 1 0.000545339 -0.00105714 -0.000542589 0.999994 0.00338521 0.00105853 -0.00338506 0.999994 -0.0666166 0.00550341 0.150168
FixedParameters: 0 0 0

#Transform 1
Transform: AffineTransform_float_3_3
Parameters: 1 -0.000275696 -0.000122494 0.000276044 0.999994 0.00343435 0.000121372 -0.00343446 0.999994 -0.0475409 -0.0530608 0.207477
FixedParameters: 0 0 0

#Transform 2
Transform: AffineTransform_float_3_3
Parameters: 0.999997 -0.000573088 0.0020796 0.000567251 0.999996 0.00254495 -0.00208092 -0.00254457 0.999995 -0.0012202 -0.0781679 0.339117
FixedParameters: 0 0 0

#Transform 3
Transform: AffineTransform_float_3_3
Parameters: 0.999999 0.000172205 0.00151963 -0.000175473 0.999998 0.00204298 -0.00151983 -0.00204377 0.999997 -0.0409083 -0.0437925 0.231191
FixedParameters: 0 0 0

#Transform 4
Transform: AffineTransform_float_3_3
Parameters: 1 0.000233372 0.00108973 -0.000236129 0.999998 0.0023027 -0.00108833 -0.00230313 0.999997 -0.0373063 -0.0252803 0.201264
FixedParameters: 0 0 0

#Transform 5
Transform: AffineTransform_float_3_3
Parameters: 0.999999 -0.000773885 0.00125542 0.000769389 0.999996 0.00292851 -0.00125787 -0.00292738 0.999995 -0.000371373 0.0704772 0.165289
FixedParameters: 0 0 0

#Transform 6
Transform: AffineTransform_float_3_3
Parameters: 0.999999 -0.00110329 -0.000746627 0.00110573 0.999997 0.00253695 0.000743266 -0.00253782 0.999997 0.0502775 0.0222854 0.168162
FixedParameters: 0 0 0

#Transform 7
Transform: AffineTransform_float_3_3
Parameters: 1 -0.00116217 -0.00018804 0.0011617 0.999996 0.00242712 0.000184717 -0.00242677 0.999997 0.0465777 -0.0639986 0.174681
FixedParameters: 0 0 0

#Transform 8
Transform: AffineTransform_float_3_3
Parameters: 0.999999 -0.00120443 -0.000291334 0.00120414 0.999997 0.00195008 0.000289029 -0.00195 0.999998 0.0504683 0.0131189 0.139995
FixedParameters: 0 0 0

#Transform 9
Transform: AffineTransform_float_3_3
Parameters: 1 -0.000762474 -0.000719667 0.000763405 0.999998 0.00178856 0.000718329 -0.00178974 0.999998 0.04737 -0.0114777 0.124129
FixedParameters: 0 0 0

#Transform 10
Transform: AffineTransform_float_3_3
Parameters: 1 -0.00099307 -0.00053101 0.000994187 0.999998 0.00171444 0.000528779 -0.00171467 0.999999 0.0707418 0.00858131 0.113415
FixedParameters: 0 0 0

#Transform 11
Transform: AffineTransform_float_3_3
Parameters: 1 -0.000846498 -0.000629204 0.000848167 0.999998 0.00188503 0.000627185 -0.00188527 0.999998 0.0594637 -0.0420164 0.122202
FixedParameters: 0 0 0

#Transform 12
Transform: AffineTransform_float_3_3
Parameters: 1 -0.000471832 -0.000303395 0.000472946 0.999996 0.00277231 0.000301696 -0.00277264 0.999996 0.0440679 0.00260405 0.200921
FixedParameters: 0 0 0

#Transform 13
Transform: AffineTransform_float_3_3
Parameters: 1 -0.00102026 0.000445907 0.00101926 0.999998 0.00174396 -0.000447547 -0.00174355 0.999998 0.0629042 0.0160265 0.140557
FixedParameters: 0 0 0

#Transform 14
Transform: AffineTransform_float_3_3
Parameters: 1 -0.000941779 0.000238287 0.000941204 0.999998 0.00180702 -0.000240797 -0.00180658 0.999999 0.0428626 0.012573 0.119789
FixedParameters: 0 0 0

#Transform 15
Transform: AffineTransform_float_3_3
Parameters: 0.999999 -0.00068573 0.000429963 0.000684707 0.999998 0.00186311 -0.000430733 -0.00186253 0.999998 0.0214357 0.0209874 0.127852
FixedParameters: 0 0 0

#Transform 16
Transform: AffineTransform_float_3_3
Parameters: 1 -0.000955252 1.3848e-05 0.000955736 0.999997 0.00197268 -1.5761e-05 -0.00197266 0.999998 0.0504447 -0.00416789 0.117448
FixedParameters: 0 0 0

#Transform 17
Transform: AffineTransform_float_3_3
Parameters: 1 -0.000993829 1.53556e-05 0.000994311 0.999998 0.0016625 -1.67096e-05 -0.0016621 0.999998 0.0696137 -0.0400189 0.111578
FixedParameters: 0 0 0

#Transform 18
Transform: AffineTransform_float_3_3
Parameters: 1 -0.000463637 0.000166176 0.000463603 0.999999 0.000861807 -0.00016601 -0.000861662 0.999999 0.0375349 -0.0376664 0.0611193
FixedParameters: 0 0 0

#Transform 19
Transform: AffineTransform_float_3_3
Parameters: 1 0.0001442 -0.000309767 -0.000143852 1 0.000563015 0.000309929 -0.000562926 1 -0.0224446 0.0348866 0.00875897
FixedParameters: 0 0 0

#Transform 20
Transform: AffineTransform_float_3_3
Parameters: 1 0.000253991 0.000121545 -0.000254109 1 0.000486737 -0.000121297 -0.000486799 1 -0.0105637 0.00864419 0.0147703
FixedParameters: 0 0 0

#Transform 21
Transform: AffineTransform_float_3_3
Parameters: 1 0.000101392 0.000172617 -0.000101498 1 0.000309272 -0.000172555 -0.000309307 1 -0.00612977 0.0412936 0.00207863
FixedParameters: 0 0 0

#Transform 22
Transform: AffineTransform_float_3_3
Parameters: 1 -0.000119576 0.000341096 0.000119502 1 0.000108156 -0.000341122 -0.000108075 1 0.0300527 0.0590554 -0.0262068
FixedParameters: 0 0 0

#Transform 23
Transform: AffineTransform_float_3_3
Parameters: 1 -0.000169792 0.000125759 0.000169719 1 0.00029318 -0.000125859 -0.000293138 1 0.0409942 -0.00293788 -0.00566621
FixedParameters: 0 0 0

#Transform 24
Transform: AffineTransform_float_3_3
Parameters: 1 -0.000212845 1.74664e-05 0.00021285 1 -0.000169614 -1.73942e-05 0.000169621 1 0.0336662 0.0208101 -0.0317318
FixedParameters: 0 0 0

#Transform 25
Transform: AffineTransform_float_3_3
Parameters: 1 5.38371e-05 -0.000307303 -5.39437e-05 1 -0.000173366 0.000307284 0.000173399 1 0.0452661 -0.0490516 -0.0222871
FixedParameters: 0 0 0

#Transform 26
Transform: AffineTransform_float_3_3
Parameters: 0.999999 -0.000133297 0.000855729 0.00013283 1 0.000273231 -0.000855801 -0.000273003 0.999999 0.0112137 0.115492 -0.131823
FixedParameters: 0 0 0

#Transform 27
Transform: AffineTransform_float_3_3
Parameters: 0.999999 -0.000573364 0.000500065 0.00057319 1 0.000174223 -0.000500264 -0.000173649 1 0.0618352 0.0664101 -0.0882169
FixedParameters: 0 0 0

#Transform 28
Transform: AffineTransform_float_3_3
Parameters: 0.999999 -0.000595326 0.000461308 0.000595282 0.999999 -0.000200508 -0.000462069 0.000200194 1 0.0730652 0.0599205 -0.130144
FixedParameters: 0 0 0

#Transform 29
Transform: AffineTransform_float_3_3
Parameters: 1 -0.000484143 0.00019488 0.000484261 1 -0.000303946 -0.000194586 0.000304134 1 0.0739968 0.0942614 -0.174427
FixedParameters: 0 0 0

#Transform 30
Transform: AffineTransform_float_3_3
Parameters: 1 -0.000135152 -0.000268591 0.000135827 1 -0.000542452 0.000268488 0.00054242 1 0.07066 0.139591 -0.231502
FixedParameters: 0 0 0

#Transform 31
Transform: AffineTransform_float_3_3
Parameters: 1 -0.000115262 -0.000286649 0.000114675 0.999999 -0.00099603 0.000286818 0.000996452 1 0.0649284 0.0754064 -0.218529
FixedParameters: 0 0 0

#Transform 32
Transform: AffineTransform_float_3_3
Parameters: 1 0.000209357 -0.000275769 -0.000209019 0.999998 -0.00166591 0.000275713 0.00166606 0.999998 0.0511846 0.082624 -0.259148
FixedParameters: 0 0 0

#Transform 33
Transform: AffineTransform_float_3_3
Parameters: 1 8.91279e-05 -0.000365119 -9.01713e-05 0.999998 -0.00187604 0.0003656 0.0018761 0.999998 0.0494197 0.0714145 -0.245327
FixedParameters: 0 0 0

#Transform 34
Transform: AffineTransform_float_3_3
Parameters: 1 0.00026324 4.00289e-05 -0.000263001 0.999998 -0.00202521 -4.12421e-05 0.0020252 0.999998 0.0565628 0.07229 -0.248378
FixedParameters: 0 0 0

#Transform 35
Transform: AffineTransform_float_3_3
Parameters: 1 0.00021846 -0.000232078 -0.000219111 0.999998 -0.00222283 0.00023191 0.00222244 0.999997 0.0484142 0.0683508 -0.273897
FixedParameters: 0 0 0

#Transform 36
Transform: AffineTransform_float_3_3
Parameters: 1 0.000292483 -5.75469e-05 -0.000292386 0.999997 -0.00234672 5.69183e-05 0.00234674 0.999998 0.0576263 0.116385 -0.267432
FixedParameters: 0 0 0

#Transform 37
Transform: AffineTransform_float_3_3
Parameters: 1 -0.000129256 0.000369676 0.000130496 0.999996 -0.00278348 -0.000368998 0.00278354 0.999996 0.088647 0.0994417 -0.298559
FixedParameters: 0 0 0

#Transform 38
Transform: AffineTransform_float_3_3
Parameters: 0.999999 0.00025532 0.000632847 -0.000253074 0.999995 -0.00299476 -0.000633259 0.00299484 0.999996 0.0914229 0.0905603 -0.312432
FixedParameters: 0 0 0

#Transform 39
Transform: AffineTransform_float_3_3
Parameters: 1 3.6462e-05 0.000363185 -3.52516e-05 0.999996 -0.00278955 -0.00036343 0.00278949 0.999996 0.0850308 0.127113 -0.300638
FixedParameters: 0 0 0

#Transform 40
Transform: AffineTransform_float_3_3
Parameters: 0.999999 -4.27047e-05 0.000713488 4.50653e-05 0.999996 -0.002915 -0.000713087 0.00291547 0.999996 0.0855153 0.131529 -0.318213
FixedParameters: 0 0 0

#Transform 41
Transform: AffineTransform_float_3_3
Parameters: 0.999999 -3.82757e-05 0.000715785 4.04908e-05 0.999996 -0.00279335 -0.000715359 0.00279333 0.999996 0.109181 0.0582958 -0.287433
FixedParameters: 0 0 0

#Transform 42
Transform: AffineTransform_float_3_3
Parameters: 0.999999 -4.25157e-05 0.00071361 4.48854e-05 0.999996 -0.00291024 -0.000713151 0.00291023 0.999995 0.109154 0.0603776 -0.285375
FixedParameters: 0 0 0

#Transform 43
Transform: AffineTransform_float_3_3
Parameters: 1 -9.43459e-05 0.000538975 9.59328e-05 0.999995 -0.00309321 -0.000538255 0.00309324 0.999995 0.108471 -0.0339828 -0.255732
FixedParameters: 0 0 0

#Transform 44
Transform: AffineTransform_float_3_3
Parameters: 0.999999 0.000233106 0.000628838 -0.000231378 0.999994 -0.00334017 -0.000629102 0.00334025 0.999994 0.0849119 0.0488092 -0.292599
FixedParameters: 0 0 0

#Transform 45
Transform: AffineTransform_float_3_3
Parameters: 1 0.000110587 0.000325695 -0.00011047 0.999996 -0.00291375 -0.000326134 0.0029136 0.999995 0.0884893 0.0164279 -0.256466
FixedParameters: 0 0 0

#Transform 46
Transform: AffineTransform_float_3_3
Parameters: 1 0.000431884 0.000319786 -0.000430061 0.999994 -0.00327387 -0.000320796 0.00327354 0.999994 0.0688387 0.0558987 -0.277072
FixedParameters: 0 0 0

#Transform 47
Transform: AffineTransform_float_3_3
Parameters: 1 0.000797259 0.000474204 -0.000794895 0.999993 -0.00354881 -0.000476793 0.00354882 0.999993 0.0443221 0.0399602 -0.269624
FixedParameters: 0 0 0

#Transform 48
Transform: AffineTransform_float_3_3
Parameters: 0.999999 0.000686587 -0.000106656 -0.000687051 0.999992 -0.0038899 0.000104894 0.00388949 0.999992 0.0553515 0.0619284 -0.274658
FixedParameters: 0 0 0

#Transform 49
Transform: AffineTransform_float_3_3
Parameters: 0.999999 0.000689596 -0.000129577 -0.000690472 0.999993 -0.00383253 0.000126904 0.00383216 0.999992 0.0512014 0.0937944 -0.281636
FixedParameters: 0 0 0

#Transform 50
Transform: AffineTransform_float_3_3
Parameters: 0.999999 0.000716997 -0.000162716 -0.00071716 0.999993 -0.00383386 0.000159584 0.00383359 0.999992 0.055249 0.0812967 -0.244265
FixedParameters: 0 0 0

#Transform 51
Transform: AffineTransform_float_3_3
Parameters: 0.999999 0.00106646 -0.000568567 -0.00106842 0.999992 -0.00397683 0.000564122 0.00397756 0.999992 0.0107828 0.0283721 -0.255013
FixedParameters: 0 0 0

#Transform 52
Transform: AffineTransform_float_3_3
Parameters: 0.999999 0.00109672 -0.000394385 -0.00109839 0.99999 -0.00414954 0.000389571 0.00414988 0.999991 0.00352529 0.029618 -0.285967
FixedParameters: 0 0 0

#Transform 53
Transform: AffineTransform_float_3_3
Parameters: 1 0.000927428 -0.000191818 -0.000927444 0.999991 -0.00413135 0.000188485 0.00413205 0.999991 0.022557 0.090638 -0.291598
FixedParameters: 0 0 0

#Transform 54
Transform: AffineTransform_float_3_3
Parameters: 0.999999 0.00064551 -0.000449238 -0.000646813 0.999993 -0.00369726 0.000446555 0.00369699 0.999993 0.0318614 0.0890521 -0.297625
FixedParameters: 0 0 0

#Transform 55
Transform: AffineTransform_float_3_3
Parameters: 0.999999 0.000679607 7.75918e-05 -0.00067928 0.999993 -0.00355968 -8.06908e-05 0.00355952 0.999993 0.0265887 0.0313996 -0.290923
FixedParameters: 0 0 0

#Transform 56
Transform: AffineTransform_float_3_3
Parameters: 1 0.000540936 -4.99607e-06 -0.000540841 0.999991 -0.00420651 2.92774e-06 0.00420646 0.999991 0.0464404 0.0509349 -0.317249
FixedParameters: 0 0 0

#Transform 57
Transform: AffineTransform_float_3_3
Parameters: 0.999999 0.000768025 6.55332e-05 -0.000767347 0.999992 -0.00413051 -6.92988e-05 0.00413074 0.999991 0.0396714 0.0207809 -0.306286
FixedParameters: 0 0 0

#Transform 58
Transform: AffineTransform_float_3_3
Parameters: 0.999999 0.000787429 0.00013895 -0.000787126 0.999992 -0.00413245 -0.000142691 0.00413301 0.999992 0.0307402 -0.0155058 -0.28717
FixedParameters: 0 0 0

#Transform 59
Transform: AffineTransform_float_3_3
Parameters: 1 0.000712823 0.000153277 -0.000712134 0.99999 -0.00431911 -0.000155627 0.00431965 0.99999 0.04683 0.0018586 -0.313803
FixedParameters: 0 0 0

#Transform 60
Transform: AffineTransform_float_3_3
Parameters: 0.999999 0.000783848 0.000147009 -0.000783346 0.999991 -0.00431481 -0.000151052 0.00431399 0.999991 0.0351435 0.0191392 -0.312873
FixedParameters: 0 0 0

#Transform 61
Transform: AffineTransform_float_3_3
Parameters: 0.999999 0.000746716 1.06229e-06 -0.000746336 0.999991 -0.00426234 -3.94513e-06 0.00426315 0.999991 0.0406274 0.00968987 -0.318557
FixedParameters: 0 0 0

#Transform 62
Transform: AffineTransform_float_3_3
Parameters: 1 0.00086512 -0.000276645 -0.000866158 0.99999 -0.00437356 0.00027233 0.00437353 0.99999 0.0233115 0.0394319 -0.343952
FixedParameters: 0 0 0

#Transform 63
Transform: AffineTransform_float_3_3
Parameters: 0.999999 0.000749661 4.66455e-05 -0.000748749 0.99999 -0.00455276 -5.01071e-05 0.00455214 0.999989 0.0440129 0.0425105 -0.333673
FixedParameters: 0 0 0

#Transform 64
Transform: AffineTransform_float_3_3
Parameters: 1 0.00098999 0.00013742 -0.000989441 0.99999 -0.00419492 -0.000141952 0.00419454 0.999992 0.0211978 0.00195993 -0.326728
FixedParameters: 0 0 0

#Transform 65
Transform: AffineTransform_float_3_3
Parameters: 1 0.000810113 -0.000219358 -0.00081166 0.99999 -0.0044325 0.000215617 0.00443279 0.99999 0.0594652 0.0694672 -0.387576
FixedParameters: 0 0 0

#Transform 66
Transform: AffineTransform_float_3_3
Parameters: 0.999999 0.000698805 -0.000208047 -0.00069941 0.999991 -0.00402624 0.000204723 0.00402652 0.999992 0.0619305 0.0557532 -0.380595
FixedParameters: 0 0 0

#Transform 67
Transform: AffineTransform_float_3_3
Parameters: 1 0.000925042 -0.000352784 -0.000926345 0.999991 -0.00410203 0.000349485 0.00410216 0.999991 0.0550205 0.00837703 -0.348726
FixedParameters: 0 0 0

#Transform 68
Transform: AffineTransform_float_3_3
Parameters: 1 0.00111471 1.84019e-05 -0.00111396 0.999991 -0.00409638 -2.29511e-05 0.00409665 0.999991 0.0332347 0.0440778 -0.315378
FixedParameters: 0 0 0

#Transform 69
Transform: AffineTransform_float_3_3
Parameters: 0.999999 0.00116935 -0.000215196 -0.00117058 0.99999 -0.00436803 0.000209481 0.00436884 0.99999 0.0438095 0.00142671 -0.333078
FixedParameters: 0 0 0

#Transform 70
Transform: AffineTransform_float_3_3
Parameters: 1 0.000772667 0.000161082 -0.000771625 0.999989 -0.00478513 -0.000164827 0.00478516 0.999988 0.0804391 -0.0219583 -0.353136
FixedParameters: 0 0 0

#Transform 71
Transform: AffineTransform_float_3_3
Parameters: 1 0.00079097 0.00020732 -0.00078958 0.999989 -0.00459547 -0.000210899 0.00459455 0.999989 0.0526169 0.0135512 -0.366753
FixedParameters: 0 0 0

#Transform 72
Transform: AffineTransform_float_3_3
Parameters: 0.999999 0.000763577 8.31095e-05 -0.000763648 0.99999 -0.00441773 -8.7164e-05 0.00441838 0.99999 0.0535304 0.014873 -0.361561
FixedParameters: 0 0 0

#Transform 73
Transform: AffineTransform_float_3_3
Parameters: 0.999999 0.000729561 -4.69495e-06 -0.00072908 0.999989 -0.0047562 1.04381e-06 0.00475566 0.999989 0.0504467 0.0401399 -0.369551
FixedParameters: 0 0 0

#Transform 74
Transform: AffineTransform_float_3_3
Parameters: 1 0.00109323 -2.20041e-05 -0.0010934 0.999986 -0.00505735 1.63523e-05 0.00505728 0.999988 0.0293592 0.0371198 -0.37633
FixedParameters: 0 0 0

#Transform 75
Transform: AffineTransform_float_3_3
Parameters: 0.999999 0.0014218 -0.000154121 -0.00142272 0.999986 -0.00521147 0.000146608 0.00521079 0.999986 0.0240078 -0.010919 -0.408864
FixedParameters: 0 0 0

#Transform 76
Transform: AffineTransform_float_3_3
Parameters: 0.999999 0.00141565 -0.000364601 -0.00141783 0.999983 -0.00569018 0.000356294 0.00569062 0.999984 0.0289724 0.0531577 -0.436646
FixedParameters: 0 0 0

#Transform 77
Transform: AffineTransform_float_3_3
Parameters: 0.999998 0.00185502 -0.000379929 -0.00185675 0.999983 -0.00551905 0.000369324 0.00551934 0.999985 0.00389325 -0.00157652 -0.418988
FixedParameters: 0 0 0

#Transform 78
Transform: AffineTransform_float_3_3
Parameters: 0.999999 0.00170768 -0.000351998 -0.00170933 0.99998 -0.0059576 0.000341375 0.0059577 0.999982 0.0158057 0.0141876 -0.433192
FixedParameters: 0 0 0

#Transform 79
Transform: AffineTransform_float_3_3
Parameters: 0.999999 0.0013055 -0.000225768 -0.00130733 0.999983 -0.00566198 0.000218109 0.00566282 0.999984 0.033323 0.00253032 -0.406175
FixedParameters: 0 0 0

#Transform 80
Transform: AffineTransform_float_3_3
Parameters: 0.999998 0.00176091 -0.000184187 -0.0017615 0.999983 -0.00569182 0.000174229 0.0056922 0.999984 0.0122386 0.0535538 -0.420023
FixedParameters: 0 0 0

#Transform 81
Transform: AffineTransform_float_3_3
Parameters: 0.999999 0.0017053 -0.000352505 -0.00170697 0.999981 -0.00602858 0.000341593 0.00602867 0.999982 0.0197704 -0.0106296 -0.411629
FixedParameters: 0 0 0

#Transform 82
Transform: AffineTransform_float_3_3
Parameters: 0.999998 0.00178103 -9.72449e-05 -0.00178161 0.999981 -0.00578945 8.69612e-05 0.00578948 0.999983 0.0228887 -0.032823 -0.400015
FixedParameters: 0 0 0

#Transform 83
Transform: AffineTransform_float_3_3
Parameters: 0.999999 0.00171556 -0.000313862 -0.00171751 0.999981 -0.00602983 0.00030407 0.00603062 0.999982 0.0157361 0.00427821 -0.415608
FixedParameters: 0 0 0

#Transform 84
Transform: AffineTransform_float_3_3
Parameters: 0.999998 0.0018457 -0.000299467 -0.00184734 0.999978 -0.00639021 0.000287593 0.00639102 0.999979 -9.73701e-05 -0.0284558 -0.387905
FixedParameters: 0 0 0

#Transform 85
Transform: AffineTransform_float_3_3
Parameters: 0.999998 0.00186376 -0.000366535 -0.00186605 0.999977 -0.00649559 0.000354924 0.00649666 0.999979 -0.0146526 -0.0183952 -0.384221
FixedParameters: 0 0 0

#Transform 86
Transform: AffineTransform_float_3_3
Parameters: 0.999999 0.00151702 -0.000811283 -0.0015228 0.999966 -0.00806118 0.000799479 0.00806264 0.999967 -0.0166789 0.158237 -0.531461
FixedParameters: 0 0 0

#Transform 87
Transform: AffineTransform_float_3_3
Parameters: 0.999999 0.00162609 -4.58381e-05 -0.00162632 0.999973 -0.00719779 3.42264e-05 0.00719806 0.999974 0.00334824 0.0920339 -0.45413
FixedParameters: 0 0 0

#Transform 88
Transform: AffineTransform_float_3_3
Parameters: 0.999999 0.00167688 -0.000362298 -0.00167952 0.999975 -0.00683908 0.000350815 0.00683914 0.999977 0.00377428 0.0695351 -0.451495
FixedParameters: 0 0 0

#Transform 89
Transform: AffineTransform_float_3_3
Parameters: 0.999999 0.00127423 -0.000727024 -0.00127988 0.999972 -0.00742754 0.00071744 0.00742838 0.999972 0.0246477 0.115141 -0.208091
FixedParameters: 0 0 0

#Transform 90
Transform: AffineTransform_float_3_3
Parameters: 0.999996 0.00276138 -0.0010417 -0.00276603 0.999985 -0.00478703 0.00102892 0.00478936 0.999988 -0.000665553 -0.0823429 0.183343
FixedParameters: 0 0 0

#Transform 91
Transform: AffineTransform_float_3_3
Parameters: 0.999996 0.00261145 -0.001389 -0.00262393 0.999959 -0.00858766 0.00136691 0.00859062 0.999962 0.0195514 0.131157 -0.180784
FixedParameters: 0 0 0

#Transform 92
Transform: AffineTransform_float_3_3
Parameters: 0.999995 0.00311446 -0.000810774 -0.0031215 0.999955 -0.00891997 0.000782114 0.00892259 0.99996 0.00724273 -0.0549051 -0.19351
FixedParameters: 0 0 0

#Transform 93
Transform: AffineTransform_float_3_3
Parameters: 0.999996 0.00256956 -0.000762795 -0.00257574 0.999957 -0.00886585 0.000739943 0.00886706 0.99996 0.0631854 0.0437078 -0.255087
FixedParameters: 0 0 0

#Transform 94
Transform: AffineTransform_float_3_3
Parameters: 0.999996 0.00269616 -0.000589536 -0.00270198 0.999951 -0.00951885 0.000564229 0.00952004 0.999954 0.0717744 0.0449288 -0.282179
FixedParameters: 0 0 0

#Transform 95
Transform: AffineTransform_float_3_3
Parameters: 0.999996 0.00274527 -0.000376275 -0.00274882 0.999949 -0.00979453 0.000349819 0.00979539 0.999952 0.0742052 0.0136147 -0.279032
FixedParameters: 0 0 0

#Transform 96
Transform: AffineTransform_float_3_3
Parameters: 0.999995 0.00312501 -0.000790977 -0.00313267 0.999949 -0.0095714 0.000760751 0.00957385 0.999954 0.050598 0.0682918 -0.306333
FixedParameters: 0 0 0

#Transform 97
Transform: AffineTransform_float_3_3
Parameters: 0.999996 0.00296168 -0.000655652 -0.00296792 0.999948 -0.00973331 0.000627725 0.00973516 0.999953 0.0715292 0.0264233 -0.29895
FixedParameters: 0 0 0

#Transform 98
Transform: AffineTransform_float_3_3
Parameters: 0.999996 0.00274089 -0.000736663 -0.00274837 0.999946 -0.0100848 0.000709582 0.0100869 0.999949 0.0999068 0.0280225 -0.307146
FixedParameters: 0 0 0

#Transform 99
Transform: AffineTransform_float_3_3
Parameters: 0.999996 0.00279096 -0.000749523 -0.00279871 0.999943 -0.0103566 0.000720653 0.0103588 0.999946 0.0924562 0.0300329 -0.314263
FixedParameters: 0 0 0

#Transform 100
Transform: AffineTransform_float_3_3
Parameters: 0.999997 0.00241732 -0.000457569 -0.00242126 0.999945 -0.0102569 0.000432403 0.0102576 0.999948 0.112004 0.0287819 -0.311084
FixedParameters: 0 0 0

#Transform 101
Transform: AffineTransform_float_3_3
Parameters: 0.999995 0.00292063 -0.00125712 -0.00293323 0.999943 -0.0102223 0.00122712 0.0102257 0.999947 0.0828507 0.0227213 -0.338926
FixedParameters: 0 0 0

#Transform 102
Transform: AffineTransform_float_3_3
Parameters: 0.999995 0.00285965 -0.00130839 -0.00287339 0.999943 -0.0102671 0.00127929 0.0102706 0.999947 0.095713 0.0161743 -0.365471
FixedParameters: 0 0 0

#Transform 103
Transform: AffineTransform_float_3_3
Parameters: 0.999994 0.00307748 -0.00128628 -0.00309069 0.999947 -0.00980822 0.00125615 0.00981158 0.999951 0.0837373 0.0248053 -0.354298
FixedParameters: 0 0 0

#Transform 104
Transform: AffineTransform_float_3_3
Parameters: 0.999991 0.00369405 -0.00173401 -0.00371227 0.999939 -0.0103812 0.00169609 0.0103876 0.999945 0.0415578 0.0566416 -0.387552
FixedParameters: 0 0 0

#Transform 105
Transform: AffineTransform_float_3_3
Parameters: 0.999993 0.00361417 -0.00146121 -0.00362953 0.999936 -0.0107209 0.00142284 0.0107258 0.999941 0.0420895 0.00588367 -0.378984
FixedParameters: 0 0 0

#Transform 106
Transform: AffineTransform_float_3_3
Parameters: 0.999993 0.0034442 -0.00142747 -0.00345973 0.999933 -0.0110999 0.00138976 0.0111041 0.999937 0.0508528 0.0115309 -0.351541
FixedParameters: 0 0 0

#Transform 107
Transform: AffineTransform_float_3_3
Parameters: 0.999994 0.00316851 -0.00134567 -0.00318286 0.999935 -0.0108861 0.0013117 0.0108901 0.99994 0.0588597 0.0561698 -0.358514
FixedParameters: 0 0 0

#Transform 108
Transform: AffineTransform_float_3_3
Parameters: 0.999993 0.00309548 -0.00175984 -0.0031149 0.999936 -0.0108744 0.0017264 0.0108791 0.999939 0.0682265 0.017787 -0.378815
FixedParameters: 0 0 0

#Transform 109
Transform: AffineTransform_float_3_3
Parameters: 0.999993 0.00347933 -0.00175682 -0.00349704 0.999938 -0.0106082 0.00172014 0.0106133 0.999942 0.0555163 0.00521335 -0.379002
FixedParameters: 0 0 0

#Transform 110
Transform: AffineTransform_float_3_3
Parameters: 0.999993 0.00341673 -0.00161744 -0.00343339 0.999941 -0.0102236 0.00158164 0.0102288 0.999946 0.0648371 -0.00377176 -0.393996
FixedParameters: 0 0 0

#Transform 111
Transform: AffineTransform_float_3_3
Parameters: 0.999993 0.00312197 -0.00174486 -0.00313951 0.999943 -0.010189 0.00171377 0.0101947 0.999946 0.087079 -0.0337272 -0.41756
FixedParameters: 0 0 0

#Transform 112
Transform: AffineTransform_float_3_3
Parameters: 0.999993 0.00302489 -0.0018631 -0.0030441 0.99994 -0.0105564 0.00183095 0.0105625 0.999942 0.103564 -0.0100896 -0.431886
FixedParameters: 0 0 0

#Transform 113
Transform: AffineTransform_float_3_3
Parameters: 0.999993 0.00331406 -0.00180913 -0.0033323 0.999939 -0.0105659 0.00177399 0.0105713 0.999943 0.0801599 0.0636506 -0.453448
FixedParameters: 0 0 0

#Transform 114
Transform: AffineTransform_float_3_3
Parameters: 0.999992 0.00339602 -0.00209205 -0.00341947 0.999932 -0.0111524 0.0020541 0.0111596 0.999935 0.0766028 0.100987 -0.491429
FixedParameters: 0 0 0

#Transform 115
Transform: AffineTransform_float_3_3
Parameters: 0.99999 0.0036731 -0.00221463 -0.00369807 0.999928 -0.0113585 0.00217239 0.0113668 0.999933 0.0793344 0.104825 -0.513944
FixedParameters: 0 0 0

#Transform 116
Transform: AffineTransform_float_3_3
Parameters: 0.999991 0.00333228 -0.00235149 -0.00335964 0.999925 -0.011815 0.00231176 0.0118229 0.999927 0.0790168 0.144455 -0.543397
FixedParameters: 0 0 0

#Transform 117
Transform: AffineTransform_float_3_3
Parameters: 0.999991 0.00360492 -0.0024116 -0.00363157 0.999929 -0.0113869 0.00236996 0.0113951 0.999932 0.0556074 0.103609 -0.515443
FixedParameters: 0 0 0

#Transform 118
Transform: AffineTransform_float_3_3
Parameters: 0.99999 0.00378737 -0.00239284 -0.00381514 0.999928 -0.0114178 0.00234917 0.0114275 0.999932 0.0664903 0.106395 -0.5465
FixedParameters: 0 0 0

#Transform 119
Transform: AffineTransform_float_3_3
Parameters: 0.999986 0.00411138 -0.0032713 -0.00414983 0.999921 -0.0118244 0.00322165 0.0118371 0.999925 0.0724433 0.108952 -0.616245
FixedParameters: 0 0 0

#Transform 120
Transform: AffineTransform_float_3_3
Parameters: 0.999984 0.00479894 -0.0028602 -0.00483315 0.999913 -0.012274 0.00280105 0.0122874 0.99992 0.0301206 0.155075 -0.618362
FixedParameters: 0 0 0

#Transform 121
Transform: AffineTransform_float_3_3
Parameters: 0.999985 0.0045036 -0.00300103 -0.00453974 0.999915 -0.012198 0.00294632 0.0122113 0.999921 0.0571751 0.12527 -0.606038
FixedParameters: 0 0 0

#Transform 122
Transform: AffineTransform_float_3_3
Parameters: 0.999987 0.00428441 -0.00288848 -0.0043204 0.999911 -0.0126313 0.00283404 0.0126437 0.999916 0.0560622 0.134429 -0.582563
FixedParameters: 0 0 0

#Transform 123
Transform: AffineTransform_float_3_3
Parameters: 0.999986 0.00440179 -0.00294513 -0.00443659 0.999916 -0.0121024 0.00289185 0.0121151 0.999923 0.0446559 0.0721078 -0.548657
FixedParameters: 0 0 0

#Transform 124
Transform: AffineTransform_float_3_3
Parameters: 0.999987 0.00432563 -0.00269635 -0.00435804 0.999916 -0.0121988 0.00264383 0.0122105 0.999922 0.0549338 0.108942 -0.559601
FixedParameters: 0 0 0

#Transform 125
Transform: AffineTransform_float_3_3
Parameters: 0.999986 0.00456719 -0.00277322 -0.00459974 0.999919 -0.0119135 0.00271876 0.0119253 0.999925 0.0535796 0.0639374 -0.578956
FixedParameters: 0 0 0

#Transform 126
Transform: AffineTransform_float_3_3
Parameters: 0.999984 0.00478591 -0.00293256 -0.00481978 0.999916 -0.0120086 0.00287529 0.0120227 0.999923 0.0184182 0.0471737 -0.581825
FixedParameters: 0 0 0

#Transform 127
Transform: AffineTransform_float_3_3
Parameters: 0.999983 0.00496121 -0.00310335 -0.0049964 0.99992 -0.0116974 0.00304502 0.0117129 0.999927 0.0128988 0.0299472 -0.587923
FixedParameters: 0 0 0

#Transform 128
Transform: AffineTransform_float_3_3
Parameters: 0.99998 0.00533711 -0.0032581 -0.00537668 0.999911 -0.0121854 0.00319301 0.0122021 0.999921 -0.0113608 0.0821718 -0.608535
FixedParameters: 0 0 0

#Transform 129
Transform: AffineTransform_float_3_3
Parameters: 0.999975 0.00588938 -0.00375995 -0.00593421 0.999911 -0.0119423 0.00368842 0.011964 0.999922 -0.0537884 0.099873 -0.584374
FixedParameters: 0 0 0

#Transform 130
Transform: AffineTransform_float_3_3
Parameters: 0.999973 0.00609673 -0.00412721 -0.00614656 0.999906 -0.0121904 0.00405318 0.0122151 0.999918 -0.095355 0.100077 -0.617809
FixedParameters: 0 0 0

#Transform 131
Transform: AffineTransform_float_3_3
Parameters: 0.999954 0.00791894 -0.00534833 -0.00798222 0.999896 -0.011947 0.00525357 0.0119887 0.999914 -0.225455 0.091239 -0.588619
FixedParameters: 0 0 0

#Transform 132
Transform: AffineTransform_float_3_3
Parameters: 0.999959 0.0077296 -0.00471096 -0.00778766 0.999893 -0.0123915 0.00461411 0.0124267 0.999912 -0.196591 0.140232 -0.626889
FixedParameters: 0 0 0

#Transform 133
Transform: AffineTransform_float_3_3
Parameters: 0.999952 0.00821745 -0.0053536 -0.00828626 0.999881 -0.0130415 0.00524578 0.0130844 0.999901 -0.177327 0.0942074 -0.648169
FixedParameters: 0 0 0

#Transform 134
Transform: AffineTransform_float_3_3
Parameters: 0.999964 0.00724638 -0.00450093 -0.00730483 0.999886 -0.0132173 0.00440482 0.0132496 0.999902 -0.12673 0.152907 -0.703675
FixedParameters: 0 0 0

#Transform 135
Transform: AffineTransform_float_3_3
Parameters: 0.999961 0.00752581 -0.00466017 -0.00758682 0.999882 -0.0132917 0.00456011 0.0133261 0.999901 -0.173182 0.0832308 -0.689717
FixedParameters: 0 0 0

#Transform 136
Transform: AffineTransform_float_3_3
Parameters: 0.999958 0.00775356 -0.00493376 -0.0078182 0.999882 -0.0131701 0.00483108 0.0132082 0.999901 -0.14891 0.0883287 -0.707043
FixedParameters: 0 0 0

#Transform 137
Transform: AffineTransform_float_3_3
Parameters: 0.999952 0.00821823 -0.00547898 -0.00828971 0.999879 -0.0132203 0.00536939 0.0132644 0.999898 -0.158642 0.0224079 -0.692465
FixedParameters: 0 0 0

#Transform 138
Transform: AffineTransform_float_3_3
Parameters: 0.999945 0.008332 -0.00633039 -0.00841512 0.999878 -0.0132095 0.00621904 0.0132621 0.999892 -0.144064 0.0606274 -0.734431
FixedParameters: 0 0 0

#Transform 139
Transform: AffineTransform_float_3_3
Parameters: 0.999924 0.010213 -0.00684789 -0.0103032 0.999859 -0.0132646 0.00671148 0.0133333 0.999888 -0.331359 0.0377295 -0.688411
FixedParameters: 0 0 0

#Transform 140
Transform: AffineTransform_float_3_3
Parameters: 0.999935 0.00974625 -0.00585767 -0.00982424 0.999862 -0.0133638 0.00572682 0.0134203 0.999894 -0.310202 0.118203 -0.682958
FixedParameters: 0 0 0

#Transform 141
Transform: AffineTransform_float_3_3
Parameters: 0.999946 0.00903185 -0.00519701 -0.00910004 0.999871 -0.0132052 0.00507722 0.0132521 0.999899 -0.183656 0.0822273 -0.708523
FixedParameters: 0 0 0

#Transform 142
Transform: AffineTransform_float_3_3
Parameters: 0.99995 0.00862788 -0.00501065 -0.00869617 0.999868 -0.013712 0.00489104 0.0137544 0.999894 -0.168465 0.193163 -0.730955
FixedParameters: 0 0 0

#Transform 143
Transform: AffineTransform_float_3_3
Parameters: 0.999951 0.00866677 -0.00486812 -0.00873296 0.999868 -0.0137225 0.00474889 0.013764 0.999894 -0.198279 0.10563 -0.710575
FixedParameters: 0 0 0

#Transform 144
Transform: AffineTransform_float_3_3
Parameters: 0.999944 0.00881568 -0.00584505 -0.00889453 0.999866 -0.0137239 0.00572384 0.0137755 0.999889 -0.19659 0.109674 -0.761449
FixedParameters: 0 0 0

#Transform 145
Transform: AffineTransform_float_3_3
Parameters: 0.999939 0.0092674 -0.00596074 -0.00934692 0.999865 -0.0135158 0.00583554 0.0135713 0.999891 -0.225718 0.100595 -0.727312
FixedParameters: 0 0 0

#Transform 146
Transform: AffineTransform_float_3_3
Parameters: 0.999942 0.00928833 -0.00551536 -0.00936979 0.999846 -0.0148029 0.00537697 0.014853 0.999875 -0.158002 0.129362 -0.812068
FixedParameters: 0 0 0

#Transform 147
Transform: AffineTransform_float_3_3
Parameters: 0.999955 0.00772676 -0.00548395 -0.00781372 0.999841 -0.0160095 0.00535991 0.0160513 0.999856 -0.0938662 0.103877 -0.912004
FixedParameters: 0 0 0

#Transform 148
Transform: AffineTransform_float_3_3
Parameters: 0.999932 0.0100855 -0.00573571 -0.0101699 0.999837 -0.014869 0.00558395 0.0149259 0.999873 -0.272249 0.150825 -0.816867
FixedParameters: 0 0 0

#Transform 149
Transform: AffineTransform_float_3_3
Parameters: 0.99996 0.00797667 -0.00414889 -0.00803383 0.999869 -0.0140602 0.00403659 0.0140934 0.999892 -0.194532 0.0996857 -0.825947
FixedParameters: 0 0 0
