#Insight Transform File V1.0
#Transform 0
Transform: AffineTransform_float_3_3
Parameters: 0.999996 0.00260158 0.00119278 -0.00260081 0.999997 -0.000262137 -0.00119323 0.000259229 1 -0.102064 -0.166297 -0.228545
FixedParameters: 0 0 0

#Transform 1
Transform: AffineTransform_float_3_3
Parameters: 0.999996 0.00229187 0.00120884 -0.00229021 0.999997 -0.00128517 -0.00121145 0.00128213 0.999998 -0.0917625 -0.0619833 -0.286399
FixedParameters: 0 0 0

#Transform 2
Transform: AffineTransform_float_3_3
Parameters: 0.999997 0.00224236 0.0011056 -0.00224297 0.999997 0.000614127 -0.00110404 -0.000616824 0.999999 -0.0799197 -0.160337 -0.229028
FixedParameters: 0 0 0

#Transform 3
Transform: AffineTransform_float_3_3
Parameters: 0.999997 0.00179089 0.00117096 -0.0017909 0.999998 1.64302e-05 -0.00117095 -1.88042e-05 0.999999 -0.0739423 -0.143986 -0.178996
FixedParameters: 0 0 0

#Transform 4
Transform: AffineTransform_float_3_3
Parameters: 0.999998 0.00179278 0.00109074 -0.00179309 0.999998 0.000505332 -0.00109016 -0.000507482 0.999999 -0.0694129 -0.13991 -0.18555
FixedParameters: 0 0 0

#Transform 5
Transform: AffineTransform_float_3_3
Parameters: 0.999998 0.00183338 0.000559826 -0.00183391 0.999998 0.00112271 -0.000556866 -0.00112432 0.999999 -0.0745763 -0.116097 -0.127319
FixedParameters: 0 0 0

#Transform 6
Transform: AffineTransform_float_3_3
Parameters: 0.999997 0.00206845 0.000711573 -0.00206925 0.999997 0.000889762 -0.000710072 -0.000891428 0.999999 -0.0680398 -0.0993394 -0.11841
FixedParameters: 0 0 0

#Transform 7
Transform: AffineTransform_float_3_3
Parameters: 0.999997 0.00247534 0.00108549 -0.00247728 0.999996 0.00147656 -0.00108159 -0.00147889 0.999998 -0.0839814 -0.0778561 -0.118217
FixedParameters: 0 0 0

#Transform 8
Transform: AffineTransform_float_3_3
Parameters: 0.999998 0.00216027 0.000776694 -0.0021611 0.999997 0.000891523 -0.000775021 -0.000892689 0.999999 -0.0655215 -0.127925 -0.0880762
FixedParameters: 0 0 0

#Transform 9
Transform: AffineTransform_float_3_3
Parameters: 0.999998 0.00171591 0.000791804 -0.00171617 0.999998 0.00018191 -0.000791228 -0.000182806 1 -0.0562628 0.0831341 -0.107145
FixedParameters: 0 0 0

#Transform 10
Transform: AffineTransform_float_3_3
Parameters: 0.999998 0.00146367 0.000650913 -0.00146367 0.999999 0.000702731 -0.000649118 -0.000703715 1 -0.0567032 -0.069111 -0.038573
FixedParameters: 0 0 0

#Transform 11
Transform: AffineTransform_float_3_3
Parameters: 0.999998 0.00173527 0.000730548 -0.00173627 0.999998 0.00100622 -0.000729236 -0.00100747 0.999999 -0.0654986 -0.0530521 -0.0524355
FixedParameters: 0 0 0

#Transform 12
Transform: AffineTransform_float_3_3
Parameters: 0.999998 0.00164098 0.000320049 -0.00164081 0.999998 0.00084354 -0.000318518 -0.000843739 1 -0.0608417 -0.0378587 -0.0319545
FixedParameters: 0 0 0

#Transform 13
Transform: AffineTransform_float_3_3
Parameters: 0.999998 0.00164196 0.000317425 -0.00164192 0.999999 0.000883233 -0.000315735 -0.000883838 1 -0.0658994 0.0496792 -0.0603774
FixedParameters: 0 0 0

#Transform 14
Transform: AffineTransform_float_3_3
Parameters: 0.999998 0.00148646 0.00058674 -0.00148686 0.999998 0.000952504 -0.000585143 -0.000953399 1 -0.0523536 -0.046613 -0.0378031
FixedParameters: 0 0 0

#Transform 15
Transform: AffineTransform_float_3_3
Parameters: 0.999999 0.000489846 0.000564368 -0.000489936 0.999999 0.000923737 -0.000563753 -0.000923868 1 -0.0216411 -0.0504414 -0.061953
FixedParameters: 0 0 0

#Transform 16
Transform: AffineTransform_float_3_3
Parameters: 1 0.00104193 0.000615232 -0.00104182 0.999999 1.58915e-05 -0.000615146 -1.71699e-05 1 -0.0329965 -0.0435286 -0.0665423
FixedParameters: 0 0 0

#Transform 17
Transform: AffineTransform_float_3_3
Parameters: 0.999999 0.000589997 0.000490656 -0.000590183 1 0.000137837 -0.000490544 -0.000137508 1 0.0182342 -0.0574049 -0.0284121
FixedParameters: 0 0 0

#Transform 18
Transform: AffineTransform_float_3_3
Parameters: 1 0.000126043 -1.40223e-05 -0.000125857 0.999999 -0.000729123 1.4812e-05 0.000729198 0.999999 -0.0211279 0.112615 -0.0484624
FixedParameters: 0 0 0

#Transform 19
Transform: AffineTransform_float_3_3
Parameters: 1 -0.000395671 9.52721e-05 0.000395775 1 0.000541196 -9.4727e-05 -0.00054105 1 -6.58465e-05 -0.121287 0.0213011
FixedParameters: 0 0 0

#Transform 20
Transform: AffineTransform_float_3_3
Parameters: 1 -5.76671e-05 6.73109e-05 5.76925e-05 1 -0.000188444 -6.72891e-05 0.000188452 1 -0.0093675 0.00985683 -0.0105734
FixedParameters: 0 0 0

#Transform 21
Transform: AffineTransform_float_3_3
Parameters: 1 -0.000345677 0.000251583 0.000345288 1 0.000950375 -0.000251241 -0.000950543 0.999999 0.0122178 -0.0401409 -0.0106611
FixedParameters: 0 0 0

#Transform 22
Transform: AffineTransform_float_3_3
Parameters: 1 -0.000134761 0.000578295 0.000134992 1 -0.000155709 -0.000578202 0.000154957 1 0.0230772 -0.011231 -0.0698595
FixedParameters: 0 0 0

#Transform 23
Transform: AffineTransform_float_3_3
Parameters: 0.999999 0.000117124 0.000997896 -0.000117252 1 0.000540895 -0.000998059 -0.000540708 1 0.0190264 -0.102283 -0.0680093
FixedParameters: 0 0 0

#Transform 24
Transform: AffineTransform_float_3_3
Parameters: 0.999999 1.19477e-05 0.00101229 -1.23641e-05 1 0.00067606 -0.00101257 -0.000675664 0.999999 0.0214987 -0.0542231 -0.0516183
FixedParameters: 0 0 0

#Transform 25
Transform: AffineTransform_float_3_3
Parameters: 0.999999 0.0001122 0.00101118 -0.000112913 1 0.000344389 -0.00101118 -0.000344207 1 0.0147751 0.0164195 -0.0911907
FixedParameters: 0 0 0

#Transform 26
Transform: AffineTransform_float_3_3
Parameters: 0.999999 -0.000318761 0.000885082 0.000317851 1 0.00110229 -0.000885075 -0.00110164 0.999999 0.0364795 -0.0700389 -0.0223228
FixedParameters: 0 0 0

#Transform 27
Transform: AffineTransform_float_3_3
Parameters: 1 -0.000550009 0.000118866 0.000549936 0.999999 -0.000561106 -0.000119222 0.000561165 1 0.0666369 0.00598876 -0.0126959
FixedParameters: 0 0 0

#Transform 28
Transform: AffineTransform_float_3_3
Parameters: 1 -0.000164399 0.000287731 0.000163694 1 0.000990361 -0.000288107 -0.00099027 1 0.0651673 -0.121647 0.0700697
FixedParameters: 0 0 0

#Transform 29
Transform: AffineTransform_float_3_3
Parameters: 1 -0.000460879 0.000356367 0.000460609 1 0.000379223 -0.000356717 -0.000378894 1 0.0419138 -0.0407702 0.0390797
FixedParameters: 0 0 0

#Transform 30
Transform: AffineTransform_float_3_3
Parameters: 0.999999 0.000228245 0.000767135 -0.000229067 1 0.00107954 -0.000766906 -0.00107989 0.999999 0.0340268 -0.089198 0.0547569
FixedParameters: 0 0 0

#Transform 31
Transform: AffineTransform_float_3_3
Parameters: 1 -0.00042221 0.000519654 0.000421483 0.999999 0.000699146 -0.000520244 -0.000698707 0.999999 0.0182018 0.0409926 0.0284251
FixedParameters: 0 0 0

#Transform 32
Transform: AffineTransform_float_3_3
Parameters: 1 -0.000162242 -8.08725e-05 0.000162262 0.999999 0.00179948 8.01849e-05 -0.00179952 0.999999 0.025758 -0.114281 0.0732087
FixedParameters: 0 0 0

#Transform 33
Transform: AffineTransform_float_3_3
Parameters: 1 -0.000499054 8.60844e-05 0.000498729 1 0.00109473 -8.72285e-05 -0.00109465 1 0.0337548 -0.0153893 0.0649773
FixedParameters: 0 0 0

#Transform 34
Transform: AffineTransform_float_3_3
Parameters: 1 -0.000189192 2.67891e-05 0.00018914 0.999999 0.000971291 -2.71566e-05 -0.000971281 0.999999 0.0292133 -0.0124562 0.0457071
FixedParameters: 0 0 0

#Transform 35
Transform: AffineTransform_float_3_3
Parameters: 1 0.000383823 -0.000213295 -0.000383507 0.999998 0.00185552 0.000213642 -0.00185543 0.999998 0.00884225 -0.0182355 0.0887572
FixedParameters: 0 0 0

#Transform 36
Transform: AffineTransform_float_3_3
Parameters: 1 0.000549078 -0.000150946 -0.000549038 0.999999 0.00126288 0.000151307 -0.00126279 0.999999 0.0019827 0.0628512 0.00400878
FixedParameters: 0 0 0

#Transform 37
Transform: AffineTransform_float_3_3
Parameters: 1 0.000386868 -0.000116297 -0.000386915 0.999999 0.00126943 0.000116254 -0.00126941 0.999999 0.0112226 -0.0275874 -0.00278512
FixedParameters: 0 0 0

#Transform 38
Transform: AffineTransform_float_3_3
Parameters: 1 4.54885e-05 -0.00048406 -4.51898e-05 0.999999 0.00144792 0.000484353 -0.00144789 0.999999 -0.00301828 -0.0884098 -0.00398161
FixedParameters: 0 0 0

#Transform 39
Transform: AffineTransform_float_3_3
Parameters: 0.999999 0.000588307 -0.000768355 -0.00058739 0.999999 0.000596801 0.000769056 -0.000595897 0.999999 0.00462371 0.0657441 -0.0240235
FixedParameters: 0 0 0

#Transform 40
Transform: AffineTransform_float_3_3
Parameters: 0.999999 0.00105382 -0.00118532 -0.00105182 0.999998 0.00146256 0.00118667 -0.00146113 0.999999 -0.000658115 -0.0916664 0.0262153
FixedParameters: 0 0 0

#Transform 41
Transform: AffineTransform_float_3_3
Parameters: 1 0.000575395 -0.00107731 -0.000573533 0.999998 0.00138551 0.00107819 -0.00138526 0.999998 0.0104333 -0.0161661 0.0373537
FixedParameters: 0 0 0

#Transform 42
Transform: AffineTransform_float_3_3
Parameters: 0.999999 0.000333956 -0.000870098 -0.000333418 1 0.000913238 0.00087092 -0.00091358 1 -0.0151888 0.135641 -0.0239192
FixedParameters: 0 0 0

#Transform 43
Transform: AffineTransform_float_3_3
Parameters: 1 0.000461074 -0.0010544 -0.000459162 0.999998 0.00144728 0.00105494 -0.00144689 0.999999 -0.035535 0.00015806 0.098932
FixedParameters: 0 0 0

#Transform 44
Transform: AffineTransform_float_3_3
Parameters: 1 0.00101869 -0.000729878 -0.00101728 0.999997 0.00220262 0.000731602 -0.00220228 0.999998 -0.0227443 -0.0308462 0.0955484
FixedParameters: 0 0 0

#Transform 45
Transform: AffineTransform_float_3_3
Parameters: 0.999999 0.00059346 -0.000514524 -0.000592978 0.999998 0.00186994 0.000515878 -0.00186942 0.999998 -0.0203096 0.0583798 0.0442388
FixedParameters: 0 0 0

#Transform 46
Transform: AffineTransform_float_3_3
Parameters: 0.999999 0.000615851 -0.00057104 -0.000614671 0.999996 0.00271176 0.000572436 -0.00271123 0.999996 -0.0286501 0.00221671 0.0669105
FixedParameters: 0 0 0

#Transform 47
Transform: AffineTransform_float_3_3
Parameters: 1 0.000479666 -0.000464288 -0.000478659 0.999999 0.00145216 0.000464654 -0.00145179 0.999999 -0.0221727 0.113182 0.0455585
FixedParameters: 0 0 0

#Transform 48
Transform: AffineTransform_float_3_3
Parameters: 1 0.000558404 -0.000566084 -0.000557115 0.999996 0.00283188 0.000567302 -0.00283141 0.999996 -0.0123209 -0.0734776 0.119666
FixedParameters: 0 0 0

#Transform 49
Transform: AffineTransform_float_3_3
Parameters: 0.999999 3.17123e-05 -0.000898644 -2.98006e-05 0.999998 0.00186839 0.000897896 -0.00186843 0.999998 -0.0019169 0.00653403 0.0928023
FixedParameters: 0 0 0

#Transform 50
Transform: AffineTransform_float_3_3
Parameters: 0.999999 4.2271e-05 -0.000925188 -3.96699e-05 0.999998 0.00226037 0.000924457 -0.00226039 0.999997 -0.00117256 -0.0568062 0.0948709
FixedParameters: 0 0 0

#Transform 51
Transform: AffineTransform_float_3_3
Parameters: 0.999999 4.08223e-05 -0.000921486 -3.82865e-05 0.999998 0.00220556 0.000920795 -0.00220649 0.999997 -0.00646402 0.0155164 0.109209
FixedParameters: 0 0 0

#Transform 52
Transform: AffineTransform_float_3_3
Parameters: 0.999999 0.000127172 -0.000842756 -0.000125057 0.999998 0.00195804 0.00084341 -0.00195875 0.999998 -0.00763461 0.0145135 0.0802004
FixedParameters: 0 0 0

#Transform 53
Transform: AffineTransform_float_3_3
Parameters: 0.999999 -0.000464627 -0.000858031 0.000466736 0.999998 0.00183058 0.000857409 -0.00183133 0.999998 0.00738533 -0.0343963 0.0726185
FixedParameters: 0 0 0

#Transform 54
Transform: AffineTransform_float_3_3
Parameters: 1 -0.000550313 -0.00104101 0.000550935 0.999999 0.000707481 0.00104042 -0.000708224 0.999999 -0.00161405 0.091274 -0.0627024
FixedParameters: 0 0 0

#Transform 55
Transform: AffineTransform_float_3_3
Parameters: 1 -0.000999675 -0.000682876 0.000999523 1 0.000635814 0.000681767 -0.000636281 1 0.00734627 0.0694027 0.00753569
FixedParameters: 0 0 0

#Transform 56
Transform: AffineTransform_float_3_3
Parameters: 1 -0.000986571 -0.000716457 0.000987368 0.999999 0.00112451 0.000715373 -0.00112495 0.999999 0.0067178 0.00326798 0.0243304
FixedParameters: 0 0 0

#Transform 57
Transform: AffineTransform_float_3_3
Parameters: 1 -0.000983996 -0.000723033 0.000983977 0.999999 0.00122023 0.00072198 -0.00122069 0.999999 0.00753428 0.0317995 0.0458155
FixedParameters: 0 0 0

#Transform 58
Transform: AffineTransform_float_3_3
Parameters: 1 -0.000926223 -0.000492147 0.000926811 0.999998 0.00142515 0.000490642 -0.00142509 0.999999 -0.0117036 0.0670716 0.0439593
FixedParameters: 0 0 0

#Transform 59
Transform: AffineTransform_float_3_3
Parameters: 1 -0.000973806 -0.000749168 0.000974336 0.999998 0.00160025 0.000747397 -0.00160167 0.999999 -0.0114164 0.10244 0.0481795
FixedParameters: 0 0 0

#Transform 60
Transform: AffineTransform_float_3_3
Parameters: 0.999999 -0.00114388 -0.000712909 0.00114425 0.999998 0.00160703 0.000710528 -0.0016077 0.999999 0.0048854 0.0144396 0.0987662
FixedParameters: 0 0 0

#Transform 61
Transform: AffineTransform_float_3_3
Parameters: 0.999999 -0.00147912 -0.000276348 0.00147986 0.999996 0.00216602 0.000273968 -0.00216607 0.999997 0.0237674 -0.0392659 0.109932
FixedParameters: 0 0 0

#Transform 62
Transform: AffineTransform_float_3_3
Parameters: 0.999999 -0.0014582 -0.000597254 0.00145918 0.999996 0.0021936 0.000594045 -0.00219424 0.999998 0.0338831 0.00477463 0.122369
FixedParameters: 0 0 0

#Transform 63
Transform: AffineTransform_float_3_3
Parameters: 0.999999 -0.00136123 -0.00048076 0.00136121 0.999998 0.00188609 0.00047792 -0.00188679 0.999998 0.023288 0.00881248 0.147099
FixedParameters: 0 0 0

#Transform 64
Transform: AffineTransform_float_3_3
Parameters: 0.999999 -0.00126984 -0.000246551 0.00126988 0.999998 0.00155098 0.000244747 -0.00155097 0.999998 0.0159313 0.0102899 0.114056
FixedParameters: 0 0 0

#Transform 65
Transform: AffineTransform_float_3_3
Parameters: 0.999999 -0.0013722 -0.000744432 0.00137364 0.999996 0.00275257 0.000741224 -0.00275387 0.999996 -0.00130116 0.0367455 0.167847
FixedParameters: 0 0 0

#Transform 66
Transform: AffineTransform_float_3_3
Parameters: 0.999999 -0.00127432 -0.000540378 0.00127536 0.999996 0.00261296 0.000536855 -0.00261324 0.999997 0.0129314 0.112999 0.124904
FixedParameters: 0 0 0

#Transform 67
Transform: AffineTransform_float_3_3
Parameters: 0.999998 -0.00150496 -0.000496335 0.00150691 0.999996 0.00269896 0.00049213 -0.00269969 0.999996 0.0231317 -0.0155013 0.130773
FixedParameters: 0 0 0

#Transform 68
Transform: AffineTransform_float_3_3
Parameters: 0.999999 -0.00169092 -0.000678965 0.00169293 0.999995 0.0025256 0.000674659 -0.00252714 0.999996 0.0113789 0.0597119 0.120867
FixedParameters: 0 0 0

#Transform 69
Transform: AffineTransform_float_3_3
Parameters: 0.999998 -0.00150405 -0.00049868 0.00150605 0.999995 0.00273287 0.000494379 -0.00273361 0.999996 0.0237611 -0.0364518 0.162173
FixedParameters: 0 0 0

#Transform 70
Transform: AffineTransform_float_3_3
Parameters: 0.999999 -0.00129776 -0.000444762 0.0012991 0.999997 0.00239636 0.000441543 -0.00239682 0.999997 0.0328954 0.0317167 0.14991
FixedParameters: 0 0 0

#Transform 71
Transform: AffineTransform_float_3_3
Parameters: 0.999999 -0.000998953 -0.00111803 0.00100245 0.999994 0.00334627 0.00111479 -0.00334744 0.999993 0.0299385 -0.000103841 0.199882
FixedParameters: 0 0 0

#Transform 72
Transform: AffineTransform_float_3_3
Parameters: 1 -0.000915612 -0.00063479 0.000917227 0.999996 0.00288988 0.000631734 -0.00289135 0.999995 0.031037 0.0311125 0.193681
FixedParameters: 0 0 0

#Transform 73
Transform: AffineTransform_float_3_3
Parameters: 0.999999 -0.000564911 -0.000883707 0.000567061 0.999997 0.00245597 0.00088212 -0.00245602 0.999996 0.0313685 0.0800501 0.188393
FixedParameters: 0 0 0

#Transform 74
Transform: AffineTransform_float_3_3
Parameters: 0.999999 -0.000787108 -0.00112914 0.000789634 0.999996 0.00291503 0.00112708 -0.00291581 0.999995 0.0246905 0.0216632 0.187208
FixedParameters: 0 0 0

#Transform 75
Transform: AffineTransform_float_3_3
Parameters: 0.999999 -0.00121506 -0.000794442 0.0012182 0.999992 0.00378816 0.000790315 -0.00378889 0.999993 0.0497674 0.0548152 0.178839
FixedParameters: 0 0 0

#Transform 76
Transform: AffineTransform_float_3_3
Parameters: 0.999999 -0.000942355 -0.000890802 0.00094501 0.999994 0.00310878 0.000888235 -0.00310938 0.999994 0.0346447 0.102384 0.136919
FixedParameters: 0 0 0

#Transform 77
Transform: AffineTransform_float_3_3
Parameters: 0.999999 -0.00127293 -0.000968315 0.00127588 0.999993 0.00357402 0.000963538 -0.00357445 0.999993 0.0550066 0.0454891 0.176664
FixedParameters: 0 0 0

#Transform 78
Transform: AffineTransform_float_3_3
Parameters: 0.999999 -0.00115476 -0.00101141 0.0011584 0.999995 0.00319111 0.00100825 -0.0031923 0.999995 0.0461739 0.0542555 0.167653
FixedParameters: 0 0 0

#Transform 79
Transform: AffineTransform_float_3_3
Parameters: 0.999999 -0.000860608 -0.00110039 0.000863808 0.999994 0.00336104 0.00109708 -0.00336194 0.999993 0.0307806 0.0553925 0.169945
FixedParameters: 0 0 0

#Transform 80
Transform: AffineTransform_float_3_3
Parameters: 0.999999 -0.00118944 -0.000892007 0.00119331 0.999992 0.00396508 0.000886702 -0.00396648 0.999991 0.0324099 0.0762258 0.212463
FixedParameters: 0 0 0

#Transform 81
Transform: AffineTransform_float_3_3
Parameters: 0.999999 -0.00129467 -0.00141998 0.00130042 0.999989 0.00452104 0.00141403 -0.00452265 0.999988 0.0260642 0.0955627 0.22404
FixedParameters: 0 0 0

#Transform 82
Transform: AffineTransform_float_3_3
Parameters: 0.999998 -0.00101554 -0.0017038 0.00102395 0.999987 0.00496309 0.00169858 -0.00496508 0.999986 0.00808435 0.049251 0.242057
FixedParameters: 0 0 0

#Transform 83
Transform: AffineTransform_float_3_3
Parameters: 0.999997 -0.00134864 -0.00186559 0.00135733 0.999989 0.00449183 0.00185935 -0.0044944 0.999988 0.0206829 0.0764945 0.239515
FixedParameters: 0 0 0

#Transform 84
Transform: AffineTransform_float_3_3
Parameters: 0.999998 -0.00156686 -0.00142529 0.00157139 0.999992 0.00354699 0.00141986 -0.00354896 0.999993 0.00946011 0.171773 0.21515
FixedParameters: 0 0 0

#Transform 85
Transform: AffineTransform_float_3_3
Parameters: 0.999998 -0.000800897 -0.0016525 0.00080838 0.999989 0.00456123 0.00164892 -0.00456247 0.999988 0.00339219 0.0441275 0.261927
FixedParameters: 0 0 0

#Transform 86
Transform: AffineTransform_float_3_3
Parameters: 0.999996 -0.0019929 -0.00173733 0.0019983 0.999993 0.00303943 0.00173192 -0.00304286 0.999994 0.055224 0.141708 0.204301
FixedParameters: 0 0 0

#Transform 87
Transform: AffineTransform_float_3_3
Parameters: 0.999998 -0.00160801 -0.00146158 0.00161371 0.999989 0.00425724 0.00145467 -0.0042598 0.99999 0.0362049 0.154057 0.212552
FixedParameters: 0 0 0

#Transform 88
Transform: AffineTransform_float_3_3
Parameters: 0.999998 -0.00173088 -0.00118552 0.00173632 0.999988 0.00472451 0.00117761 -0.00472674 0.999988 0.0413761 0.073871 0.267425
FixedParameters: 0 0 0

#Transform 89
Transform: AffineTransform_float_3_3
Parameters: 0.999998 -0.00125974 -0.00103563 0.00126532 0.999988 0.00472326 0.00102977 -0.00472461 0.999989 0.030721 0.0773304 0.283611
FixedParameters: 0 0 0

#Transform 90
Transform: AffineTransform_float_3_3
Parameters: 0.999997 -0.00167614 -0.00158404 0.00168548 0.999984 0.00550888 0.00157505 -0.00551096 0.999984 0.0368717 0.137481 0.309565
FixedParameters: 0 0 0

#Transform 91
Transform: AffineTransform_float_3_3
Parameters: 0.999996 -0.00218687 -0.00139566 0.00219201 0.999989 0.00400125 0.00138795 -0.00400449 0.999991 0.0480475 0.11488 0.280162
FixedParameters: 0 0 0

#Transform 92
Transform: AffineTransform_float_3_3
Parameters: 0.999993 -0.00289711 -0.00223138 0.00290566 0.999988 0.00385069 0.00222032 -0.00385757 0.99999 0.0745352 -0.00164134 0.267935
FixedParameters: 0 0 0

#Transform 93
Transform: AffineTransform_float_3_3
Parameters: 0.999995 -0.00259701 -0.00197672 0.002607 0.999984 0.00504353 0.00196373 -0.00504896 0.999985 0.0558445 0.168994 0.258336
FixedParameters: 0 0 0

#Transform 94
Transform: AffineTransform_float_3_3
Parameters: 0.999995 -0.00217356 -0.00207888 0.00218485 0.999984 0.0052361 0.00206723 -0.00524054 0.999985 0.0146083 0.247072 0.353725
FixedParameters: 0 0 0

#Transform 95
Transform: AffineTransform_float_3_3
Parameters: 0.999995 -0.00182482 -0.00215985 0.00183598 0.999984 0.00534734 0.0021497 -0.0053517 0.999983 0.0185432 0.0967378 0.34412
FixedParameters: 0 0 0

#Transform 96
Transform: AffineTransform_float_3_3
Parameters: 0.999995 -0.00187454 -0.00243109 0.00188738 0.999983 0.00551032 0.00242009 -0.00551462 0.999982 0.0296248 0.0946509 0.377782
FixedParameters: 0 0 0

#Transform 97
Transform: AffineTransform_float_3_3
Parameters: 0.999996 -0.00178481 -0.00200732 0.00179593 0.999983 0.00553748 0.00199666 -0.00554112 0.999983 0.0237053 0.212127 0.368559
FixedParameters: 0 0 0

#Transform 98
Transform: AffineTransform_float_3_3
Parameters: 0.999995 -0.00223654 -0.00232901 0.00225292 0.999971 0.0071765 0.00231251 -0.00718124 0.999971 0.0329851 0.116663 0.53161
FixedParameters: 0 0 0

#Transform 99
Transform: AffineTransform_float_3_3
Parameters: 0.999997 -0.00187848 -0.00175457 0.00188726 0.999984 0.00528942 0.00174471 -0.00529279 0.999985 0.0385357 0.187416 0.376922
FixedParameters: 0 0 0

#Transform 100
Transform: AffineTransform_float_3_3
Parameters: 0.999998 -0.00154525 -0.00182792 0.0015557 0.999984 0.00533354 0.0018193 -0.00533661 0.999984 0.0355932 0.180565 0.347583
FixedParameters: 0 0 0

#Transform 101
Transform: AffineTransform_float_3_3
Parameters: 0.999996 -0.00148108 -0.00240224 0.00149456 0.999982 0.00579471 0.00239371 -0.005798 0.99998 0.0350298 0.102232 0.393014
FixedParameters: 0 0 0

#Transform 102
Transform: AffineTransform_float_3_3
Parameters: 0.999995 -0.00171431 -0.00256619 0.00172803 0.999983 0.00563651 0.00255575 -0.00564149 0.999981 0.0231351 0.181702 0.361633
FixedParameters: 0 0 0

#Transform 103
Transform: AffineTransform_float_3_3
Parameters: 0.999996 -0.00166252 -0.00236978 0.0016762 0.999982 0.00588753 0.00235976 -0.0058906 0.99998 0.0231938 0.112736 0.417891
FixedParameters: 0 0 0

#Transform 104
Transform: AffineTransform_float_3_3
Parameters: 0.999995 -0.00164167 -0.00265646 0.00166152 0.999968 0.00775634 0.00264306 -0.00776116 0.999966 0.0180342 0.219183 0.678173
FixedParameters: 0 0 0

#Transform 105
Transform: AffineTransform_float_3_3
Parameters: 0.999994 -0.00166444 -0.00274822 0.00167847 0.999986 0.00504532 0.00274024 -0.00505022 0.999983 0.0508307 0.0151608 0.299947
FixedParameters: 0 0 0

#Transform 106
Transform: AffineTransform_float_3_3
Parameters: 0.999995 -0.00176845 -0.00258261 0.00177994 0.999988 0.00446164 0.00257442 -0.00446657 0.999987 0.0581842 0.149058 0.25502
FixedParameters: 0 0 0

#Transform 107
Transform: AffineTransform_float_3_3
Parameters: 0.999995 -0.00178266 -0.00253044 0.00179174 0.999991 0.00388073 0.00252315 -0.00388509 0.999989 0.0465516 0.127469 0.207002
FixedParameters: 0 0 0

#Transform 108
Transform: AffineTransform_float_3_3
Parameters: 0.999996 -0.00184084 -0.00235967 0.0018538 0.999985 0.00525759 0.00234967 -0.00526185 0.999983 0.048099 0.0965044 0.250594
FixedParameters: 0 0 0

#Transform 109
Transform: AffineTransform_float_3_3
Parameters: 0.999995 -0.00179151 -0.00274573 0.00180396 0.999988 0.00472054 0.0027377 -0.00472521 0.999985 0.0218114 0.186556 0.335684
FixedParameters: 0 0 0

#Transform 110
Transform: AffineTransform_float_3_3
Parameters: 0.999994 -0.00198498 -0.00285259 0.00199697 0.999989 0.00429244 0.0028433 -0.00429774 0.999986 0.0224327 0.142074 0.296631
FixedParameters: 0 0 0

#Transform 111
Transform: AffineTransform_float_3_3
Parameters: 0.999994 -0.00230256 -0.0025601 0.00231324 0.999988 0.004252 0.00255009 -0.00425802 0.999988 0.0316755 0.130598 0.33932
FixedParameters: 0 0 0

#Transform 112
Transform: AffineTransform_float_3_3
Parameters: 0.999995 -0.00215592 -0.00217814 0.00216561 0.999988 0.00434325 0.00216864 -0.00434817 0.999988 0.0241507 0.190945 0.346389
FixedParameters: 0 0 0

#Transform 113
Transform: AffineTransform_float_3_3
Parameters: 0.999995 -0.0022357 -0.00226702 0.00224514 0.999988 0.00454046 0.00225723 -0.00454516 0.999987 0.030001 0.129543 0.344733
FixedParameters: 0 0 0

#Transform 114
Transform: AffineTransform_float_3_3
Parameters: 0.999995 -0.00219071 -0.0022636 0.0021996 0.99999 0.003953 0.00225556 -0.00395752 0.999989 0.0133683 0.201726 0.317479
FixedParameters: 0 0 0

#Transform 115
Transform: AffineTransform_float_3_3
Parameters: 0.999995 -0.00215536 -0.00227055 0.00216582 0.999986 0.00480908 0.00226027 -0.00481435 0.999986 0.0247501 0.0593514 0.347543
FixedParameters: 0 0 0

#Transform 116
Transform: AffineTransform_float_3_3
Parameters: 0.999995 -0.00209661 -0.00214029 0.00210895 0.999982 0.00554179 0.00212929 -0.00554612 0.999982 0.0173061 0.164023 0.429743
FixedParameters: 0 0 0

#Transform 117
Transform: AffineTransform_float_3_3
Parameters: 0.999996 -0.0014806 -0.00244964 0.00149243 0.999988 0.00463131 0.00244241 -0.00463574 0.999986 -0.00390404 0.209787 0.395585
FixedParameters: 0 0 0

#Transform 118
Transform: AffineTransform_float_3_3
Parameters: 0.999995 -0.00205478 -0.00250894 0.00207083 0.999979 0.00614094 0.00249627 -0.00614534 0.999978 0.00345903 0.135801 0.456631
FixedParameters: 0 0 0

#Transform 119
Transform: AffineTransform_float_3_3
Parameters: 0.999995 -0.00205334 -0.00222452 0.00206417 0.999986 0.004792 0.00221409 -0.00479627 0.999986 -0.00363912 0.226114 0.418114
FixedParameters: 0 0 0

#Transform 120
Transform: AffineTransform_float_3_3
Parameters: 0.999994 -0.00243445 -0.00253503 0.00244701 0.999984 0.00505012 0.0025222 -0.00505657 0.999984 0.0158217 0.166689 0.412928
FixedParameters: 0 0 0

#Transform 121
Transform: AffineTransform_float_3_3
Parameters: 0.999994 -0.00261909 -0.00235726 0.00263161 0.999984 0.00493344 0.00234473 -0.00493923 0.999985 0.0139648 0.135607 0.43688
FixedParameters: 0 0 0

#Transform 122
Transform: AffineTransform_float_3_3
Parameters: 0.999993 -0.00270514 -0.00262874 0.0027169 0.999987 0.00426269 0.00261713 -0.00426917 0.999988 0.0149218 0.171167 0.338439
FixedParameters: 0 0 0

#Transform 123
Transform: AffineTransform_float_3_3
Parameters: 0.999992 -0.00323617 -0.00243951 0.00324823 0.999984 0.00477767 0.00242408 -0.00478534 0.999986 0.0432923 0.146946 0.446347
FixedParameters: 0 0 0

#Transform 124
Transform: AffineTransform_float_3_3
Parameters: 0.999992 -0.00323232 -0.00217939 0.00324424 0.999981 0.00533342 0.00216227 -0.00534057 0.999984 0.0506129 0.0973957 0.465201
FixedParameters: 0 0 0

#Transform 125
Transform: AffineTransform_float_3_3
Parameters: 0.999994 -0.00281555 -0.00183929 0.0028258 0.999979 0.0057415 0.00182309 -0.00574681 0.999982 0.0427686 0.138515 0.376425
FixedParameters: 0 0 0

#Transform 126
Transform: AffineTransform_float_3_3
Parameters: 0.999993 -0.00306633 -0.00188276 0.00307469 0.999984 0.00475072 0.00186787 -0.00475642 0.999987 0.0470835 0.187989 0.416571
FixedParameters: 0 0 0

#Transform 127
Transform: AffineTransform_float_3_3
Parameters: 0.999993 -0.00282502 -0.00246544 0.00283325 0.999991 0.00320683 0.0024565 -0.00321352 0.999991 0.0228218 0.160989 0.178666
FixedParameters: 0 0 0

#Transform 128
Transform: AffineTransform_float_3_3
Parameters: 0.999991 -0.00341175 -0.00250725 0.0034256 0.999978 0.00555723 0.00248815 -0.00556513 0.999981 0.0518772 0.202819 0.382184
FixedParameters: 0 0 0

#Transform 129
Transform: AffineTransform_float_3_3
Parameters: 0.999992 -0.00294305 -0.00257921 0.00295505 0.999985 0.00454942 0.00256601 -0.00455713 0.999987 0.0104061 0.233084 0.364143
FixedParameters: 0 0 0

#Transform 130
Transform: AffineTransform_float_3_3
Parameters: 0.999993 -0.00256554 -0.00257348 0.00257901 0.999981 0.00553886 0.00255898 -0.00554515 0.999982 0.0130218 0.0885147 0.404843
FixedParameters: 0 0 0

#Transform 131
Transform: AffineTransform_float_3_3
Parameters: 0.999993 -0.00302656 -0.0022105 0.00303963 0.99998 0.00558401 0.00219308 -0.00559144 0.999982 0.0220919 0.192931 0.421458
FixedParameters: 0 0 0

#Transform 132
Transform: AffineTransform_float_3_3
Parameters: 0.999993 -0.00302873 -0.00220956 0.00304161 0.99998 0.00552913 0.00219237 -0.00553525 0.999983 0.0365711 0.156727 0.399896
FixedParameters: 0 0 0

#Transform 133
Transform: AffineTransform_float_3_3
Parameters: 0.999992 -0.00279235 -0.00281595 0.00280911 0.999978 0.00597741 0.00279867 -0.0059852 0.999978 0.0190981 0.200274 0.401233
FixedParameters: 0 0 0

#Transform 134
Transform: AffineTransform_float_3_3
Parameters: 0.999992 -0.00282812 -0.00287262 0.00284598 0.999978 0.00598931 0.00285587 -0.00599755 0.999978 0.0222639 0.234014 0.397367
FixedParameters: 0 0 0

#Transform 135
Transform: AffineTransform_float_3_3
Parameters: 0.999993 -0.00242283 -0.00278369 0.00244229 0.999973 0.00684543 0.00276654 -0.00685194 0.999973 0.011064 0.193818 0.434288
FixedParameters: 0 0 0

#Transform 136
Transform: AffineTransform_float_3_3
Parameters: 0.999993 -0.00207658 -0.00315585 0.0020982 0.999974 0.00689991 0.00314179 -0.00690632 0.999972 0.000102974 0.242913 0.493649
FixedParameters: 0 0 0

#Transform 137
Transform: AffineTransform_float_3_3
Parameters: 0.999995 -0.00206281 -0.00240776 0.00207727 0.999979 0.00605797 0.00239539 -0.0060629 0.999979 0.00334528 0.253291 0.456367
FixedParameters: 0 0 0

#Transform 138
Transform: AffineTransform_float_3_3
Parameters: 0.999995 -0.0016541 -0.00262551 0.00167251 0.999974 0.0070829 0.00261396 -0.00708673 0.999971 -0.0162791 0.227695 0.499873
FixedParameters: 0 0 0

#Transform 139
Transform: AffineTransform_float_3_3
Parameters: 0.999993 -0.00221935 -0.00297039 0.00223754 0.999979 0.00621302 0.00295608 -0.00621902 0.999977 -0.0104633 0.280344 0.436061
FixedParameters: 0 0 0

#Transform 140
Transform: AffineTransform_float_3_3
Parameters: 0.999994 -0.00174208 -0.00305337 0.00176289 0.999973 0.00709857 0.00304132 -0.00710399 0.99997 -0.024451 0.231916 0.446644
FixedParameters: 0 0 0

#Transform 141
Transform: AffineTransform_float_3_3
Parameters: 0.999992 -0.00163386 -0.00348211 0.00165879 0.999974 0.00697848 0.00347018 -0.00698399 0.999969 -0.0242977 0.260677 0.516817
FixedParameters: 0 0 0

#Transform 142
Transform: AffineTransform_float_3_3
Parameters: 0.999994 -0.00133279 -0.00344559 0.00135605 0.999976 0.00684172 0.00343641 -0.00684609 0.999971 -0.0387363 0.23196 0.47709
FixedParameters: 0 0 0

#Transform 143
Transform: AffineTransform_float_3_3
Parameters: 0.999991 -0.00169618 -0.00377483 0.00172321 0.999973 0.00710317 0.00376215 -0.00710975 0.999968 -0.0230912 0.231268 0.495562
FixedParameters: 0 0 0

#Transform 144
Transform: AffineTransform_float_3_3
Parameters: 0.999993 -0.0012888 -0.00348614 0.00131567 0.99997 0.00766517 0.00347642 -0.00766933 0.999965 -0.0533242 0.275232 0.549463
FixedParameters: 0 0 0

#Transform 145
Transform: AffineTransform_float_3_3
Parameters: 0.999993 -0.00171686 -0.00327586 0.00174099 0.999972 0.00732743 0.00326247 -0.00733315 0.999968 -0.0413879 0.200266 0.566749
FixedParameters: 0 0 0

#Transform 146
Transform: AffineTransform_float_3_3
Parameters: 0.999996 -0.000942983 -0.00265056 0.00096396 0.999965 0.00822062 0.00264304 -0.00822343 0.999963 -0.0349827 0.26068 0.6166
FixedParameters: 0 0 0

#Transform 147
Transform: AffineTransform_float_3_3
Parameters: 0.999995 -0.000975605 -0.00280998 0.000998217 0.999965 0.00822745 0.00280206 -0.00822985 0.999962 -0.0390872 0.260666 0.599065
FixedParameters: 0 0 0

#Transform 148
Transform: AffineTransform_float_3_3
Parameters: 0.999997 -0.00131681 -0.0023782 0.00133754 0.999959 0.00891998 0.00236607 -0.00892327 0.999958 -0.0125554 0.276749 0.587934
FixedParameters: 0 0 0

#Transform 149
Transform: AffineTransform_float_3_3
Parameters: 0.999995 -0.00138763 -0.00308358 0.00141253 0.999965 0.0082005 0.00307251 -0.00820539 0.999962 -0.0197233 0.283713 0.625375
FixedParameters: 0 0 0
