# transform file /out/sourcedata/freesurfer/sub-v1s17x0051133_ses-1/mri/transforms/cc_up.lta
# created by oesteban on Thu Mar 12 13:04:36 2026

type      = 0 # LINEAR_VOX_TO_VOX
nxforms   = 1
mean      = 129.0000 107.0000 105.0000
sigma     = 10000.0000
1 4 4
9.985944032669067e-01 2.297670021653175e-02 4.776510223746300e-02 -8.177094459533691e+00 
-2.295046113431454e-02 9.997360706329346e-01 -1.097774133086205e-03 4.310649490356445e+01 
-4.777771607041359e-02 0.000000000000000e+00 9.988580942153931e-01 2.929860496520996e+01 
0.000000000000000e+00 0.000000000000000e+00 0.000000000000000e+00 1.000000000000000e+00 
src volume info
valid = 1  # volume info valid
filename = /out/sourcedata/freesurfer/sub-v1s17x0051133_ses-1/mri/norm.mgz
volume = 256 256 256
voxelsize = 1.000000000000000e+00 1.000000000000000e+00 1.000000000000000e+00
xras   = -1.000000119209290e+00 3.055902197957039e-10 0.000000000000000e+00
yras   = 0.000000000000000e+00 9.313225746154785e-10 -1.000000119209290e+00
zras   = 1.564330887049437e-09 1.000000119209290e+00 0.000000000000000e+00
cras   = -2.689132690429688e-01 7.167541503906250e+00 -1.140251159667969e+01
dst volume info
valid = 1  # volume info valid
filename = /out/sourcedata/freesurfer/sub-v1s17x0051133_ses-1/mri/norm.mgz
volume = 256 256 256
voxelsize = 1.000000000000000e+00 1.000000000000000e+00 1.000000000000000e+00
xras   = -1.000000119209290e+00 3.055902197957039e-10 0.000000000000000e+00
yras   = 0.000000000000000e+00 9.313225746154785e-10 -1.000000119209290e+00
zras   = 1.564330887049437e-09 1.000000119209290e+00 0.000000000000000e+00
cras   = -2.689132690429688e-01 7.167541503906250e+00 -1.140251159667969e+01
