type      = 0 # LINEAR_VOX_TO_VOX
nxforms   = 1
mean      = 0.0000 0.0000 0.0000
sigma     = 1.0000
1 4 4
1.033316135406494e+00 1.354900188744068e-02 3.870500251650810e-02 -1.101510620117188e+01 
-1.191100198775530e-02 1.013289093971252e+00 -4.028300195932388e-02 1.815447235107422e+01 
-4.587700217962265e-02 -2.256100066006184e-02 1.009737133979797e+00 1.117091369628906e+01 
0.000000000000000e+00 0.000000000000000e+00 0.000000000000000e+00 1.000000000000000e+00 
src volume info
valid = 1  # volume info valid
filename = /out/sourcedata/freesurfer/sub-v1s17x0051133_ses-1/mri/orig.mgz
volume = 256 256 256
voxelsize = 1.000000000000000e+00 1.000000000000000e+00 1.000000000000000e+00
xras   = -1.000000119209290e+00 3.055902197957039e-10 0.000000000000000e+00
yras   = 0.000000000000000e+00 9.313225746154785e-10 -1.000000119209290e+00
zras   = 1.564330887049437e-09 1.000000119209290e+00 0.000000000000000e+00
cras   = -2.689132690429688e-01 7.167541503906250e+00 -1.140251159667969e+01
dst volume info
valid = 1  # volume info valid
filename = /opt/freesurfer/average/mni305.cor.mgz
volume = 256 256 256
voxelsize = 1.000000000000000e+00 1.000000000000000e+00 1.000000000000000e+00
xras   = -1.000000000000000e+00 0.000000000000000e+00 0.000000000000000e+00
yras   = 0.000000000000000e+00 0.000000000000000e+00 -1.000000000000000e+00
zras   = 0.000000000000000e+00 1.000000000000000e+00 0.000000000000000e+00
cras   = 0.000000000000000e+00 0.000000000000000e+00 0.000000000000000e+00
subject fsaverage
fscale 0.100000
