type      = 1 # LINEAR_RAS_TO_RAS
nxforms   = 1
mean      = 0.0000 0.0000 0.0000
sigma     = 1.0000
1 4 4
1.033316016197205e+00 -3.870499879121780e-02 1.354900002479553e-02 7.719269990921021e-01 
4.587699845433235e-02 1.009737014770508e+00 2.256100066006184e-02 -3.310539007186890e+00 
-1.191100012511015e-02 4.028299823403358e-02 1.013288974761963e+00 -1.912536978721619e+00 
0.000000000000000e+00 0.000000000000000e+00 0.000000000000000e+00 1.000000000000000e+00 
src volume info
valid = 1  # volume info valid
filename = /out/sourcedata/freesurfer/sub-v1s17x0051133_ses-1/mri/orig_nu.mgz
volume = 256 256 256
voxelsize = 1.000000000000000e+00 1.000000000000000e+00 1.000000000000000e+00
xras   = -1.000000119209290e+00 3.055902197957039e-10 0.000000000000000e+00
yras   = 0.000000000000000e+00 9.313225746154785e-10 -1.000000119209290e+00
zras   = 1.564330887049437e-09 1.000000119209290e+00 0.000000000000000e+00
cras   = -2.689132690429688e-01 7.167541503906250e+00 -1.140251159667969e+01
dst volume info
valid = 1  # volume info valid
filename = /opt/freesurfer/average/mni305.cor.mgz
volume = 256 256 256
voxelsize = 1.000000000000000e+00 1.000000000000000e+00 1.000000000000000e+00
xras   = -1.000000000000000e+00 0.000000000000000e+00 0.000000000000000e+00
yras   = 0.000000000000000e+00 0.000000000000000e+00 -1.000000000000000e+00
zras   = 0.000000000000000e+00 1.000000000000000e+00 0.000000000000000e+00
cras   = 0.000000000000000e+00 0.000000000000000e+00 0.000000000000000e+00
subject fsaverage
fscale 0.100000
