# transform file transforms/talairach.lta
# created by oesteban on Thu Mar 12 12:01:24 2026

type      = 0 # LINEAR_VOX_TO_VOX
nxforms   = 1
mean      = 129.0000 108.0000 105.0000
sigma     = 10000.0000
1 4 4
9.826145768165588e-01 1.415834203362465e-02 7.092852145433426e-02 -7.768072128295898e+00 
1.421633933205158e-04 1.061443686485291e+00 -1.997980102896690e-02 1.087009811401367e+01 
-6.064038351178169e-02 2.651401422917843e-02 9.600052237510681e-01 1.497706127166748e+01 
0.000000000000000e+00 0.000000000000000e+00 0.000000000000000e+00 1.000000000000000e+00 
src volume info
valid = 1  # volume info valid
filename = nu.mgz
volume = 256 256 256
voxelsize = 1.000000000000000e+00 1.000000000000000e+00 1.000000000000000e+00
xras   = -1.000000119209290e+00 3.055902197957039e-10 0.000000000000000e+00
yras   = 0.000000000000000e+00 9.313225746154785e-10 -1.000000119209290e+00
zras   = 1.564330887049437e-09 1.000000119209290e+00 0.000000000000000e+00
cras   = -2.689132690429688e-01 7.167541503906250e+00 -1.140251159667969e+01
dst volume info
valid = 1  # volume info valid
filename = /opt/freesurfer/average/RB_all_2020-01-02.gca
volume = 256 256 256
voxelsize = 1.000000000000000e+00 1.000000000000000e+00 1.000000000000000e+00
xras   = -1.000000000000000e+00 0.000000000000000e+00 0.000000000000000e+00
yras   = 0.000000000000000e+00 0.000000000000000e+00 -1.000000000000000e+00
zras   = 0.000000000000000e+00 1.000000000000000e+00 0.000000000000000e+00
cras   = 0.000000000000000e+00 0.000000000000000e+00 0.000000000000000e+00
