#Insight Transform File V1.0
#Transform 0
Transform: AffineTransform_float_3_3
Parameters: 0.999999 0.000743066 -0.000152972 -0.000743023 0.999999 0.000138017 0.000153177 -0.000137789 1 -0.0347692 -0.163624 0.0406776
FixedParameters: 0 0 0

#Transform 1
Transform: AffineTransform_float_3_3
Parameters: 0.999999 0.00067238 -0.000320193 -0.000672512 1 -0.000755359 0.000320118 0.000755327 0.999999 -0.0425664 -0.0784794 -0.0174119
FixedParameters: 0 0 0

#Transform 2
Transform: AffineTransform_float_3_3
Parameters: 0.999999 0.000708658 -0.000241269 -0.000708782 0.999999 -0.000256174 0.000240906 0.000256516 1 -0.0368352 -0.121183 0.0236161
FixedParameters: 0 0 0

#Transform 3
Transform: AffineTransform_float_3_3
Parameters: 1 0.000219227 -0.000699754 -0.000219112 1 -0.000609316 0.000699277 0.000609685 0.999999 -0.0222792 -0.0808934 -0.00860221
FixedParameters: 0 0 0

#Transform 4
Transform: AffineTransform_float_3_3
Parameters: 1 0.000168834 -0.000653173 -0.000169184 1 -0.000267563 0.000653082 0.000267783 1 -0.00398697 -0.0938073 0.0135168
FixedParameters: 0 0 0

#Transform 5
Transform: AffineTransform_float_3_3
Parameters: 1 0.000417883 -0.000139963 -0.000418074 0.999999 -0.000681881 0.000139393 0.000681997 1 -0.0120733 -0.00947383 -0.0299978
FixedParameters: 0 0 0

#Transform 6
Transform: AffineTransform_float_3_3
Parameters: 1 0.000356107 0.000150661 -0.000356118 1 -3.11325e-05 -0.000150609 3.19298e-05 1 -0.0161267 -0.0963833 0.0182531
FixedParameters: 0 0 0

#Transform 7
Transform: AffineTransform_float_3_3
Parameters: 1 0.000281741 -9.95552e-05 -0.000281848 1 -0.000533959 9.92543e-05 0.000534015 1 -0.00804662 -0.0468124 -0.0186324
FixedParameters: 0 0 0

#Transform 8
Transform: AffineTransform_float_3_3
Parameters: 1 5.64333e-06 0.00046302 -5.70305e-06 1 6.44789e-05 -0.000463019 -6.44841e-05 1 -0.00957563 -0.0829006 0.00270141
FixedParameters: 0 0 0

#Transform 9
Transform: AffineTransform_float_3_3
Parameters: 1 0.000260978 0.00012989 -0.000260961 1 -6.8136e-05 -0.000129925 6.80682e-05 1 -0.0208528 -0.0372046 0.00537211
FixedParameters: 0 0 0

#Transform 10
Transform: AffineTransform_float_3_3
Parameters: 1 -1.45106e-05 0.000408882 1.46373e-05 1 -0.000154948 -0.000408878 0.00015496 1 0.0184411 -0.0535655 -0.00743701
FixedParameters: 0 0 0

#Transform 11
Transform: AffineTransform_float_3_3
Parameters: 0.999999 6.01365e-05 0.000711583 -6.02048e-05 1 4.79082e-05 -0.000711578 -4.79938e-05 0.999999 -0.00789618 -0.0835629 0.0257082
FixedParameters: 0 0 0

#Transform 12
Transform: AffineTransform_float_3_3
Parameters: 1 3.20734e-06 0.000560446 -2.55149e-06 1 -0.000585123 -0.000560449 0.00058512 0.999999 -0.012065 0.00591744 -0.0298615
FixedParameters: 0 0 0

#Transform 13
Transform: AffineTransform_float_3_3
Parameters: 1 3.18203e-05 0.00059433 -3.18026e-05 1 -1.48789e-05 -0.000594331 1.48411e-05 1 -0.0148113 -0.0835485 0.0246033
FixedParameters: 0 0 0

#Transform 14
Transform: AffineTransform_float_3_3
Parameters: 1 0.000136826 0.000531861 -0.000136308 1 -0.000486969 -0.000531994 0.000486823 0.999999 -0.0097308 0.033712 -0.033934
FixedParameters: 0 0 0

#Transform 15
Transform: AffineTransform_float_3_3
Parameters: 1 -0.000178891 0.000145332 0.000178787 1 0.000356542 -0.000145459 -0.00035649 1 0.030399 -0.0338892 -0.00192883
FixedParameters: 0 0 0

#Transform 16
Transform: AffineTransform_float_3_3
Parameters: 0.999999 -0.000256512 0.000672557 0.000256263 1 0.000199952 -0.000672735 -0.000200511 1 0.0163531 -0.0319073 -0.00468193
FixedParameters: 0 0 0

#Transform 17
Transform: AffineTransform_float_3_3
Parameters: 1 0.000404147 8.80155e-05 -0.000404168 1 0.000116666 -8.79212e-05 -0.000116737 1 -0.00573965 0.0305915 0.00197595
FixedParameters: 0 0 0

#Transform 18
Transform: AffineTransform_float_3_3
Parameters: 1 6.28328e-05 0.000107372 -6.36538e-05 1 -0.000682667 -0.000107249 0.000682592 1 -0.00136759 0.0788141 -0.0328504
FixedParameters: 0 0 0

#Transform 19
Transform: AffineTransform_float_3_3
Parameters: 1 7.07253e-05 -3.6099e-05 -7.06981e-05 1 0.00037671 3.61522e-05 -0.000376705 1 -0.0199446 0.031328 0.0125381
FixedParameters: 0 0 0

#Transform 20
Transform: AffineTransform_float_3_3
Parameters: 1 0.000196322 0.000144349 -0.000196396 1 0.000255268 -0.000144249 -0.000255324 1 -0.0117471 0.0015339 0.00367984
FixedParameters: 0 0 0

#Transform 21
Transform: AffineTransform_float_3_3
Parameters: 1 -8.26703e-05 -0.000635808 8.24622e-05 1 -0.00016371 0.000635835 0.000163605 1 0.0382784 0.0598148 -0.0347864
FixedParameters: 0 0 0

#Transform 22
Transform: AffineTransform_float_3_3
Parameters: 1 4.28416e-05 -0.000201467 -4.35641e-05 1 0.00060758 0.000201729 -0.000607625 1 0.0242127 -0.0400305 0.013847
FixedParameters: 0 0 0

#Transform 23
Transform: AffineTransform_float_3_3
Parameters: 1 0.000182761 0.000114055 -0.000182877 1 0.000510532 -0.000113869 -0.000510574 1 0.0210556 0.00433439 0.000557013
FixedParameters: 0 0 0

#Transform 24
Transform: AffineTransform_float_3_3
Parameters: 1 -0.000211821 -0.000227526 0.000211742 1 -0.000174386 0.0002276 0.00017429 1 0.0448096 0.0139756 -0.0420587
FixedParameters: 0 0 0

#Transform 25
Transform: AffineTransform_float_3_3
Parameters: 1 0.000122624 0.000191441 -0.000122784 1 0.000417702 -0.000191339 -0.000417749 1 0.0166577 -0.0580805 0.0227054
FixedParameters: 0 0 0

#Transform 26
Transform: AffineTransform_float_3_3
Parameters: 1 1.99752e-05 -5.34883e-05 -2.00683e-05 0.999999 -0.000870488 5.34534e-05 0.00087049 0.999999 0.00913715 0.0196111 -0.0507578
FixedParameters: 0 0 0

#Transform 27
Transform: AffineTransform_float_3_3
Parameters: 1 0.000110565 0.000230732 -0.000110501 1 -0.000138706 -0.000230762 0.000138655 1 0.0236804 0.0227627 -0.0423764
FixedParameters: 0 0 0

#Transform 28
Transform: AffineTransform_float_3_3
Parameters: 1 -0.000152847 0.000249701 0.000153192 1 -0.000690103 -0.00024949 0.00069018 0.999999 0.0170541 0.0283352 -0.0551461
FixedParameters: 0 0 0

#Transform 29
Transform: AffineTransform_float_3_3
Parameters: 1 -0.000393927 0.000342527 0.00039401 1 -0.000121595 -0.000342431 0.000121865 1 0.0225854 0.0241126 -0.0324225
FixedParameters: 0 0 0

#Transform 30
Transform: AffineTransform_float_3_3
Parameters: 1 -0.000434519 0.000226252 0.000434753 1 -0.000516877 -0.000225803 0.000517074 1 0.0381232 0.0713605 -0.0441522
FixedParameters: 0 0 0

#Transform 31
Transform: AffineTransform_float_3_3
Parameters: 1 -5.44432e-05 5.75517e-05 5.43821e-05 1 0.000530958 -5.76095e-05 -0.000530951 1 0.016067 0.0182258 0.00434637
FixedParameters: 0 0 0

#Transform 32
Transform: AffineTransform_float_3_3
Parameters: 1 -0.000251558 0.000283586 0.000251872 0.999999 -0.00051651 -0.000283401 0.000515748 1 0.0231755 0.0751905 -0.0617562
FixedParameters: 0 0 0

#Transform 33
Transform: AffineTransform_float_3_3
Parameters: 1 -0.000300355 0.00065449 0.000300838 1 0.000537284 -0.000654051 -0.000536876 0.999999 0.0284913 0.0381267 0.000258682
FixedParameters: 0 0 0

#Transform 34
Transform: AffineTransform_float_3_3
Parameters: 0.999999 -0.000297556 0.000737221 0.000297406 1 0.000115992 -0.000737366 -0.000116458 1 -0.0140155 0.0382455 0.00131322
FixedParameters: 0 0 0

#Transform 35
Transform: AffineTransform_float_3_3
Parameters: 1 -0.000348609 -0.000317542 0.000348416 0.999999 -0.0018232 0.000317506 0.00182401 0.999998 -0.00498949 0.122424 -0.101233
FixedParameters: 0 0 0

#Transform 36
Transform: AffineTransform_float_3_3
Parameters: 0.999999 0.000139638 -0.000739631 -0.000140301 1 -0.00044853 0.000739505 0.000448737 0.999999 -0.0160274 0.00615808 -0.031645
FixedParameters: 0 0 0

#Transform 37
Transform: AffineTransform_float_3_3
Parameters: 0.999999 0.000316192 -0.000899055 -0.000316866 1 -0.000990427 0.000898043 0.000990159 0.999999 -0.00924243 0.106037 -0.101006
FixedParameters: 0 0 0

#Transform 38
Transform: AffineTransform_float_3_3
Parameters: 1 0.000368754 -0.00107787 -0.000369726 1 -0.000398395 0.00107753 0.000398702 1 0.0080673 0.0904817 -0.0640864
FixedParameters: 0 0 0

#Transform 39
Transform: AffineTransform_float_3_3
Parameters: 0.999999 0.00045482 -0.000659976 -0.000455364 0.999999 -0.000577389 0.000660421 0.000577943 0.999999 0.000138024 0.0513474 -0.0794849
FixedParameters: 0 0 0

#Transform 40
Transform: AffineTransform_float_3_3
Parameters: 1 -0.000165672 -0.00108334 0.000164792 0.999999 -0.000800793 0.00108335 0.000800009 0.999999 0.0212705 0.104801 -0.0866404
FixedParameters: 0 0 0

#Transform 41
Transform: AffineTransform_float_3_3
Parameters: 1 -7.11607e-05 -0.000725696 7.15293e-05 1 -0.000412683 0.000725546 0.000412641 0.999999 0.0131266 0.0700197 -0.0659854
FixedParameters: 0 0 0

#Transform 42
Transform: AffineTransform_float_3_3
Parameters: 1 -9.03262e-05 -0.000647503 8.96374e-05 0.999999 -0.00137028 0.000647439 0.00137023 0.999999 0.02203 0.155494 -0.121424
FixedParameters: 0 0 0

#Transform 43
Transform: AffineTransform_float_3_3
Parameters: 0.999999 -7.91451e-05 -0.000809181 7.98901e-05 1 -0.000137502 0.000808993 0.000137435 0.999999 0.0201474 0.0776528 -0.0638037
FixedParameters: 0 0 0

#Transform 44
Transform: AffineTransform_float_3_3
Parameters: 1 -0.000222243 -0.00124345 0.000220829 0.999999 -0.00134021 0.00124356 0.0013402 0.999999 0.0324744 0.202522 -0.153866
FixedParameters: 0 0 0

#Transform 45
Transform: AffineTransform_float_3_3
Parameters: 1 -7.35184e-05 -0.000685474 7.35156e-05 0.999999 -0.000707849 0.000685369 0.000707811 0.999999 0.0152336 0.101949 -0.0867517
FixedParameters: 0 0 0

#Transform 46
Transform: AffineTransform_float_3_3
Parameters: 1 -3.1173e-05 -0.000493346 3.14318e-05 0.999999 -0.000718364 0.000493181 0.000718396 0.999999 0.0120574 0.098001 -0.0855416
FixedParameters: 0 0 0

#Transform 47
Transform: AffineTransform_float_3_3
Parameters: 0.999999 -0.000170159 -0.00103171 0.000169701 0.999999 -0.0012171 0.0010316 0.00121688 0.999998 0.0293282 0.205566 -0.152321
FixedParameters: 0 0 0

#Transform 48
Transform: AffineTransform_float_3_3
Parameters: 0.999999 -5.74362e-05 -0.000721532 5.73228e-05 1 -7.86369e-05 0.000721541 7.85541e-05 0.999999 0.0131366 0.0645152 -0.069003
FixedParameters: 0 0 0

#Transform 49
Transform: AffineTransform_float_3_3
Parameters: 0.999999 -0.000137377 -0.00099415 0.00013717 1 -0.000582837 0.000994029 0.000583048 1 0.0254228 0.166694 -0.121528
FixedParameters: 0 0 0

#Transform 50
Transform: AffineTransform_float_3_3
Parameters: 0.999999 -0.00020561 -0.000845277 0.000204856 1 -0.000446071 0.00084546 0.000445724 0.999999 0.0257707 0.136348 -0.155975
FixedParameters: 0 0 0

#Transform 51
Transform: AffineTransform_float_3_3
Parameters: 0.999999 -5.10066e-05 -0.000773125 5.16059e-05 1 0.000387528 0.000773085 -0.000387608 0.999999 0.0173087 0.089223 -0.0983386
FixedParameters: 0 0 0

#Transform 52
Transform: AffineTransform_float_3_3
Parameters: 1 -0.000571378 -0.000885418 0.000571276 1 -0.000393158 0.000884792 0.000393577 1 0.0354223 0.157951 -0.149205
FixedParameters: 0 0 0

#Transform 53
Transform: AffineTransform_float_3_3
Parameters: 0.999999 1.61056e-05 -0.000764808 -1.53353e-05 1 -0.000128846 0.000764595 0.000128932 0.999999 0.0191253 0.149181 -0.116045
FixedParameters: 0 0 0

#Transform 54
Transform: AffineTransform_float_3_3
Parameters: 0.999999 -0.00125266 -0.00117533 0.00125491 0.999996 0.00239269 0.00117208 -0.00239374 0.999997 0.0711526 0.268742 -0.410389
FixedParameters: 0 0 0

#Transform 55
Transform: AffineTransform_float_3_3
Parameters: 0.999999 0.000915058 -0.000385778 -0.000915368 0.999999 0.00095388 0.000386588 -0.000954087 1 -0.0129159 0.324923 -0.679051
FixedParameters: 0 0 0

#Transform 56
Transform: AffineTransform_float_3_3
Parameters: 0.999999 0.000897905 0.00101327 -0.000898868 0.999999 0.0009526 -0.00101176 -0.000954357 0.999999 -0.0338075 0.104186 -0.295848
FixedParameters: 0 0 0

#Transform 57
Transform: AffineTransform_float_3_3
Parameters: 1 0.000677983 0.00092409 -0.000678119 1 -1.05312e-05 -0.000924 1.05989e-05 1 0.00285757 0.113934 -0.0980606
FixedParameters: 0 0 0

#Transform 58
Transform: AffineTransform_float_3_3
Parameters: 0.999999 0.000608604 0.00132426 -0.000609859 1 0.000831471 -0.00132339 -0.000832117 0.999998 0.0100348 0.130838 -0.106254
FixedParameters: 0 0 0

#Transform 59
Transform: AffineTransform_float_3_3
Parameters: 0.999998 0.000830803 0.00180927 -0.000831851 1 0.000209293 -0.00180878 -0.000210564 0.999998 -0.0147438 0.170328 -0.215461
FixedParameters: 0 0 0

#Transform 60
Transform: AffineTransform_float_3_3
Parameters: 0.999996 0.00148165 0.00213102 -0.00148118 0.999998 -0.000446247 -0.00213181 0.000443832 0.999998 -0.0269462 0.201492 -0.26297
FixedParameters: 0 0 0

#Transform 61
Transform: AffineTransform_float_3_3
Parameters: 0.999998 0.00120507 0.00152825 -0.00120325 0.999999 -0.000970197 -0.0015302 0.000968677 0.999998 -0.00721917 0.129215 -0.284794
FixedParameters: 0 0 0

#Transform 62
Transform: AffineTransform_float_3_3
Parameters: 0.999999 0.000707145 0.00132786 -0.000707114 1 -0.000434562 -0.00132816 0.000433943 0.999999 0.0281886 0.138603 -0.256223
FixedParameters: 0 0 0

#Transform 63
Transform: AffineTransform_float_3_3
Parameters: 0.999998 0.000755982 0.00152797 -0.000755183 1 -0.000312682 -0.00152833 0.000311693 0.999998 0.0100649 0.0661544 -0.155749
FixedParameters: 0 0 0

#Transform 64
Transform: AffineTransform_float_3_3
Parameters: 0.999999 2.97674e-05 0.00126633 -2.94856e-05 0.999999 -0.000928211 -0.00126593 0.000928428 0.999999 0.037554 0.144877 -0.186237
FixedParameters: 0 0 0

#Transform 65
Transform: AffineTransform_float_3_3
Parameters: 0.999999 0.000436546 0.0011621 -0.000435715 0.999999 -0.000831768 -0.00116259 0.000831109 0.999999 -0.000930846 0.129329 -0.220941
FixedParameters: 0 0 0

#Transform 66
Transform: AffineTransform_float_3_3
Parameters: 0.999999 0.000389746 0.00122243 -0.000388833 1 -0.000428681 -0.00122274 0.000428145 0.999999 0.0113782 0.119892 -0.199995
FixedParameters: 0 0 0

#Transform 67
Transform: AffineTransform_float_3_3
Parameters: 0.999999 -6.07825e-05 0.000768623 6.03969e-05 1 -0.000378593 -0.000768368 0.000378624 0.999999 0.0358247 0.175541 -0.185965
FixedParameters: 0 0 0

#Transform 68
Transform: AffineTransform_float_3_3
Parameters: 1 0.000314141 0.000228019 -0.000313301 1 0.000279433 -0.000228053 -0.000279514 1 0.0191312 0.127581 -0.125707
FixedParameters: 0 0 0

#Transform 69
Transform: AffineTransform_float_3_3
Parameters: 0.999999 0.000926117 -0.000992458 -0.000929137 0.999996 -0.00253818 0.000990146 0.00253864 0.999996 -0.0131152 0.157136 -0.155148
FixedParameters: 0 0 0

#Transform 70
Transform: AffineTransform_float_3_3
Parameters: 0.999999 -0.000223715 -0.000926868 0.000220714 0.999996 -0.00298103 0.00092727 0.00298077 0.999995 0.0467131 0.213588 -0.225444
FixedParameters: 0 0 0

#Transform 71
Transform: AffineTransform_float_3_3
Parameters: 1 -3.42396e-05 -0.000238429 3.34939e-05 0.999998 -0.00205942 0.000238367 0.00205942 0.999998 0.0356419 0.157086 -0.152072
FixedParameters: 0 0 0

#Transform 72
Transform: AffineTransform_float_3_3
Parameters: 1 -0.000198793 -0.000256668 0.000197809 0.999996 -0.00283439 0.000257389 0.00283432 0.999996 0.029883 0.233015 -0.171594
FixedParameters: 0 0 0

#Transform 73
Transform: AffineTransform_float_3_3
Parameters: 1 -0.00030812 -0.000183637 0.000307567 0.999997 -0.00214208 0.000184755 0.00214197 0.999997 0.0436568 0.202888 -0.147147
FixedParameters: 0 0 0

#Transform 74
Transform: AffineTransform_float_3_3
Parameters: 1 -0.000491597 -0.000207973 0.000490727 0.999997 -0.00213136 0.000208894 0.00213121 0.999997 0.0686921 0.167284 -0.148784
FixedParameters: 0 0 0

#Transform 75
Transform: AffineTransform_float_3_3
Parameters: 1 -0.000302678 9.47638e-05 0.000303038 0.999999 -0.00180071 -9.48456e-05 0.00180083 0.999999 0.0432678 0.164995 -0.138206
FixedParameters: 0 0 0

#Transform 76
Transform: AffineTransform_float_3_3
Parameters: 1 -0.000262231 -0.000395954 0.000260555 0.999997 -0.00270862 0.000396967 0.00270843 0.999996 0.0614414 0.250336 -0.204661
FixedParameters: 0 0 0

#Transform 77
Transform: AffineTransform_float_3_3
Parameters: 1 -0.000134909 -0.000181008 0.000134462 0.999999 -0.00156122 0.000181328 0.00156118 0.999999 0.0433879 0.166065 -0.141419
FixedParameters: 0 0 0

#Transform 78
Transform: AffineTransform_float_3_3
Parameters: 1 -0.000169752 -0.000718173 0.00016832 0.999996 -0.00282252 0.000719276 0.00282238 0.999996 0.043093 0.250201 -0.207201
FixedParameters: 0 0 0

#Transform 79
Transform: AffineTransform_float_3_3
Parameters: 1 0.000358673 -0.000621405 -0.000358931 0.999999 -0.00125593 0.000621164 0.0012564 0.999999 0.022841 0.153561 -0.12043
FixedParameters: 0 0 0

#Transform 80
Transform: AffineTransform_float_3_3
Parameters: 1 -2.25508e-05 -0.0005787 2.29338e-05 1 -0.000505092 0.000578514 0.000505128 0.999999 0.0252331 0.117391 0.0120786
FixedParameters: 0 0 0

#Transform 81
Transform: AffineTransform_float_3_3
Parameters: 1 4.13543e-07 -0.0012161 -2.75247e-06 0.999999 -0.0013619 0.00121574 0.00136148 0.999999 0.0456828 0.199997 -0.0994199
FixedParameters: 0 0 0

#Transform 82
Transform: AffineTransform_float_3_3
Parameters: 1 2.29124e-06 -0.000493415 -3.02001e-06 1 0.000241805 0.000493626 -0.000241864 1 0.0291855 0.121394 -0.0154547
FixedParameters: 0 0 0

#Transform 83
Transform: AffineTransform_float_3_3
Parameters: 0.999999 0.000288013 -0.00158043 -0.000290257 0.999999 -0.00139249 0.00158003 0.001393 0.999998 0.0316182 0.282095 -0.154119
FixedParameters: 0 0 0

#Transform 84
Transform: AffineTransform_float_3_3
Parameters: 1 0.000157108 -0.000643401 -0.000157245 0.999999 -0.000846082 0.000642854 0.000846769 1 0.0468676 0.259235 -0.125663
FixedParameters: 0 0 0

#Transform 85
Transform: AffineTransform_float_3_3
Parameters: 1 0.000299744 -0.000543016 -0.000300492 1 -0.000812543 0.000542499 0.000812453 0.999999 0.0446133 0.270685 -0.104945
FixedParameters: 0 0 0

#Transform 86
Transform: AffineTransform_float_3_3
Parameters: 0.999999 -0.000566641 -0.000957666 0.000565759 1 -0.00102724 0.000958518 0.00102622 0.999999 0.0776646 0.253596 -0.113856
FixedParameters: 0 0 0

#Transform 87
Transform: AffineTransform_float_3_3
Parameters: 0.999999 -0.000815899 -0.00139327 0.00081307 0.999997 -0.00200717 0.00139484 0.00200647 0.999997 0.0687116 0.305594 -0.178807
FixedParameters: 0 0 0

#Transform 88
Transform: AffineTransform_float_3_3
Parameters: 0.999999 -0.000541655 -0.00101287 0.000540312 0.999999 -0.00173435 0.00101412 0.00173339 0.999998 0.0570861 0.274009 -0.15411
FixedParameters: 0 0 0

#Transform 89
Transform: AffineTransform_float_3_3
Parameters: 0.999999 -0.000577728 -0.00102069 0.000575883 0.999998 -0.00195858 0.00102226 0.00195796 0.999998 0.0546985 0.249367 -0.154353
FixedParameters: 0 0 0

#Transform 90
Transform: AffineTransform_float_3_3
Parameters: 1 -0.000827045 -0.000853054 0.000825577 0.999998 -0.00192212 0.000854815 0.00192179 0.999997 0.0706886 0.272312 -0.168254
FixedParameters: 0 0 0

#Transform 91
Transform: AffineTransform_float_3_3
Parameters: 0.999999 -0.000812255 -0.000330745 0.000811604 1 -0.000834108 0.000331028 0.000833624 1 0.0774189 0.220001 -0.151648
FixedParameters: 0 0 0

#Transform 92
Transform: AffineTransform_float_3_3
Parameters: 0.999999 -0.000825712 -0.000346155 0.000824852 0.999999 -0.00109732 0.000346894 0.0010968 1 0.0540588 0.283655 -0.141667
FixedParameters: 0 0 0

#Transform 93
Transform: AffineTransform_float_3_3
Parameters: 1 -0.0009171 -0.000676392 0.000915836 0.999999 -0.00155888 0.000678043 0.00155866 0.999999 0.0685936 0.178589 -0.138192
FixedParameters: 0 0 0

#Transform 94
Transform: AffineTransform_float_3_3
Parameters: 0.999999 -0.00078191 -0.000181562 0.00078148 1 -0.000909576 0.000181912 0.000909344 1 0.0726328 0.213264 -0.111394
FixedParameters: 0 0 0

#Transform 95
Transform: AffineTransform_float_3_3
Parameters: 0.999999 -0.000852495 -0.000384139 0.000852065 0.999999 -0.00157938 0.00038455 0.00157847 0.999998 0.0832319 0.306762 -0.165365
FixedParameters: 0 0 0

#Transform 96
Transform: AffineTransform_float_3_3
Parameters: 0.999999 -0.000805793 -0.000330512 0.000805137 0.999999 -0.000663937 0.00033061 0.000663451 0.999999 0.0750436 0.205974 -0.120725
FixedParameters: 0 0 0

#Transform 97
Transform: AffineTransform_float_3_3
Parameters: 0.999999 -0.000962535 -0.000882686 0.000960526 0.999998 -0.00154034 0.000884471 0.00154007 0.999999 0.0978411 0.249581 -0.172207
FixedParameters: 0 0 0

#Transform 98
Transform: AffineTransform_float_3_3
Parameters: 0.999999 -0.000794864 -0.000212459 0.000794309 0.999999 -0.0010696 0.000213087 0.00106931 1 0.0894487 0.177849 -0.125454
FixedParameters: 0 0 0

#Transform 99
Transform: AffineTransform_float_3_3
Parameters: 1 -0.00114432 -0.000348387 0.00114369 0.999998 -0.00199206 0.000350739 0.00199191 0.999998 0.0838453 0.299679 -0.172002
FixedParameters: 0 0 0

#Transform 100
Transform: AffineTransform_float_3_3
Parameters: 0.999999 -0.00125345 -0.000266624 0.00125334 0.999998 -0.00116162 0.00026746 0.00116201 0.999999 0.0885267 0.256252 -0.14301
FixedParameters: 0 0 0

#Transform 101
Transform: AffineTransform_float_3_3
Parameters: 1 -0.00105709 -0.000343374 0.00105661 0.999998 -0.00164244 0.000344593 0.00164188 0.999999 0.090844 0.318947 -0.1653
FixedParameters: 0 0 0

#Transform 102
Transform: AffineTransform_float_3_3
Parameters: 1 -0.000941897 -0.000102686 0.000941802 1 -0.000534176 0.000103763 0.00053356 1 0.0677579 0.206703 -0.12152
FixedParameters: 0 0 0

#Transform 103
Transform: AffineTransform_float_3_3
Parameters: 1 -0.0011636 -0.000145792 0.00116311 0.999999 -0.00139806 0.000148044 0.00139735 0.999999 0.0922305 0.339165 -0.196484
FixedParameters: 0 0 0

#Transform 104
Transform: AffineTransform_float_3_3
Parameters: 0.999999 -0.00184755 -7.79398e-05 0.00184756 0.999999 3.65671e-05 7.80221e-05 -3.6795e-05 1 0.126144 0.289993 -0.238897
FixedParameters: 0 0 0

#Transform 105
Transform: AffineTransform_float_3_3
Parameters: 0.999997 -0.0018292 -0.00182676 0.00183607 0.999992 0.0036413 0.00181979 -0.00364423 0.999992 0.13626 0.456326 -0.765323
FixedParameters: 0 0 0

#Transform 106
Transform: AffineTransform_float_3_3
Parameters: 1 0.000421398 -0.000951391 -0.000419844 0.999999 0.00143986 0.000951841 -0.00143907 0.999998 0.0468094 0.30561 -0.696049
FixedParameters: 0 0 0

#Transform 107
Transform: AffineTransform_float_3_3
Parameters: 1 0.00021157 -0.0005494 -0.000212252 0.999998 -0.00160994 0.000548408 0.00161024 0.999998 0.0451589 0.373632 -0.407945
FixedParameters: 0 0 0

#Transform 108
Transform: AffineTransform_float_3_3
Parameters: 1 -0.000262485 -0.000597019 0.000260144 0.999995 -0.00336171 0.000597961 0.0033615 0.999994 0.0770431 0.343273 -0.290723
FixedParameters: 0 0 0

#Transform 109
Transform: AffineTransform_float_3_3
Parameters: 0.999999 0.000608827 -0.000529929 -0.000610269 0.999998 -0.00212184 0.000529053 0.00212199 0.999997 0.0461554 0.28246 -0.305607
FixedParameters: 0 0 0

#Transform 110
Transform: AffineTransform_float_3_3
Parameters: 1 0.00036547 0.000152075 -0.000365855 0.999996 -0.00281823 -0.000153149 0.00281797 0.999996 0.0579783 0.299515 -0.369171
FixedParameters: 0 0 0

#Transform 111
Transform: AffineTransform_float_3_3
Parameters: 1 -4.26226e-05 0.000113934 4.30191e-05 0.999995 -0.00296961 -0.000112903 0.00296954 0.999995 0.0826185 0.278362 -0.393834
FixedParameters: 0 0 0

#Transform 112
Transform: AffineTransform_float_3_3
Parameters: 1 -0.000303036 -7.09281e-05 0.000302317 0.999991 -0.00418518 7.17925e-05 0.00418518 0.999991 0.117007 0.303695 -0.423283
FixedParameters: 0 0 0

#Transform 113
Transform: AffineTransform_float_3_3
Parameters: 1 -0.000242765 0.000122805 0.000243112 0.999995 -0.00335814 -0.000122539 0.00335822 0.999995 0.104611 0.226386 -0.345396
FixedParameters: 0 0 0

#Transform 114
Transform: AffineTransform_float_3_3
Parameters: 0.999999 -0.000727399 0.000402347 0.000728665 0.999989 -0.00451629 -0.000399139 0.00451598 0.99999 0.117622 0.277316 -0.379166
FixedParameters: 0 0 0

#Transform 115
Transform: AffineTransform_float_3_3
Parameters: 0.999999 -0.000731091 0.000383702 0.000733124 0.999989 -0.00450096 -0.000380614 0.0045016 0.999989 0.11543 0.254489 -0.355281
FixedParameters: 0 0 0

#Transform 116
Transform: AffineTransform_float_3_3
Parameters: 0.999999 -0.000788127 0.000148105 0.000789152 0.999989 -0.00460057 -0.000144661 0.00460095 0.99999 0.100927 0.267303 -0.318881
FixedParameters: 0 0 0

#Transform 117
Transform: AffineTransform_float_3_3
Parameters: 0.999999 -0.00090718 -0.000319112 0.000905848 0.999988 -0.00495031 0.000323654 0.00495 0.999988 0.0905867 0.309878 -0.347179
FixedParameters: 0 0 0

#Transform 118
Transform: AffineTransform_float_3_3
Parameters: 0.999999 -0.000938276 -0.000471828 0.000935382 0.999988 -0.00485462 0.000476667 0.00485492 0.999988 0.108643 0.299368 -0.350155
FixedParameters: 0 0 0

#Transform 119
Transform: AffineTransform_float_3_3
Parameters: 0.999999 -0.000857821 -0.000168417 0.000857147 0.99999 -0.0045476 0.000173236 0.00454705 0.999989 0.106226 0.259257 -0.306393
FixedParameters: 0 0 0

#Transform 120
Transform: AffineTransform_float_3_3
Parameters: 0.999999 -0.00101775 -0.000727572 0.00101364 0.999984 -0.00541734 0.000732552 0.00541632 0.999985 0.10994 0.327841 -0.403418
FixedParameters: 0 0 0

#Transform 121
Transform: AffineTransform_float_3_3
Parameters: 0.999999 -0.000958318 -0.000559166 0.000955536 0.999988 -0.00486051 0.000564002 0.00486068 0.999988 0.115415 0.283739 -0.348086
FixedParameters: 0 0 0

#Transform 122
Transform: AffineTransform_float_3_3
Parameters: 0.999999 -0.000899154 -0.000321474 0.000897844 0.999989 -0.0047241 0.000325702 0.00472337 0.999988 0.110602 0.267373 -0.31288
FixedParameters: 0 0 0

#Transform 123
Transform: AffineTransform_float_3_3
Parameters: 0.999999 -0.000890238 -0.000242555 0.000888477 0.999988 -0.0049617 0.000246186 0.00496153 0.999988 0.0993293 0.310549 -0.346728
FixedParameters: 0 0 0

#Transform 124
Transform: AffineTransform_float_3_3
Parameters: 0.999999 -0.00140705 -0.000725048 0.00140243 0.999984 -0.00557667 0.000732717 0.00557476 0.999984 0.135279 0.314314 -0.360608
FixedParameters: 0 0 0

#Transform 125
Transform: AffineTransform_float_3_3
Parameters: 0.999999 -0.00134768 -0.000306475 0.00134601 0.999988 -0.0048166 0.000313246 0.00481571 0.999988 0.116612 0.231309 -0.326597
FixedParameters: 0 0 0

#Transform 126
Transform: AffineTransform_float_3_3
Parameters: 1 -0.00134317 -0.000157898 0.00134293 0.999984 -0.00559069 0.000165338 0.00559027 0.999984 0.104716 0.357371 -0.369713
FixedParameters: 0 0 0

#Transform 127
Transform: AffineTransform_float_3_3
Parameters: 0.999999 -0.00115329 -0.000142551 0.00115224 0.999988 -0.00475657 0.000147453 0.00475654 0.999989 0.0948651 0.260769 -0.325235
FixedParameters: 0 0 0

#Transform 128
Transform: AffineTransform_float_3_3
Parameters: 1 -0.00131224 -0.00012251 0.00131206 0.999986 -0.00498129 0.000128338 0.00498138 0.999988 0.117932 0.364246 -0.351565
FixedParameters: 0 0 0

#Transform 129
Transform: AffineTransform_float_3_3
Parameters: 0.999999 -0.00114879 -0.000138744 0.00114781 0.999989 -0.00468802 0.000143518 0.00468758 0.999989 0.109989 0.32703 -0.34397
FixedParameters: 0 0 0

#Transform 130
Transform: AffineTransform_float_3_3
Parameters: 1 -0.00126595 -3.11914e-05 0.00126565 0.99999 -0.00430215 3.63923e-05 0.00430193 0.99999 0.123689 0.320063 -0.344265
FixedParameters: 0 0 0

#Transform 131
Transform: AffineTransform_float_3_3
Parameters: 0.999999 -0.00133373 0.000371329 0.00133493 0.99999 -0.00426993 -0.000365204 0.00427066 0.99999 0.113343 0.277454 -0.316125
FixedParameters: 0 0 0

#Transform 132
Transform: AffineTransform_float_3_3
Parameters: 0.999999 -0.00157676 4.71516e-05 0.00157691 0.999989 -0.00430789 -4.02268e-05 0.00430794 0.99999 0.134861 0.346657 -0.349874
FixedParameters: 0 0 0

#Transform 133
Transform: AffineTransform_float_3_3
Parameters: 0.999999 -0.00139535 0.000158662 0.00139569 0.99999 -0.00424741 -0.000152288 0.00424765 0.999991 0.121239 0.281789 -0.324251
FixedParameters: 0 0 0

#Transform 134
Transform: AffineTransform_float_3_3
Parameters: 0.999998 -0.00173293 7.49116e-05 0.00173359 0.999986 -0.00511111 -6.62294e-05 0.00511097 0.999987 0.145826 0.344626 -0.365373
FixedParameters: 0 0 0

#Transform 135
Transform: AffineTransform_float_3_3
Parameters: 0.999998 -0.0018073 0.000210925 0.00180803 0.999986 -0.00482506 -0.000202252 0.00482487 0.999989 0.134845 0.283218 -0.3464
FixedParameters: 0 0 0

#Transform 136
Transform: AffineTransform_float_3_3
Parameters: 0.999998 -0.00178824 -0.000221508 0.0017877 0.999987 -0.0047931 0.000229323 0.00479244 0.999989 0.151429 0.367777 -0.356725
FixedParameters: 0 0 0

#Transform 137
Transform: AffineTransform_float_3_3
Parameters: 0.999998 -0.00168267 0.00020252 0.00168427 0.999989 -0.00454211 -0.000195059 0.00454275 0.99999 0.133071 0.319995 -0.338388
FixedParameters: 0 0 0

#Transform 138
Transform: AffineTransform_float_3_3
Parameters: 0.999998 -0.00168267 0.00020252 0.00168427 0.999989 -0.00454211 -0.000195059 0.00454275 0.99999 0.1428 0.329563 -0.350336
FixedParameters: 0 0 0

#Transform 139
Transform: AffineTransform_float_3_3
Parameters: 0.999995 -0.00161075 -0.0027239 0.00160847 0.999999 -0.000629674 0.0027248 0.000624548 0.999997 0.113797 0.588046 -0.673899
FixedParameters: 0 0 0

#Transform 140
Transform: AffineTransform_float_3_3
Parameters: 0.999997 1.67215e-06 -0.002545 -4.2314e-06 1 -0.00106387 0.00254525 0.00106437 0.999996 0.0877728 0.456088 -0.550256
FixedParameters: 0 0 0

#Transform 141
Transform: AffineTransform_float_3_3
Parameters: 0.999999 0.000179876 -0.00129582 -0.000183528 0.999997 -0.00233125 0.00129532 0.00233181 0.999996 0.0738493 0.395543 -0.354552
FixedParameters: 0 0 0

#Transform 142
Transform: AffineTransform_float_3_3
Parameters: 0.999999 -0.000515379 -0.00127755 0.000511159 0.999992 -0.00386552 0.00127976 0.00386456 0.999991 0.0724543 0.409778 -0.30898
FixedParameters: 0 0 0

#Transform 143
Transform: AffineTransform_float_3_3
Parameters: 1 0.000460414 -0.000330788 -0.00046092 0.999999 -0.000765902 0.000330082 0.000766206 0.999999 0.0235942 0.224603 -0.0810729
FixedParameters: 0 0 0

#Transform 144
Transform: AffineTransform_float_3_3
Parameters: 1 -0.000158092 -0.000180635 0.000157697 0.999999 -0.00174463 0.000180985 0.00174458 0.999999 0.0599771 0.363353 -0.168255
FixedParameters: 0 0 0

#Transform 145
Transform: AffineTransform_float_3_3
Parameters: 1 -0.000202407 -0.000195245 0.000201556 0.999996 -0.00283384 0.000195015 0.00283383 0.999996 0.0649134 0.307671 -0.227294
FixedParameters: 0 0 0

#Transform 146
Transform: AffineTransform_float_3_3
Parameters: 1 -0.000387915 -0.00029971 0.000386557 0.999994 -0.00324054 0.000301716 0.00324034 0.999994 0.0795817 0.348155 -0.271182
FixedParameters: 0 0 0

#Transform 147
Transform: AffineTransform_float_3_3
Parameters: 0.999999 0.000114517 -0.00101071 -0.000117047 0.999996 -0.00249516 0.00101023 0.002495 0.999997 0.0486122 0.326978 -0.217631
FixedParameters: 0 0 0

#Transform 148
Transform: AffineTransform_float_3_3
Parameters: 1 -0.000391665 -0.000652413 0.000390023 0.999995 -0.0029234 0.000652833 0.00292351 0.999996 0.0736199 0.323534 -0.203707
FixedParameters: 0 0 0

#Transform 149
Transform: AffineTransform_float_3_3
Parameters: 0.999999 -0.000928324 -0.000756468 0.000926212 0.999996 -0.00269599 0.000758703 0.00269483 0.999996 0.0937688 0.287416 -0.179236
FixedParameters: 0 0 0
