# transform file /out/sourcedata/freesurfer/sub-v1s17x0050251_ses-1/mri/transforms/cc_up.lta
# created by oesteban on Mon Mar  9 03:36:08 2026

type      = 0 # LINEAR_VOX_TO_VOX
nxforms   = 1
mean      = 127.0000 111.0000 106.0000
sigma     = 10000.0000
1 4 4
9.907842874526978e-01 -1.336488872766495e-01 2.201029472053051e-02 1.310941028594971e+01 
1.336159259080887e-01 9.910287261009216e-01 2.968280576169491e-03 2.054736518859863e+01 
-2.220954187214375e-02 2.328306436538696e-10 9.997532963752747e-01 2.984551620483398e+01 
0.000000000000000e+00 0.000000000000000e+00 0.000000000000000e+00 1.000000000000000e+00 
src volume info
valid = 1  # volume info valid
filename = /out/sourcedata/freesurfer/sub-v1s17x0050251_ses-1/mri/norm.mgz
volume = 256 256 256
voxelsize = 1.000000000000000e+00 1.000000000000000e+00 1.000000000000000e+00
xras   = -1.000000000000000e+00 1.011358108371496e-09 0.000000000000000e+00
yras   = 0.000000000000000e+00 -3.492459654808044e-10 -1.000000000000000e+00
zras   = 8.512870408594608e-10 1.000000000000000e+00 -1.164153218269348e-10
cras   = 5.907592773437500e-01 2.665100097656250e+00 -1.655722045898438e+01
dst volume info
valid = 1  # volume info valid
filename = /out/sourcedata/freesurfer/sub-v1s17x0050251_ses-1/mri/norm.mgz
volume = 256 256 256
voxelsize = 1.000000000000000e+00 1.000000000000000e+00 1.000000000000000e+00
xras   = -1.000000000000000e+00 1.011358108371496e-09 0.000000000000000e+00
yras   = 0.000000000000000e+00 -3.492459654808044e-10 -1.000000000000000e+00
zras   = 8.512870408594608e-10 1.000000000000000e+00 -1.164153218269348e-10
cras   = 5.907592773437500e-01 2.665100097656250e+00 -1.655722045898438e+01
