type      = 1 # LINEAR_RAS_TO_RAS
nxforms   = 1
mean      = 0.0000 0.0000 0.0000
sigma     = 1.0000
1 4 4
1.060542941093445e+00 -4.813000094145536e-03 -1.249319985508919e-01 1.128638982772827e+00 
9.442699700593948e-02 1.039896011352539e+00 2.198220044374466e-01 2.009955883026123e+00 
1.273860037326813e-01 -3.122049868106842e-01 1.184304952621460e+00 -7.468795776367188e+00 
0.000000000000000e+00 0.000000000000000e+00 0.000000000000000e+00 1.000000000000000e+00 
src volume info
valid = 1  # volume info valid
filename = /out/sourcedata/freesurfer/sub-v1s17x0050251_ses-1/mri/orig_nu.mgz
volume = 256 256 256
voxelsize = 1.000000000000000e+00 1.000000000000000e+00 1.000000000000000e+00
xras   = -1.000000000000000e+00 1.011358108371496e-09 0.000000000000000e+00
yras   = 0.000000000000000e+00 -3.492459654808044e-10 -1.000000000000000e+00
zras   = 8.512870408594608e-10 1.000000000000000e+00 -1.164153218269348e-10
cras   = 5.907592773437500e-01 2.665100097656250e+00 -1.655722045898438e+01
dst volume info
valid = 1  # volume info valid
filename = /opt/freesurfer/average/mni305.cor.mgz
volume = 256 256 256
voxelsize = 1.000000000000000e+00 1.000000000000000e+00 1.000000000000000e+00
xras   = -1.000000000000000e+00 0.000000000000000e+00 0.000000000000000e+00
yras   = 0.000000000000000e+00 0.000000000000000e+00 -1.000000000000000e+00
zras   = 0.000000000000000e+00 1.000000000000000e+00 0.000000000000000e+00
cras   = 0.000000000000000e+00 0.000000000000000e+00 0.000000000000000e+00
subject fsaverage
fscale 0.100000
