# transform file transforms/talairach.lta
# created by oesteban on Mon Mar  9 02:15:35 2026

type      = 0 # LINEAR_VOX_TO_VOX
nxforms   = 1
mean      = 128.0000 112.0000 106.0000
sigma     = 10000.0000
1 4 4
9.545385837554932e-01 -1.390211880207062e-01 1.152539998292923e-02 1.579424762725830e+01 
1.251856684684753e-01 1.140475392341614e+00 2.368385195732117e-01 -4.043825531005859e+01 
-4.006203263998032e-02 -1.755069792270660e-01 9.567523598670959e-01 3.360178756713867e+01 
0.000000000000000e+00 0.000000000000000e+00 0.000000000000000e+00 1.000000000000000e+00 
src volume info
valid = 1  # volume info valid
filename = nu.mgz
volume = 256 256 256
voxelsize = 1.000000000000000e+00 1.000000000000000e+00 1.000000000000000e+00
xras   = -1.000000000000000e+00 1.011358108371496e-09 0.000000000000000e+00
yras   = 0.000000000000000e+00 -3.492459654808044e-10 -1.000000000000000e+00
zras   = 8.512870408594608e-10 1.000000000000000e+00 -1.164153218269348e-10
cras   = 5.907592773437500e-01 2.665100097656250e+00 -1.655722045898438e+01
dst volume info
valid = 1  # volume info valid
filename = /opt/freesurfer/average/RB_all_2020-01-02.gca
volume = 256 256 256
voxelsize = 1.000000000000000e+00 1.000000000000000e+00 1.000000000000000e+00
xras   = -1.000000000000000e+00 0.000000000000000e+00 0.000000000000000e+00
yras   = 0.000000000000000e+00 0.000000000000000e+00 -1.000000000000000e+00
zras   = 0.000000000000000e+00 1.000000000000000e+00 0.000000000000000e+00
cras   = 0.000000000000000e+00 0.000000000000000e+00 0.000000000000000e+00
