# transform file /out/sourcedata/freesurfer/sub-v1s17x0051139_ses-1/mri/transforms/cc_up.lta
# created by oesteban on Mon Mar  9 04:29:24 2026

type      = 0 # LINEAR_VOX_TO_VOX
nxforms   = 1
mean      = 128.0000 107.0000 108.0000
sigma     = 10000.0000
1 4 4
9.989656805992126e-01 -4.495336487889290e-02 -6.834296043962240e-03 4.793943405151367e+00 
4.495231434702873e-02 9.989889860153198e-01 -3.075355198234320e-04 3.741485595703125e+01 
6.841212045401335e-03 2.910383045673370e-11 9.999766349792480e-01 2.213446807861328e+01 
0.000000000000000e+00 0.000000000000000e+00 0.000000000000000e+00 1.000000000000000e+00 
src volume info
valid = 1  # volume info valid
filename = /out/sourcedata/freesurfer/sub-v1s17x0051139_ses-1/mri/norm.mgz
volume = 256 256 256
voxelsize = 1.000000000000000e+00 1.000000000000000e+00 1.000000000000000e+00
xras   = -1.000000000000000e+00 2.564775058999658e-10 0.000000000000000e+00
yras   = 0.000000000000000e+00 -1.164153218269348e-10 -1.000000000000000e+00
zras   = -2.364686224609613e-11 1.000000119209290e+00 -1.164153218269348e-10
cras   = 1.613616943359375e-02 4.563751220703125e-01 -2.503318786621094e+01
dst volume info
valid = 1  # volume info valid
filename = /out/sourcedata/freesurfer/sub-v1s17x0051139_ses-1/mri/norm.mgz
volume = 256 256 256
voxelsize = 1.000000000000000e+00 1.000000000000000e+00 1.000000000000000e+00
xras   = -1.000000000000000e+00 2.564775058999658e-10 0.000000000000000e+00
yras   = 0.000000000000000e+00 -1.164153218269348e-10 -1.000000000000000e+00
zras   = -2.364686224609613e-11 1.000000119209290e+00 -1.164153218269348e-10
cras   = 1.613616943359375e-02 4.563751220703125e-01 -2.503318786621094e+01
