type      = 1 # LINEAR_RAS_TO_RAS
nxforms   = 1
mean      = 0.0000 0.0000 0.0000
sigma     = 1.0000
1 4 4
1.160866022109985e+00 7.884999737143517e-03 -3.625899925827980e-02 -1.810459941625595e-01 
2.616100013256073e-02 1.015508055686951e+00 3.425959944725037e-01 -1.115813970565796e+00 
6.592500209808350e-02 -2.836880087852478e-01 1.111549019813538e+00 -1.481124997138977e+00 
0.000000000000000e+00 0.000000000000000e+00 0.000000000000000e+00 1.000000000000000e+00 
src volume info
valid = 1  # volume info valid
filename = /out/sourcedata/freesurfer/sub-v1s17x0051139_ses-1/mri/orig_nu.mgz
volume = 256 256 256
voxelsize = 1.000000000000000e+00 1.000000000000000e+00 1.000000000000000e+00
xras   = -1.000000000000000e+00 2.564775058999658e-10 0.000000000000000e+00
yras   = 0.000000000000000e+00 -1.164153218269348e-10 -1.000000000000000e+00
zras   = -2.364686224609613e-11 1.000000119209290e+00 -1.164153218269348e-10
cras   = 1.613616943359375e-02 4.563751220703125e-01 -2.503318786621094e+01
dst volume info
valid = 1  # volume info valid
filename = /opt/freesurfer/average/mni305.cor.mgz
volume = 256 256 256
voxelsize = 1.000000000000000e+00 1.000000000000000e+00 1.000000000000000e+00
xras   = -1.000000000000000e+00 0.000000000000000e+00 0.000000000000000e+00
yras   = 0.000000000000000e+00 0.000000000000000e+00 -1.000000000000000e+00
zras   = 0.000000000000000e+00 1.000000000000000e+00 0.000000000000000e+00
cras   = 0.000000000000000e+00 0.000000000000000e+00 0.000000000000000e+00
subject fsaverage
fscale 0.100000
