# transform file transforms/talairach.lta
# created by oesteban on Mon Mar  9 03:20:51 2026

type      = 0 # LINEAR_VOX_TO_VOX
nxforms   = 1
mean      = 128.0000 108.0000 108.0000
sigma     = 10000.0000
1 4 4
1.076489210128784e+00 -6.994184106588364e-02 6.952319294214249e-03 -5.420311450958252e+00 
6.319403648376465e-02 1.114577651023865e+00 3.408886492252350e-01 -3.561818313598633e+01 
-2.945301868021488e-02 -3.032220602035522e-01 9.547846317291260e-01 4.056298828125000e+01 
0.000000000000000e+00 0.000000000000000e+00 0.000000000000000e+00 1.000000000000000e+00 
src volume info
valid = 1  # volume info valid
filename = nu.mgz
volume = 256 256 256
voxelsize = 1.000000000000000e+00 1.000000000000000e+00 1.000000000000000e+00
xras   = -1.000000000000000e+00 2.564775058999658e-10 0.000000000000000e+00
yras   = 0.000000000000000e+00 -1.164153218269348e-10 -1.000000000000000e+00
zras   = -2.364686224609613e-11 1.000000119209290e+00 -1.164153218269348e-10
cras   = 1.613616943359375e-02 4.563751220703125e-01 -2.503318786621094e+01
dst volume info
valid = 1  # volume info valid
filename = /opt/freesurfer/average/RB_all_2020-01-02.gca
volume = 256 256 256
voxelsize = 1.000000000000000e+00 1.000000000000000e+00 1.000000000000000e+00
xras   = -1.000000000000000e+00 0.000000000000000e+00 0.000000000000000e+00
yras   = 0.000000000000000e+00 0.000000000000000e+00 -1.000000000000000e+00
zras   = 0.000000000000000e+00 1.000000000000000e+00 0.000000000000000e+00
cras   = 0.000000000000000e+00 0.000000000000000e+00 0.000000000000000e+00
