#Insight Transform File V1.0
#Transform 0
Transform: AffineTransform_float_3_3
Parameters: 0.999999 -0.000737056 0.000204446 0.000737037 1 0.000810611 -0.000204691 -0.00081079 0.999999 0.0615365 -0.124787 -0.0140063
FixedParameters: 0 0 0

#Transform 1
Transform: AffineTransform_float_3_3
Parameters: 0.999999 -0.000785619 -4.79472e-05 0.000785891 0.999999 0.000688617 4.78382e-05 -0.00068876 0.999999 0.0657805 -0.089065 -0.0244136
FixedParameters: 0 0 0

#Transform 2
Transform: AffineTransform_float_3_3
Parameters: 0.999999 -0.000695738 0.000458552 0.000696028 0.999999 0.00110205 -0.000459264 -0.0011015 1 0.063262 -0.0817752 0.0280398
FixedParameters: 0 0 0

#Transform 3
Transform: AffineTransform_float_3_3
Parameters: 0.999999 -0.000714167 0.000248019 0.000713783 0.999999 0.00168791 -0.000249334 -0.00168763 0.999999 0.0637871 -0.102466 0.0381952
FixedParameters: 0 0 0

#Transform 4
Transform: AffineTransform_float_3_3
Parameters: 0.999999 -0.000746095 0.000222626 0.000745933 0.999999 0.00110412 -0.000223239 -0.00110386 1 0.0649292 -0.0715168 -0.010515
FixedParameters: 0 0 0

#Transform 5
Transform: AffineTransform_float_3_3
Parameters: 0.999999 -0.000730373 0.000190944 0.000730146 0.999999 0.000592342 -0.000191809 -0.000592063 1 0.0805832 -0.00441619 -0.0520664
FixedParameters: 0 0 0

#Transform 6
Transform: AffineTransform_float_3_3
Parameters: 0.999999 -0.000727478 0.000297136 0.000728159 0.999999 0.00104191 -0.000297831 -0.00104157 1 0.0687342 -0.0365607 -0.0130464
FixedParameters: 0 0 0

#Transform 7
Transform: AffineTransform_float_3_3
Parameters: 0.999999 -0.000659536 0.000565048 0.000659711 1 0.000797632 -0.000566336 -0.000797315 0.999999 0.0820967 -0.0325289 -0.00248603
FixedParameters: 0 0 0

#Transform 8
Transform: AffineTransform_float_3_3
Parameters: 0.999999 -0.000765287 0.000182824 0.000765124 0.999999 0.00134757 -0.000183852 -0.00134736 0.999999 0.0849323 -0.0506283 -0.00451412
FixedParameters: 0 0 0

#Transform 9
Transform: AffineTransform_float_3_3
Parameters: 0.999999 -0.000747767 0.000319596 0.000748142 0.999999 0.00161106 -0.000321207 -0.00161108 0.999998 0.0809765 -0.103155 0.0114687
FixedParameters: 0 0 0

#Transform 10
Transform: AffineTransform_float_3_3
Parameters: 0.999999 -0.000662105 0.000662128 0.000661656 0.999999 0.00132101 -0.000663055 -0.00132022 0.999999 0.0833781 -0.0101809 0.0125262
FixedParameters: 0 0 0

#Transform 11
Transform: AffineTransform_float_3_3
Parameters: 1 -0.00118617 -2.1193e-05 0.00118683 0.999998 0.00167298 1.92755e-05 -0.00167226 0.999999 0.0969289 0.00250303 0.00708672
FixedParameters: 0 0 0

#Transform 12
Transform: AffineTransform_float_3_3
Parameters: 0.999999 -0.000575178 0.000642747 0.000573881 0.999998 0.00219771 -0.000644413 -0.00219747 0.999997 0.0606349 -0.120313 0.078566
FixedParameters: 0 0 0

#Transform 13
Transform: AffineTransform_float_3_3
Parameters: 0.999999 -0.000880685 0.000596411 0.000879441 0.999998 0.00131954 -0.000597698 -0.00131856 0.999999 0.10286 -0.0427176 0.0125651
FixedParameters: 0 0 0

#Transform 14
Transform: AffineTransform_float_3_3
Parameters: 1 -0.000400015 0.000118613 0.000399068 0.999997 0.00234307 -0.000119116 -0.00234304 0.999997 0.0484085 -0.0566106 0.0274311
FixedParameters: 0 0 0

#Transform 15
Transform: AffineTransform_float_3_3
Parameters: 1 -0.000190511 0.000533991 0.000188917 0.999999 0.00172511 -0.000534524 -0.00172492 0.999999 0.0472692 -0.0521811 -0.00132315
FixedParameters: 0 0 0

#Transform 16
Transform: AffineTransform_float_3_3
Parameters: 1 -0.000405258 0.000421955 0.000404806 1 0.000906419 -0.000421739 -0.000906557 0.999999 0.0532425 -0.0399271 0.0221357
FixedParameters: 0 0 0

#Transform 17
Transform: AffineTransform_float_3_3
Parameters: 1 -0.00052539 3.62588e-05 0.000525628 0.999999 0.00127978 -3.65698e-05 -0.00127981 0.999999 0.0370221 -0.0109137 0.0146092
FixedParameters: 0 0 0

#Transform 18
Transform: AffineTransform_float_3_3
Parameters: 1 -9.88192e-05 0.000577774 9.76243e-05 0.999999 0.00132116 -0.000577 -0.00132111 0.999999 0.0152762 -0.00909628 0.0284173
FixedParameters: 0 0 0

#Transform 19
Transform: AffineTransform_float_3_3
Parameters: 1 -0.000234877 2.80573e-05 0.000234906 0.999998 0.00168514 -2.87881e-05 -0.00168513 0.999998 0.0141434 -0.0340173 0.0712621
FixedParameters: 0 0 0

#Transform 20
Transform: AffineTransform_float_3_3
Parameters: 1 -7.95995e-05 -0.00049726 7.9616e-05 1 1.66328e-05 0.000497258 -1.6712e-05 1 0.0150805 -0.0317197 0.0058507
FixedParameters: 0 0 0

#Transform 21
Transform: AffineTransform_float_3_3
Parameters: 1 -3.18231e-05 -6.33768e-05 3.19053e-05 1 0.000648552 6.33355e-05 -0.000648556 1 0.00351291 -0.00192615 0.00667638
FixedParameters: 0 0 0

#Transform 22
Transform: AffineTransform_float_3_3
Parameters: 1 0.000105595 0.000170247 -0.000105654 1 0.000172989 -0.000170211 -0.000173025 1 -0.0133295 -0.0248383 -0.00468267
FixedParameters: 0 0 0

#Transform 23
Transform: AffineTransform_float_3_3
Parameters: 1 -0.000297076 0.000335089 0.000297025 1 7.7293e-05 -0.000335135 -7.70939e-05 1 -0.00654437 -0.0102198 -0.0091292
FixedParameters: 0 0 0

#Transform 24
Transform: AffineTransform_float_3_3
Parameters: 1 -0.000176839 0.000618849 0.000176235 1 0.000488244 -0.000619021 -0.000488026 0.999999 0.00926587 -0.0318244 0.00833982
FixedParameters: 0 0 0

#Transform 25
Transform: AffineTransform_float_3_3
Parameters: 0.999999 7.4351e-05 0.00080631 -7.47226e-05 1 0.000230407 -0.000806276 -0.000230527 0.999999 0.00580883 0.00166218 0.00229507
FixedParameters: 0 0 0

#Transform 26
Transform: AffineTransform_float_3_3
Parameters: 0.999999 -0.000419112 0.000648036 0.000419022 1 7.01773e-05 -0.000648094 -6.96342e-05 1 0.0178948 0.0595341 -0.0244876
FixedParameters: 0 0 0

#Transform 27
Transform: AffineTransform_float_3_3
Parameters: 0.999999 -0.000612611 0.000732873 0.0006117 1 0.000847011 -0.000732876 -0.000846185 1 0.0191752 0.00172942 0.0440563
FixedParameters: 0 0 0

#Transform 28
Transform: AffineTransform_float_3_3
Parameters: 1 -0.000847273 0.000765883 0.000847623 1 0.000527983 -0.000766101 -0.000527177 0.999999 0.0265282 0.077275 0.00411357
FixedParameters: 0 0 0

#Transform 29
Transform: AffineTransform_float_3_3
Parameters: 1 -0.000211763 0.000636313 0.000211885 0.999999 0.000666515 -0.000636808 -0.000666262 0.999999 0.0281401 0.00243823 0.00267502
FixedParameters: 0 0 0

#Transform 30
Transform: AffineTransform_float_3_3
Parameters: 0.999999 -0.000129406 0.000958248 0.000129698 1 0.000363385 -0.000958471 -0.000362744 1 0.0212659 -0.0224762 0.0130365
FixedParameters: 0 0 0

#Transform 31
Transform: AffineTransform_float_3_3
Parameters: 1 -0.000282974 0.000429971 0.000283026 1 -5.95114e-05 -0.000429937 5.97548e-05 1 0.0409759 0.063127 -0.0288312
FixedParameters: 0 0 0

#Transform 32
Transform: AffineTransform_float_3_3
Parameters: 0.999999 -0.000181851 0.00069678 0.000181453 1 0.00028575 -0.000696883 -0.000285497 0.999999 0.0356143 0.0233219 -0.0140776
FixedParameters: 0 0 0

#Transform 33
Transform: AffineTransform_float_3_3
Parameters: 1 -0.000298754 0.000467266 0.00029805 0.999999 0.000752656 -0.000467716 -0.000752377 0.999999 0.0395078 0.0294498 -0.00666653
FixedParameters: 0 0 0

#Transform 34
Transform: AffineTransform_float_3_3
Parameters: 1 -0.0009544 0.000626332 0.000954032 1 0.000401149 -0.000626252 -0.000401339 1 0.0376982 0.00670551 0.0207454
FixedParameters: 0 0 0

#Transform 35
Transform: AffineTransform_float_3_3
Parameters: 1 -0.00121862 9.92384e-05 0.00121863 0.999999 0.000846523 -0.000100413 -0.000846756 0.999999 0.0617466 -0.0288474 0.0350497
FixedParameters: 0 0 0

#Transform 36
Transform: AffineTransform_float_3_3
Parameters: 0.999999 -0.000738959 0.000677861 0.000738049 1 0.000915801 -0.000678179 -0.000914871 1 0.0203629 0.00193481 0.0291433
FixedParameters: 0 0 0

#Transform 37
Transform: AffineTransform_float_3_3
Parameters: 0.999999 -0.000718893 0.000720713 0.000718447 0.999999 0.000415605 -0.000720382 -0.000415546 0.999999 0.0222416 0.0416809 0.0268908
FixedParameters: 0 0 0

#Transform 38
Transform: AffineTransform_float_3_3
Parameters: 0.999999 -0.000828421 0.000342254 0.000828226 1 0.000741183 -0.000342532 -0.000741096 0.999999 0.0307477 0.0338163 0.0241535
FixedParameters: 0 0 0

#Transform 39
Transform: AffineTransform_float_3_3
Parameters: 1 -0.000302429 0.000675928 0.000302243 1 0.00110038 -0.000675772 -0.00110006 0.999999 0.0157876 0.0492736 0.0278095
FixedParameters: 0 0 0

#Transform 40
Transform: AffineTransform_float_3_3
Parameters: 0.999999 -0.000816516 0.000300226 0.000816015 0.999998 0.00138186 -0.000301448 -0.00138144 0.999999 0.0249042 0.0107184 0.0449324
FixedParameters: 0 0 0

#Transform 41
Transform: AffineTransform_float_3_3
Parameters: 1 -0.000917701 0.000527053 0.000916937 0.999999 0.000919749 -0.000527766 -0.000918849 1 0.0452972 0.0128007 0.00273824
FixedParameters: 0 0 0

#Transform 42
Transform: AffineTransform_float_3_3
Parameters: 0.999999 -0.000808165 0.000545715 0.000808159 0.999999 0.00114745 -0.000546793 -0.00114756 1 0.0297911 0.0171141 0.0237881
FixedParameters: 0 0 0

#Transform 43
Transform: AffineTransform_float_3_3
Parameters: 1 -0.000893696 0.000638329 0.000892735 0.999999 0.000913607 -0.000638987 -0.000912533 1 0.0462261 0.0319229 0.00853814
FixedParameters: 0 0 0

#Transform 44
Transform: AffineTransform_float_3_3
Parameters: 1 -0.00095882 0.000668774 0.000957403 0.999999 0.0012125 -0.000670123 -0.00121128 0.999999 0.047818 0.0495029 -0.00360963
FixedParameters: 0 0 0

#Transform 45
Transform: AffineTransform_float_3_3
Parameters: 1 -0.000875765 0.000794885 0.000873967 0.999999 0.00126033 -0.000796116 -0.00125901 0.999999 0.0331591 0.0184807 0.0228059
FixedParameters: 0 0 0

#Transform 46
Transform: AffineTransform_float_3_3
Parameters: 0.999999 -0.00077453 0.00130718 0.000772027 0.999999 0.0014342 -0.00130862 -0.00143317 0.999998 0.0335308 0.0771754 0.00640596
FixedParameters: 0 0 0

#Transform 47
Transform: AffineTransform_float_3_3
Parameters: 0.999999 -0.00107745 0.000896158 0.00107542 0.999998 0.00199867 -0.000898733 -0.00199821 0.999997 0.0378146 -0.044976 0.0301958
FixedParameters: 0 0 0

#Transform 48
Transform: AffineTransform_float_3_3
Parameters: 0.999999 -0.0011148 0.00110269 0.00111412 0.999999 0.000908512 -0.00110302 -0.000907115 0.999999 0.0428423 0.0562563 0.0197503
FixedParameters: 0 0 0

#Transform 49
Transform: AffineTransform_float_3_3
Parameters: 0.999999 -0.00106463 0.0012168 0.00106177 0.999997 0.00176904 -0.00121881 -0.00176751 0.999998 0.0379113 -0.00825239 0.0426184
FixedParameters: 0 0 0

#Transform 50
Transform: AffineTransform_float_3_3
Parameters: 1 -0.000911591 0.000676445 0.00091008 0.999999 0.00149991 -0.000677254 -0.00149922 0.999998 0.0334897 -0.0237969 0.0353244
FixedParameters: 0 0 0

#Transform 51
Transform: AffineTransform_float_3_3
Parameters: 0.999999 -0.00113007 0.000755507 0.00112871 0.999999 0.00103764 -0.000756875 -0.001036 0.999999 0.0316382 0.00598855 0.00775619
FixedParameters: 0 0 0

#Transform 52
Transform: AffineTransform_float_3_3
Parameters: 0.999999 -0.000821186 0.00112509 0.000819015 0.999998 0.00161047 -0.00112598 -0.00160968 0.999998 0.0236397 -0.00577163 0.0168587
FixedParameters: 0 0 0

#Transform 53
Transform: AffineTransform_float_3_3
Parameters: 1 -0.000566899 0.0010484 0.00056548 0.999999 0.00121175 -0.00104905 -0.00121156 0.999999 0.019914 0.0223381 0.0462476
FixedParameters: 0 0 0

#Transform 54
Transform: AffineTransform_float_3_3
Parameters: 0.999999 -0.000652923 0.000586921 0.000652771 0.999999 0.00123773 -0.000587715 -0.00123705 0.999999 0.0153359 0.00037393 0.0467248
FixedParameters: 0 0 0

#Transform 55
Transform: AffineTransform_float_3_3
Parameters: 0.999999 -0.000680131 0.000543462 0.00067975 0.999999 0.00164336 -0.000544898 -0.00164312 0.999998 0.0111845 0.035678 0.0517336
FixedParameters: 0 0 0

#Transform 56
Transform: AffineTransform_float_3_3
Parameters: 0.999999 -0.00106446 0.00101106 0.00106274 0.999998 0.00156618 -0.00101264 -0.0015651 0.999999 0.037622 0.0321226 0.0381163
FixedParameters: 0 0 0

#Transform 57
Transform: AffineTransform_float_3_3
Parameters: 0.999999 -0.00119018 0.000797266 0.00118851 0.999999 0.00120854 -0.000799235 -0.00120803 0.999999 0.0368999 -0.0391971 0.0473723
FixedParameters: 0 0 0

#Transform 58
Transform: AffineTransform_float_3_3
Parameters: 0.999999 -0.0010448 0.000967169 0.00104318 0.999999 0.00091695 -0.000968154 -0.000915906 0.999999 0.0382447 0.0473357 0.0285567
FixedParameters: 0 0 0

#Transform 59
Transform: AffineTransform_float_3_3
Parameters: 0.999999 -0.00110174 0.000864894 0.00109932 0.999998 0.00170636 -0.00086664 -0.00170459 0.999998 0.0380575 0.00471154 0.0599988
FixedParameters: 0 0 0

#Transform 60
Transform: AffineTransform_float_3_3
Parameters: 0.999999 -0.00109542 0.000852528 0.00109316 0.999998 0.00150563 -0.000854871 -0.00150424 0.999998 0.0299733 0.0450419 0.0448689
FixedParameters: 0 0 0

#Transform 61
Transform: AffineTransform_float_3_3
Parameters: 0.999999 -0.00116604 0.000648298 0.00116414 0.999997 0.00211948 -0.000650279 -0.00211858 0.999997 0.0387146 -0.0246967 0.0646514
FixedParameters: 0 0 0

#Transform 62
Transform: AffineTransform_float_3_3
Parameters: 0.999999 -0.00109682 0.000855172 0.00109463 0.999998 0.00154857 -0.000856687 -0.00154815 0.999998 0.042127 -0.0337444 0.0593483
FixedParameters: 0 0 0

#Transform 63
Transform: AffineTransform_float_3_3
Parameters: 0.999999 -0.00109251 0.000846772 0.00109037 0.999999 0.00141189 -0.000848948 -0.00141143 0.999999 0.0379046 0.00558775 0.0536531
FixedParameters: 0 0 0

#Transform 64
Transform: AffineTransform_float_3_3
Parameters: 0.999999 -0.00121238 0.000427086 0.00121121 0.999997 0.0021066 -0.000430206 -0.00210611 0.999997 0.0403889 -0.0378188 0.0771382
FixedParameters: 0 0 0

#Transform 65
Transform: AffineTransform_float_3_3
Parameters: 0.999999 -0.00111308 0.00082189 0.00111072 0.999998 0.00175578 -0.000823785 -0.00175408 0.999998 0.0334161 0.0181141 0.073733
FixedParameters: 0 0 0

#Transform 66
Transform: AffineTransform_float_3_3
Parameters: 0.999999 -0.00108894 0.000946678 0.00108713 0.999998 0.00180973 -0.000948842 -0.00180824 0.999998 0.0378114 0.0206084 0.044037
FixedParameters: 0 0 0

#Transform 67
Transform: AffineTransform_float_3_3
Parameters: 1 -0.00092248 0.000619237 0.000921974 0.999998 0.00160933 -0.000620494 -0.00160875 0.999998 0.038063 0.0430728 0.035195
FixedParameters: 0 0 0

#Transform 68
Transform: AffineTransform_float_3_3
Parameters: 0.999999 -0.00115125 0.000688665 0.00114937 0.999998 0.00197912 -0.000690259 -0.00197815 0.999998 0.0541778 -0.0198964 0.0578853
FixedParameters: 0 0 0

#Transform 69
Transform: AffineTransform_float_3_3
Parameters: 0.999999 -0.00116042 0.00061224 0.00115877 0.999998 0.0018192 -0.000614519 -0.00181924 0.999999 0.0408526 -0.00158628 0.0819181
FixedParameters: 0 0 0

#Transform 70
Transform: AffineTransform_float_3_3
Parameters: 0.999999 -0.00111683 0.000764009 0.00111495 0.999998 0.00156355 -0.000765574 -0.00156239 0.999998 0.0233364 0.103121 0.149092
FixedParameters: 0 0 0

#Transform 71
Transform: AffineTransform_float_3_3
Parameters: 0.999998 -0.00141162 0.00102472 0.00141086 0.999998 0.00170717 -0.00102705 -0.00170583 0.999998 0.0285738 0.0102656 0.165749
FixedParameters: 0 0 0

#Transform 72
Transform: AffineTransform_float_3_3
Parameters: 0.999998 -0.00159619 0.000780944 0.0015953 0.999997 0.00186388 -0.000783172 -0.00186208 0.999998 0.0353387 0.0753818 0.106935
FixedParameters: 0 0 0

#Transform 73
Transform: AffineTransform_float_3_3
Parameters: 0.999998 -0.00137234 0.00122551 0.00136873 0.999997 0.00223936 -0.00122889 -0.00223755 0.999997 0.022473 -0.0278834 0.106438
FixedParameters: 0 0 0

#Transform 74
Transform: AffineTransform_float_3_3
Parameters: 0.999999 -0.00166058 0.000820219 0.00165935 0.999997 0.00174835 -0.000823382 -0.00174717 0.999998 0.0364821 0.0906201 0.0837623
FixedParameters: 0 0 0

#Transform 75
Transform: AffineTransform_float_3_3
Parameters: 0.999998 -0.00147373 0.000812627 0.00147185 0.999996 0.00234574 -0.000816728 -0.00234398 0.999997 0.0320874 0.0740705 0.0820449
FixedParameters: 0 0 0

#Transform 76
Transform: AffineTransform_float_3_3
Parameters: 0.999998 -0.0014798 0.00113245 0.00147785 0.999997 0.00211956 -0.00113617 -0.00211777 0.999997 0.0294065 0.0846775 0.106966
FixedParameters: 0 0 0

#Transform 77
Transform: AffineTransform_float_3_3
Parameters: 0.999998 -0.00147091 0.00105025 0.00146913 0.999997 0.00152847 -0.00105307 -0.00152685 0.999998 0.030774 0.0574122 0.115444
FixedParameters: 0 0 0

#Transform 78
Transform: AffineTransform_float_3_3
Parameters: 0.999999 -0.00139452 0.000603275 0.00139397 0.999997 0.00223561 -0.000605729 -0.00223463 0.999998 0.014156 0.0304397 0.13616
FixedParameters: 0 0 0

#Transform 79
Transform: AffineTransform_float_3_3
Parameters: 0.999999 -0.00131398 0.000589032 0.00131319 0.999996 0.00249751 -0.000591813 -0.00249667 0.999996 0.0226262 0.0375339 0.0922659
FixedParameters: 0 0 0

#Transform 80
Transform: AffineTransform_float_3_3
Parameters: 0.999998 -0.00148786 0.000870704 0.00148663 0.999997 0.00171935 -0.000873117 -0.00171831 0.999998 0.0315404 0.06459 0.0508409
FixedParameters: 0 0 0

#Transform 81
Transform: AffineTransform_float_3_3
Parameters: 0.999998 -0.00142672 0.00118635 0.00142506 0.999997 0.0018512 -0.00118914 -0.00184938 0.999997 0.0274127 0.0154584 0.110902
FixedParameters: 0 0 0

#Transform 82
Transform: AffineTransform_float_3_3
Parameters: 0.999998 -0.00139642 0.00115838 0.00139545 0.999999 0.00104192 -0.00115962 -0.00104016 0.999999 0.0533528 0.0541427 0.0970015
FixedParameters: 0 0 0

#Transform 83
Transform: AffineTransform_float_3_3
Parameters: 0.999998 -0.00142846 0.00147983 0.0014261 0.999998 0.00159069 -0.00148295 -0.00158886 0.999998 0.0509643 0.0303298 0.112463
FixedParameters: 0 0 0

#Transform 84
Transform: AffineTransform_float_3_3
Parameters: 0.999999 -0.00137955 0.00134388 0.00137796 0.999998 0.0015443 -0.00134575 -0.00154306 0.999998 0.0543777 0.0222817 0.0734448
FixedParameters: 0 0 0

#Transform 85
Transform: AffineTransform_float_3_3
Parameters: 0.999999 -0.00131431 0.000683692 0.00131404 0.999998 0.00124684 -0.000685303 -0.00124651 0.999999 0.0503093 0.0143786 0.0665257
FixedParameters: 0 0 0

#Transform 86
Transform: AffineTransform_float_3_3
Parameters: 0.999998 -0.00143447 0.00115986 0.0014328 0.999997 0.0018987 -0.00116282 -0.00189693 0.999997 0.0519247 0.0381189 0.101396
FixedParameters: 0 0 0

#Transform 87
Transform: AffineTransform_float_3_3
Parameters: 0.999997 -0.00188877 0.00107137 0.0018871 0.999997 0.00154588 -0.00107456 -0.00154337 0.999999 0.062809 0.0731106 0.110952
FixedParameters: 0 0 0

#Transform 88
Transform: AffineTransform_float_3_3
Parameters: 0.999998 -0.00187109 0.00105026 0.00186939 0.999997 0.00173792 -0.00105317 -0.001736 0.999998 0.0594487 0.0304428 0.0917611
FixedParameters: 0 0 0

#Transform 89
Transform: AffineTransform_float_3_3
Parameters: 0.999996 -0.00237684 0.00126991 0.00237363 0.999993 0.00274384 -0.0012766 -0.00274045 0.999995 0.0823017 0.00433358 0.104048
FixedParameters: 0 0 0

#Transform 90
Transform: AffineTransform_float_3_3
Parameters: 0.999997 -0.00182153 0.00134516 0.00181819 0.999996 0.00202844 -0.00134793 -0.00202613 0.999997 0.0527555 0.0670529 0.0658217
FixedParameters: 0 0 0

#Transform 91
Transform: AffineTransform_float_3_3
Parameters: 0.999997 -0.00229391 0.00110854 0.00229256 0.999996 0.00139897 -0.00111155 -0.00139721 0.999998 0.061568 0.0509165 0.0734221
FixedParameters: 0 0 0

#Transform 92
Transform: AffineTransform_float_3_3
Parameters: 0.999998 -0.00164124 0.0012768 0.00164032 0.999998 0.000855132 -0.00127804 -0.000853318 0.999999 0.0499015 0.0626305 0.0633161
FixedParameters: 0 0 0

#Transform 93
Transform: AffineTransform_float_3_3
Parameters: 0.999997 -0.00176684 0.00131804 0.00176513 0.999998 0.000680576 -0.00131964 -0.000678213 0.999999 0.0534198 0.0834385 0.0724708
FixedParameters: 0 0 0

#Transform 94
Transform: AffineTransform_float_3_3
Parameters: 0.999997 -0.0022198 0.00131672 0.00221839 0.999997 0.001146 -0.00131932 -0.0011425 0.999998 0.0582772 0.0229691 0.10066
FixedParameters: 0 0 0

#Transform 95
Transform: AffineTransform_float_3_3
Parameters: 0.999997 -0.00191775 0.00147511 0.00191617 0.999998 0.000958067 -0.0014773 -0.000955195 0.999998 0.0529654 0.0390076 0.0923839
FixedParameters: 0 0 0

#Transform 96
Transform: AffineTransform_float_3_3
Parameters: 0.999997 -0.00200867 0.00146464 0.00200746 0.999998 0.000836771 -0.00146652 -0.000833673 0.999999 0.0560577 0.0834619 0.0543995
FixedParameters: 0 0 0

#Transform 97
Transform: AffineTransform_float_3_3
Parameters: 0.999996 -0.00225005 0.00125709 0.00224979 0.999997 0.000598691 -0.0012583 -0.000595819 1 0.0557763 0.00420629 0.0281366
FixedParameters: 0 0 0

#Transform 98
Transform: AffineTransform_float_3_3
Parameters: 0.999997 -0.00233668 0.00135988 0.00233627 0.999998 0.000600774 -0.00136129 -0.000597612 0.999999 0.0632366 0.0968153 0.0577573
FixedParameters: 0 0 0

#Transform 99
Transform: AffineTransform_float_3_3
Parameters: 0.999996 -0.00237275 0.00120407 0.00237248 0.999997 0.000664019 -0.00120584 -0.00066191 0.999999 0.0646512 0.0962206 0.058315
FixedParameters: 0 0 0

#Transform 100
Transform: AffineTransform_float_3_3
Parameters: 0.999997 -0.00235583 0.00138081 0.00235414 0.999997 0.00112717 -0.00138375 -0.00112392 0.999998 0.0437641 0.0590589 0.0889649
FixedParameters: 0 0 0

#Transform 101
Transform: AffineTransform_float_3_3
Parameters: 0.999996 -0.00240375 0.00110475 0.00240341 0.999997 0.000884736 -0.00110653 -0.00088178 0.999999 0.048398 0.0756598 0.128322
FixedParameters: 0 0 0

#Transform 102
Transform: AffineTransform_float_3_3
Parameters: 0.999996 -0.00235445 0.00132347 0.00235382 0.999997 0.000824954 -0.00132492 -0.000821986 0.999999 0.046644 0.100852 0.0935623
FixedParameters: 0 0 0

#Transform 103
Transform: AffineTransform_float_3_3
Parameters: 0.999997 -0.00235435 0.00138765 0.00235265 0.999997 0.0011268 -0.00139058 -0.00112352 0.999998 0.0445238 0.0578182 0.119378
FixedParameters: 0 0 0

#Transform 104
Transform: AffineTransform_float_3_3
Parameters: 0.999997 -0.00235814 0.00137007 0.00235648 0.999997 0.00112775 -0.00137302 -0.00112454 0.999998 0.0467701 0.0879148 0.128487
FixedParameters: 0 0 0

#Transform 105
Transform: AffineTransform_float_3_3
Parameters: 0.999997 -0.00234425 0.00143451 0.00234246 0.999997 0.00112427 -0.0014374 -0.00112081 0.999998 0.0383648 0.124469 0.117205
FixedParameters: 0 0 0

#Transform 106
Transform: AffineTransform_float_3_3
Parameters: 0.999996 -0.00241828 0.0013149 0.00241585 0.999995 0.00221175 -0.00132033 -0.00220888 0.999997 0.0301705 0.113419 0.0994119
FixedParameters: 0 0 0

#Transform 107
Transform: AffineTransform_float_3_3
Parameters: 0.999996 -0.00244584 0.00110213 0.00244397 0.999995 0.00181779 -0.00110653 -0.00181488 0.999998 0.0442807 0.102749 0.0944855
FixedParameters: 0 0 0

#Transform 108
Transform: AffineTransform_float_3_3
Parameters: 0.999998 -0.00194485 0.000783139 0.00194332 0.999997 0.00142916 -0.000785879 -0.00142714 0.999998 0.0215975 0.113929 0.132378
FixedParameters: 0 0 0

#Transform 109
Transform: AffineTransform_float_3_3
Parameters: 0.999997 -0.00216389 0.00114681 0.00216324 0.999997 0.000914589 -0.00114831 -0.000912478 0.999999 0.0353305 0.128753 0.145968
FixedParameters: 0 0 0

#Transform 110
Transform: AffineTransform_float_3_3
Parameters: 0.999997 -0.0023572 0.00138031 0.00235599 0.999997 0.000881597 -0.00138306 -0.000878281 0.999999 0.0451935 0.15203 0.14999
FixedParameters: 0 0 0

#Transform 111
Transform: AffineTransform_float_3_3
Parameters: 0.999997 -0.00233751 0.00144485 0.00233657 0.999997 0.000749987 -0.00144696 -0.000746425 0.999999 0.0466106 0.115767 0.155834
FixedParameters: 0 0 0

#Transform 112
Transform: AffineTransform_float_3_3
Parameters: 0.999995 -0.00251595 0.00156539 0.00251473 0.999996 0.00082879 -0.00156723 -0.000825083 0.999999 0.0415272 0.0447034 0.148733
FixedParameters: 0 0 0

#Transform 113
Transform: AffineTransform_float_3_3
Parameters: 0.999996 -0.00264103 0.00166364 0.00263899 0.999995 0.00145865 -0.00166723 -0.00145327 0.999998 0.0329298 0.119831 0.11473
FixedParameters: 0 0 0

#Transform 114
Transform: AffineTransform_float_3_3
Parameters: 0.999997 -0.00239933 0.00129777 0.00239736 0.999997 0.00143037 -0.00130131 -0.00142788 0.999998 0.0471326 0.148415 0.067593
FixedParameters: 0 0 0

#Transform 115
Transform: AffineTransform_float_3_3
Parameters: 0.999996 -0.00257379 0.00145249 0.00257243 0.999996 0.0013999 -0.00145658 -0.00139617 0.999997 0.0474628 0.09243 0.0796712
FixedParameters: 0 0 0

#Transform 116
Transform: AffineTransform_float_3_3
Parameters: 0.999996 -0.00267602 0.00154514 0.00267415 0.999996 0.00112979 -0.00154792 -0.00112526 0.999998 0.0600823 0.152299 0.0876833
FixedParameters: 0 0 0

#Transform 117
Transform: AffineTransform_float_3_3
Parameters: 0.999995 -0.00279052 0.00144572 0.00278802 0.999995 0.00108833 -0.00144831 -0.00108398 0.999998 0.0512488 0.124448 0.102933
FixedParameters: 0 0 0

#Transform 118
Transform: AffineTransform_float_3_3
Parameters: 0.999996 -0.00252838 0.00117599 0.00252721 0.999996 0.00110335 -0.00117919 -0.00110066 0.999999 0.0374985 0.152632 0.16465
FixedParameters: 0 0 0

#Transform 119
Transform: AffineTransform_float_3_3
Parameters: 0.999998 -0.00213618 0.000828867 0.00213485 0.999997 0.000999764 -0.000831399 -0.00099808 1 0.012607 0.104356 0.225294
FixedParameters: 0 0 0

#Transform 120
Transform: AffineTransform_float_3_3
Parameters: 0.999997 -0.00217067 0.000538781 0.00217054 0.999998 0.000380548 -0.000539648 -0.000379505 1 -0.0143286 0.125245 0.23047
FixedParameters: 0 0 0

#Transform 121
Transform: AffineTransform_float_3_3
Parameters: 0.999997 -0.00217213 0.00059146 0.00217182 0.999998 0.000668987 -0.000592608 -0.00066778 0.999999 -0.0108656 0.170283 0.265169
FixedParameters: 0 0 0

#Transform 122
Transform: AffineTransform_float_3_3
Parameters: 0.999998 -0.00220814 0.000755986 0.00220866 0.999998 0.000402361 -0.00075725 -0.00040033 0.999999 0.00684363 0.169318 0.254198
FixedParameters: 0 0 0

#Transform 123
Transform: AffineTransform_float_3_3
Parameters: 0.999997 -0.00220752 0.00108866 0.00220773 0.999998 0.000399375 -0.00108995 -0.000396786 0.999999 0.0149019 0.17413 0.195028
FixedParameters: 0 0 0

#Transform 124
Transform: AffineTransform_float_3_3
Parameters: 0.999997 -0.00221117 0.000370816 0.00221114 0.999998 0.000485648 -0.000372134 -0.000484394 1 -0.011824 0.165728 0.241997
FixedParameters: 0 0 0

#Transform 125
Transform: AffineTransform_float_3_3
Parameters: 0.999998 -0.00201259 -9.32431e-05 0.00201294 0.999998 0.000674326 9.13775e-05 -0.000674674 0.999999 -0.0172822 0.162304 0.229352
FixedParameters: 0 0 0

#Transform 126
Transform: AffineTransform_float_3_3
Parameters: 0.999998 -0.00210186 0.000145544 0.00210194 0.999998 -0.000214852 -0.000144763 0.000215553 1 -0.0127846 0.158606 0.238965
FixedParameters: 0 0 0

#Transform 127
Transform: AffineTransform_float_3_3
Parameters: 0.999997 -0.00207512 -0.000393099 0.00207414 0.999997 -0.00175402 0.000396266 0.00175272 0.999999 -0.00893491 0.175855 0.234275
FixedParameters: 0 0 0

#Transform 128
Transform: AffineTransform_float_3_3
Parameters: 0.999998 -0.00167255 -0.00107047 0.00167156 0.999998 -0.00122788 0.00107229 0.00122622 0.999999 -0.0215028 0.208895 0.276133
FixedParameters: 0 0 0

#Transform 129
Transform: AffineTransform_float_3_3
Parameters: 0.999998 -0.00183825 -0.000621595 0.00183764 0.999998 -0.001006 0.000623137 0.00100524 0.999999 -0.0335199 0.185489 0.309688
FixedParameters: 0 0 0

#Transform 130
Transform: AffineTransform_float_3_3
Parameters: 0.999998 -0.00179942 -0.000907077 0.00179851 0.999998 -0.000861137 0.000908018 0.0008594 0.999999 -0.0322143 0.172542 0.34381
FixedParameters: 0 0 0

#Transform 131
Transform: AffineTransform_float_3_3
Parameters: 0.999998 -0.00175456 -0.000674008 0.00175333 0.999998 -0.000786647 0.000675751 0.000784847 1 -0.0231276 0.161811 0.299657
FixedParameters: 0 0 0

#Transform 132
Transform: AffineTransform_float_3_3
Parameters: 0.999997 -0.00184695 -0.00104743 0.00184679 0.999998 -7.00926e-05 0.00104771 6.80451e-05 0.999999 -0.0219882 0.164906 0.257971
FixedParameters: 0 0 0

#Transform 133
Transform: AffineTransform_float_3_3
Parameters: 0.999998 -0.00161741 -0.000539773 0.00161717 0.999998 -0.000258339 0.000540567 0.000257092 0.999999 -0.0259925 0.168044 0.247851
FixedParameters: 0 0 0

#Transform 134
Transform: AffineTransform_float_3_3
Parameters: 0.999998 -0.00164268 -0.000505934 0.00164231 0.999998 -0.000452675 0.000507425 0.000452419 0.999999 -0.0196955 0.178275 0.256242
FixedParameters: 0 0 0

#Transform 135
Transform: AffineTransform_float_3_3
Parameters: 0.999999 -0.00169453 -0.000415003 0.00169408 0.999998 -0.000437726 0.000416384 0.000436822 0.999999 -0.0227041 0.186813 0.276141
FixedParameters: 0 0 0

#Transform 136
Transform: AffineTransform_float_3_3
Parameters: 0.999998 -0.00162672 -0.000552295 0.00162556 0.999999 -0.00105274 0.000554811 0.00105241 0.999999 -0.00726731 0.231718 0.240343
FixedParameters: 0 0 0

#Transform 137
Transform: AffineTransform_float_3_3
Parameters: 0.999998 -0.00200075 -0.000350434 0.00200109 0.999998 0.000171086 0.000350596 -0.000172464 1 -0.0131576 0.155443 0.292269
FixedParameters: 0 0 0

#Transform 138
Transform: AffineTransform_float_3_3
Parameters: 0.999998 -0.00204245 -0.000331132 0.00204201 0.999998 -0.00037861 0.000331579 0.000377415 1 -0.00680663 0.20594 0.244626
FixedParameters: 0 0 0

#Transform 139
Transform: AffineTransform_float_3_3
Parameters: 0.999998 -0.001954 6.71738e-05 0.00195387 0.999998 -0.000446148 -6.65263e-05 0.000446568 1 -0.0127417 0.172164 0.262355
FixedParameters: 0 0 0

#Transform 140
Transform: AffineTransform_float_3_3
Parameters: 0.999998 -0.001886 0.000401255 0.00188625 0.999998 -0.000362089 -0.000400056 0.000362783 1 0.00325512 0.169374 0.305353
FixedParameters: 0 0 0

#Transform 141
Transform: AffineTransform_float_3_3
Parameters: 0.999998 -0.00192785 0.000199509 0.00192797 0.999998 -0.000395209 -0.000198153 0.000395158 1 -0.00893383 0.18319 0.276582
FixedParameters: 0 0 0

#Transform 142
Transform: AffineTransform_float_3_3
Parameters: 0.999999 -0.00183021 5.96765e-05 0.00183018 0.999999 -0.000107106 -5.94535e-05 0.000106507 1 -0.0112859 0.154299 0.288201
FixedParameters: 0 0 0

#Transform 143
Transform: AffineTransform_float_3_3
Parameters: 0.999999 -0.00178514 0.000129499 0.00178521 0.999999 0.00058658 -0.000130743 -0.000586092 0.999999 -0.0105216 0.198158 0.268395
FixedParameters: 0 0 0

#Transform 144
Transform: AffineTransform_float_3_3
Parameters: 0.999998 -0.0019196 3.18104e-05 0.00191954 0.999998 0.000326859 -3.32345e-05 -0.000327552 1 -0.00690898 0.214861 0.256808
FixedParameters: 0 0 0

#Transform 145
Transform: AffineTransform_float_3_3
Parameters: 0.999999 -0.00180169 0.000294376 0.00180152 0.999998 0.000576099 -0.000295647 -0.000575921 1 -0.0131525 0.18795 0.222253
FixedParameters: 0 0 0

#Transform 146
Transform: AffineTransform_float_3_3
Parameters: 0.999998 -0.00191734 0.000567875 0.00191757 0.999998 0.00104214 -0.000570289 -0.00104183 1 -0.00199569 0.151913 0.262189
FixedParameters: 0 0 0

#Transform 147
Transform: AffineTransform_float_3_3
Parameters: 0.999998 -0.00195807 0.000312717 0.00195799 0.999998 0.000403862 -0.000313493 -0.000403521 1 0.00774421 0.181233 0.207333
FixedParameters: 0 0 0

#Transform 148
Transform: AffineTransform_float_3_3
Parameters: 0.999997 -0.0022182 0.0002293 0.0022183 0.999998 0.000492977 -0.000230659 -0.000492346 1 -0.000283142 0.138249 0.260431
FixedParameters: 0 0 0

#Transform 149
Transform: AffineTransform_float_3_3
Parameters: 0.999997 -0.00211619 0.00040918 0.00211593 0.999998 0.000932473 -0.000411285 -0.000931693 1 0.00062888 0.138927 0.308322
FixedParameters: 0 0 0
