#Insight Transform File V1.0
#Transform 0
Transform: AffineTransform_float_3_3
Parameters: 0.999998 0.0019538 0.000716191 -0.00195805 0.999983 0.00554281 -0.000705159 -0.00554349 0.999984 -0.0815065 -0.0571782 0.135395
FixedParameters: 0 0 0

#Transform 1
Transform: AffineTransform_float_3_3
Parameters: 0.999999 0.00118622 0.000888334 -0.00119024 0.999989 0.00467231 -0.00088281 -0.00467306 0.999989 -0.0772598 0.00583068 0.0605853
FixedParameters: 0 0 0

#Transform 2
Transform: AffineTransform_float_3_3
Parameters: 0.999999 0.000765249 0.000553976 -0.000767767 0.999987 0.00488624 -0.000549854 -0.00488683 0.999988 -0.0492547 -0.0661975 0.112505
FixedParameters: 0 0 0

#Transform 3
Transform: AffineTransform_float_3_3
Parameters: 0.999999 0.000672128 0.00086954 -0.000676038 0.999987 0.0051556 -0.000866545 -0.0051564 0.999987 -0.0423686 -0.0247385 0.148554
FixedParameters: 0 0 0

#Transform 4
Transform: AffineTransform_float_3_3
Parameters: 0.999999 0.00031046 0.000906875 -0.00031445 0.99999 0.004435 -0.00090557 -0.00443536 0.999989 -0.0294849 -0.0019191 0.0956194
FixedParameters: 0 0 0

#Transform 5
Transform: AffineTransform_float_3_3
Parameters: 0.999999 0.000742227 0.000962709 -0.000746052 0.99999 0.00436714 -0.000959761 -0.00436731 0.99999 -0.02788 -0.0306033 0.108098
FixedParameters: 0 0 0

#Transform 6
Transform: AffineTransform_float_3_3
Parameters: 0.999999 7.41024e-05 0.00109458 -7.81663e-05 0.999991 0.00420079 -0.00109463 -0.00420165 0.99999 -0.0324263 0.0403404 0.0368683
FixedParameters: 0 0 0

#Transform 7
Transform: AffineTransform_float_3_3
Parameters: 0.999999 0.000629385 0.00115328 -0.000634 0.999989 0.00449647 -0.00115044 -0.00449624 0.999989 -0.0536427 -0.0624028 0.083299
FixedParameters: 0 0 0

#Transform 8
Transform: AffineTransform_float_3_3
Parameters: 0.999999 0.000372747 0.00156727 -0.00038029 0.999991 0.00424095 -0.00156585 -0.0042414 0.999989 -0.0414419 0.0024212 0.0906799
FixedParameters: 0 0 0

#Transform 9
Transform: AffineTransform_float_3_3
Parameters: 0.999998 1.38354e-05 0.00172238 -2.18804e-05 0.999991 0.00448003 -0.00172237 -0.00447982 0.999988 -0.0144491 -0.00104869 0.117913
FixedParameters: 0 0 0

#Transform 10
Transform: AffineTransform_float_3_3
Parameters: 1 -6.35033e-05 0.00122862 5.8134e-05 0.999991 0.00435634 -0.0012288 -0.00435603 0.99999 0.00512313 -0.0205508 0.119131
FixedParameters: 0 0 0

#Transform 11
Transform: AffineTransform_float_3_3
Parameters: 0.999998 4.43363e-06 0.00173095 -1.24354e-05 0.99999 0.00440897 -0.001731 -0.00440831 0.999989 -0.0193711 -0.0214078 0.114588
FixedParameters: 0 0 0

#Transform 12
Transform: AffineTransform_float_3_3
Parameters: 1 -2.20112e-05 0.00129519 1.68009e-05 0.999992 0.00397901 -0.00129488 -0.00397838 0.999991 0.00125184 0.0248346 0.105999
FixedParameters: 0 0 0

#Transform 13
Transform: AffineTransform_float_3_3
Parameters: 0.999999 0.000126681 0.00151838 -0.000132797 0.999992 0.00405378 -0.0015171 -0.00405396 0.99999 -0.00186665 0.00466481 0.139155
FixedParameters: 0 0 0

#Transform 14
Transform: AffineTransform_float_3_3
Parameters: 0.999999 0.000134077 0.00166072 -0.000140507 0.999993 0.00376655 -0.00165938 -0.0037668 0.999991 -0.00494028 -0.0157645 0.122881
FixedParameters: 0 0 0

#Transform 15
Transform: AffineTransform_float_3_3
Parameters: 0.999998 3.73431e-05 0.00180738 -4.42416e-05 0.999993 0.00385784 -0.00180709 -0.00385822 0.999991 -0.00354806 -0.010824 0.110856
FixedParameters: 0 0 0

#Transform 16
Transform: AffineTransform_float_3_3
Parameters: 0.999998 2.15906e-07 0.00175824 -6.75175e-06 0.999993 0.00386229 -0.00175824 -0.00386253 0.999991 -0.00215594 -0.023464 0.0971443
FixedParameters: 0 0 0

#Transform 17
Transform: AffineTransform_float_3_3
Parameters: 0.999998 -3.51721e-05 0.00170791 2.95222e-05 0.999996 0.00298548 -0.00170843 -0.00298567 0.999994 -0.000827812 0.0184683 0.123589
FixedParameters: 0 0 0

#Transform 18
Transform: AffineTransform_float_3_3
Parameters: 1 -0.000144879 0.00119871 0.000141231 0.999995 0.00301924 -0.00119964 -0.00301967 0.999995 -0.0202756 -0.0112287 0.0740071
FixedParameters: 0 0 0

#Transform 19
Transform: AffineTransform_float_3_3
Parameters: 1 0.000368281 0.000495471 -0.000369436 0.999997 0.00215545 -0.000495231 -0.00215571 0.999997 -0.0256723 -0.0372963 0.0529721
FixedParameters: 0 0 0

#Transform 20
Transform: AffineTransform_float_3_3
Parameters: 1 -0.00017606 -8.49481e-05 0.00017608 1 0.000118542 8.49064e-05 -0.000118572 1 0.0238442 -0.0133172 0.00357256
FixedParameters: 0 0 0

#Transform 21
Transform: AffineTransform_float_3_3
Parameters: 1 0.000121455 0.000395048 -0.000121638 1 0.000230808 -0.000394992 -0.000230904 1 0.00861292 -0.0130445 0.0457366
FixedParameters: 0 0 0

#Transform 22
Transform: AffineTransform_float_3_3
Parameters: 1 -2.51355e-05 6.45958e-06 2.51341e-05 1 0.000106956 -6.46496e-06 -0.000106955 1 0.0179785 -0.0187011 0.0187078
FixedParameters: 0 0 0

#Transform 23
Transform: AffineTransform_float_3_3
Parameters: 0.999999 -0.000323518 0.000670249 0.000322656 0.999999 0.000814491 -0.000669873 -0.000815011 0.999999 0.0166638 -0.0147925 0.0569029
FixedParameters: 0 0 0

#Transform 24
Transform: AffineTransform_float_3_3
Parameters: 1 5.48419e-05 0.000227543 -5.49786e-05 1 0.00030041 -0.00022751 -0.000300435 1 0.0149997 0.00777897 0.0149194
FixedParameters: 0 0 0

#Transform 25
Transform: AffineTransform_float_3_3
Parameters: 1 0.00031733 0.000580429 -0.000317819 1 0.00042131 -0.000580161 -0.000421678 0.999999 0.00334212 -0.00166753 0.0202199
FixedParameters: 0 0 0

#Transform 26
Transform: AffineTransform_float_3_3
Parameters: 1 0.000141997 0.000656022 -0.00014169 1 -0.000234213 -0.000656089 0.000234027 1 0.00923758 0.0438034 -0.00414391
FixedParameters: 0 0 0

#Transform 27
Transform: AffineTransform_float_3_3
Parameters: 1 0.000289911 0.000612033 -0.000290577 1 0.000543965 -0.000611717 -0.00054432 0.999999 0.00314449 -0.0545265 0.0649083
FixedParameters: 0 0 0

#Transform 28
Transform: AffineTransform_float_3_3
Parameters: 1 6.97571e-05 0.000443449 -6.90914e-05 1 0.000341542 -0.000443611 -0.000341551 1 0.0106586 -0.0134254 0.0161892
FixedParameters: 0 0 0

#Transform 29
Transform: AffineTransform_float_3_3
Parameters: 1 0.00011901 0.000321346 -0.000119214 1 0.00031736 -0.00032127 -0.000317436 1 0.00923097 -0.0337326 0.0303319
FixedParameters: 0 0 0

#Transform 30
Transform: AffineTransform_float_3_3
Parameters: 1 -0.000395753 0.000424882 0.000395596 1 0.000184914 -0.000425029 -0.000184578 1 0.00953312 0.0226754 0.00763007
FixedParameters: 0 0 0

#Transform 31
Transform: AffineTransform_float_3_3
Parameters: 1 0.000416293 0.000225862 -0.000416851 1 0.00100905 -0.000226077 -0.00100918 1 0.00374208 -0.036535 0.0391518
FixedParameters: 0 0 0

#Transform 32
Transform: AffineTransform_float_3_3
Parameters: 1 1.69204e-05 -6.19805e-05 -1.6678e-05 1 0.00103446 6.19315e-05 -0.00103445 1 -0.00156579 -0.0362734 0.0385513
FixedParameters: 0 0 0

#Transform 33
Transform: AffineTransform_float_3_3
Parameters: 1 8.46992e-05 -0.000198248 -8.45848e-05 1 0.000288546 0.000198297 -0.000288512 1 -0.00181436 -0.0211422 -0.0108142
FixedParameters: 0 0 0

#Transform 34
Transform: AffineTransform_float_3_3
Parameters: 1 0.000230776 0.000279614 -0.000231369 1 0.000671919 -0.000280276 -0.000672001 0.999999 -0.00523177 -0.0894573 0.0473043
FixedParameters: 0 0 0

#Transform 35
Transform: AffineTransform_float_3_3
Parameters: 1 -0.000240134 0.000381241 0.000240309 1 5.44876e-05 -0.000380295 -5.43515e-05 1 -0.0158063 0.0458566 -0.0123332
FixedParameters: 0 0 0

#Transform 36
Transform: AffineTransform_float_3_3
Parameters: 1 0.00013071 -0.000489962 -0.00012969 1 0.000923996 0.000490119 -0.000923864 1 -0.0202184 -0.103033 0.0496629
FixedParameters: 0 0 0

#Transform 37
Transform: AffineTransform_float_3_3
Parameters: 1 0.000150405 -0.000123834 -0.000150393 1 5.09234e-05 0.00012385 -5.08861e-05 1 -0.0292964 0.0158751 0.004541
FixedParameters: 0 0 0

#Transform 38
Transform: AffineTransform_float_3_3
Parameters: 1 0.000234648 -0.000208229 -0.000235029 1 0.00113497 0.000208888 -0.00113492 1 -0.0384759 -0.0412867 0.0702568
FixedParameters: 0 0 0

#Transform 39
Transform: AffineTransform_float_3_3
Parameters: 1 5.26159e-05 -0.000168977 -5.21196e-05 1 0.00113034 0.000169012 -0.00113032 1 -0.0437182 0.00941655 0.0478767
FixedParameters: 0 0 0

#Transform 40
Transform: AffineTransform_float_3_3
Parameters: 1 0.00118078 -0.000306289 -0.00118038 0.999995 0.00272135 0.000309755 -0.00272052 0.999996 -0.0980725 -0.0659719 0.137872
FixedParameters: 0 0 0

#Transform 41
Transform: AffineTransform_float_3_3
Parameters: 1 9.90804e-05 -9.72336e-05 -9.89068e-05 0.999999 0.00081954 9.73264e-05 -0.000820427 1 -0.0456808 -0.00290156 0.00814776
FixedParameters: 0 0 0

#Transform 42
Transform: AffineTransform_float_3_3
Parameters: 1 0.000334598 -0.000261962 -0.000334254 0.999999 0.000656716 0.000262401 -0.00065654 1 -0.0515811 -0.019285 0.0309708
FixedParameters: 0 0 0

#Transform 43
Transform: AffineTransform_float_3_3
Parameters: 1 -0.00025048 -0.000126628 0.000250469 1 -4.33698e-05 0.00012665 4.33064e-05 1 -0.03652 0.0337392 -0.0435736
FixedParameters: 0 0 0

#Transform 44
Transform: AffineTransform_float_3_3
Parameters: 1 0.000114997 -2.41046e-05 -0.000114943 0.999999 0.000814663 2.42225e-05 -0.000815563 1 -0.048111 -0.0316624 -0.00490809
FixedParameters: 0 0 0

#Transform 45
Transform: AffineTransform_float_3_3
Parameters: 1 -0.000380727 -7.67941e-05 0.00038071 1 -0.000107913 7.68762e-05 0.000107854 1 -0.0309375 0.0402412 -0.0443407
FixedParameters: 0 0 0

#Transform 46
Transform: AffineTransform_float_3_3
Parameters: 1 0.00018888 0.000356186 -0.000189225 1 0.000483822 -0.000356003 -0.000483956 1 -0.04195 -0.0852138 0.0261346
FixedParameters: 0 0 0

#Transform 47
Transform: AffineTransform_float_3_3
Parameters: 1 -0.000245592 4.99726e-05 0.000245587 1 5.25961e-05 -4.99984e-05 -5.25716e-05 1 -0.0285515 -0.0279116 -0.0274436
FixedParameters: 0 0 0

#Transform 48
Transform: AffineTransform_float_3_3
Parameters: 1 -1.70029e-05 0.000318063 1.69593e-05 1 6.86766e-05 -0.000318065 -6.86658e-05 1 -0.0357558 -0.0747873 0.00834688
FixedParameters: 0 0 0

#Transform 49
Transform: AffineTransform_float_3_3
Parameters: 1 -0.000474232 0.000272552 0.000474319 1 -0.000159962 -0.0002724 0.00016022 1 -0.0182487 -0.00567647 -0.039798
FixedParameters: 0 0 0

#Transform 50
Transform: AffineTransform_float_3_3
Parameters: 0.999999 -0.000231864 0.000709026 0.000231462 1 -0.000389666 -0.000708705 0.000389035 1 -0.0331843 -0.0343504 -0.0100568
FixedParameters: 0 0 0

#Transform 51
Transform: AffineTransform_float_3_3
Parameters: 1 -0.000501989 0.0004897 0.000503341 0.999999 -0.00125077 -0.000488597 0.00125036 0.999999 -0.0224301 -0.00724774 -0.0394452
FixedParameters: 0 0 0

#Transform 52
Transform: AffineTransform_float_3_3
Parameters: 1 -0.000184583 0.00103979 0.000185138 0.999999 -0.00129585 -0.00103993 0.00129527 0.999998 -0.0192012 -0.0232299 -0.0288469
FixedParameters: 0 0 0

#Transform 53
Transform: AffineTransform_float_3_3
Parameters: 0.999999 -0.00100398 0.00111582 0.00100732 0.999996 -0.0028857 -0.00111271 0.00288704 0.999996 0.00237288 -0.00190131 -0.0596234
FixedParameters: 0 0 0

#Transform 54
Transform: AffineTransform_float_3_3
Parameters: 0.999999 -0.000415782 0.000880104 0.000416049 0.999999 -0.000831468 -0.000880231 0.000832614 0.999999 -0.0172269 -0.0546702 0.0260982
FixedParameters: 0 0 0

#Transform 55
Transform: AffineTransform_float_3_3
Parameters: 0.999999 -0.00101179 0.000869332 0.0010129 0.999999 -0.00123864 -0.000867684 0.00123907 0.999999 -0.00895469 0.022933 -0.0425273
FixedParameters: 0 0 0

#Transform 56
Transform: AffineTransform_float_3_3
Parameters: 0.999999 -0.00102391 0.000811995 0.0010247 0.999999 -0.00121468 -0.000810267 0.00121633 0.999999 0.00475738 -0.00621894 -0.00602527
FixedParameters: 0 0 0

#Transform 57
Transform: AffineTransform_float_3_3
Parameters: 0.999999 -0.00105104 0.000774929 0.00105169 0.999997 -0.00187203 -0.000772671 0.00187275 0.999998 -0.000406008 0.0149032 -0.0634473
FixedParameters: 0 0 0

#Transform 58
Transform: AffineTransform_float_3_3
Parameters: 0.999999 -0.00105142 0.000716376 0.00105222 0.999999 -0.00143583 -0.000715188 0.00143606 0.999999 -0.00842225 -0.00682602 -0.0449796
FixedParameters: 0 0 0

#Transform 59
Transform: AffineTransform_float_3_3
Parameters: 0.999999 -0.00105034 0.000775884 0.00105097 0.999997 -0.00185507 -0.000773664 0.00185579 0.999998 -0.0175882 0.0178102 -0.0537185
FixedParameters: 0 0 0

#Transform 60
Transform: AffineTransform_float_3_3
Parameters: 0.999999 -0.000499431 0.000680716 0.000500559 0.999999 -0.0014573 -0.000679132 0.00145794 0.999998 -0.00713137 -0.0158738 -0.0196389
FixedParameters: 0 0 0

#Transform 61
Transform: AffineTransform_float_3_3
Parameters: 0.999999 -0.000979357 0.00103431 0.000980204 0.999999 -0.0013837 -0.00103225 0.00138435 0.999998 -0.0105392 0.0384189 -0.0727362
FixedParameters: 0 0 0

#Transform 62
Transform: AffineTransform_float_3_3
Parameters: 1 -0.000523642 0.000826271 0.000524623 0.999998 -0.00182042 -0.000825069 0.00182032 0.999998 -0.0111929 -0.0394866 0.00447048
FixedParameters: 0 0 0

#Transform 63
Transform: AffineTransform_float_3_3
Parameters: 0.999999 -0.00102696 0.000916725 0.00102873 0.999998 -0.00213271 -0.000914031 0.00213459 0.999998 0.0025882 -0.0124159 -0.0315349
FixedParameters: 0 0 0

#Transform 64
Transform: AffineTransform_float_3_3
Parameters: 0.999998 -0.00098005 0.00121167 0.000982799 0.999996 -0.00279911 -0.00120868 0.0027992 0.999995 0.0296431 -0.0218161 0.0171406
FixedParameters: 0 0 0

#Transform 65
Transform: AffineTransform_float_3_3
Parameters: 0.999999 -0.00100433 0.0011478 0.00100763 0.999995 -0.00315137 -0.00114397 0.0031523 0.999994 0.0173488 -0.0103472 -0.0535328
FixedParameters: 0 0 0

#Transform 66
Transform: AffineTransform_float_3_3
Parameters: 0.999999 -0.00104599 0.00100934 0.00104905 0.999994 -0.00352551 -0.00100557 0.00352671 0.999994 0.0233301 -0.00704683 0.0199888
FixedParameters: 0 0 0

#Transform 67
Transform: AffineTransform_float_3_3
Parameters: 0.999999 -0.000954743 0.00136243 0.000958978 0.999995 -0.00309102 -0.00135897 0.00309308 0.999995 0.0209742 0.0301279 -0.0168385
FixedParameters: 0 0 0

#Transform 68
Transform: AffineTransform_float_3_3
Parameters: 0.999999 -0.00106275 0.000997869 0.00106675 0.999992 -0.00402456 -0.000994004 0.00402541 0.999991 0.0248221 -0.00626979 -0.0230941
FixedParameters: 0 0 0

#Transform 69
Transform: AffineTransform_float_3_3
Parameters: 0.999999 -0.00098013 0.00132724 0.000984856 0.999992 -0.00371444 -0.0013234 0.0037156 0.999993 0.017421 -0.0111047 0.0131498
FixedParameters: 0 0 0

#Transform 70
Transform: AffineTransform_float_3_3
Parameters: 0.999999 -0.000960834 0.000857224 0.000963569 0.999994 -0.00333413 -0.000853584 0.00333487 0.999994 0.0213951 -0.0242408 -0.0164807
FixedParameters: 0 0 0

#Transform 71
Transform: AffineTransform_float_3_3
Parameters: 0.999998 -0.000834133 0.00129079 0.00083906 0.999992 -0.00377492 -0.00128697 0.0037765 0.999992 0.0150211 -0.00747965 -0.0074988
FixedParameters: 0 0 0

#Transform 72
Transform: AffineTransform_float_3_3
Parameters: 0.999999 -0.00107169 0.00092739 0.00107476 0.999993 -0.00378242 -0.000922977 0.00378351 0.999993 0.00907435 0.0108429 -0.0306478
FixedParameters: 0 0 0

#Transform 73
Transform: AffineTransform_float_3_3
Parameters: 0.999999 -0.00103301 0.000980372 0.0010355 0.999996 -0.00284295 -0.000977128 0.00284365 0.999995 0.0185278 -0.00801878 -0.0240503
FixedParameters: 0 0 0

#Transform 74
Transform: AffineTransform_float_3_3
Parameters: 0.999999 -0.00108906 0.000813475 0.00109168 0.999994 -0.00349676 -0.000809626 0.00349727 0.999993 0.00435819 0.00908913 -0.0243247
FixedParameters: 0 0 0

#Transform 75
Transform: AffineTransform_float_3_3
Parameters: 1 -0.000746944 0.000896677 0.000749494 0.999995 -0.00315216 -0.000894582 0.0031535 0.999994 0.0013289 0.00716458 -0.0362486
FixedParameters: 0 0 0

#Transform 76
Transform: AffineTransform_float_3_3
Parameters: 0.999999 -0.00109902 0.000678867 0.0011007 0.999996 -0.00279605 -0.000675562 0.00279626 0.999996 0.0200246 -0.037515 -0.0744304
FixedParameters: 0 0 0

#Transform 77
Transform: AffineTransform_float_3_3
Parameters: 0.999998 -0.000878962 0.00170625 0.000883542 0.999994 -0.00313279 -0.00170283 0.00313424 0.999994 0.00969857 -0.0240812 -0.0786821
FixedParameters: 0 0 0

#Transform 78
Transform: AffineTransform_float_3_3
Parameters: 0.999999 -0.00106547 0.000935951 0.00106821 0.999993 -0.0036308 -0.000931825 0.00363189 0.999993 0.0167596 -0.0298514 -0.0333388
FixedParameters: 0 0 0

#Transform 79
Transform: AffineTransform_float_3_3
Parameters: 0.999999 -0.000980429 0.00131607 0.000984864 0.999993 -0.00363586 -0.00131225 0.00363749 0.999992 0.0203759 -0.0123227 -0.0546775
FixedParameters: 0 0 0

#Transform 80
Transform: AffineTransform_float_3_3
Parameters: 0.999999 -0.00093271 0.0015512 0.000938364 0.999993 -0.00381759 -0.00154831 0.00381862 0.999991 0.0259664 -0.0440643 -0.0322976
FixedParameters: 0 0 0

#Transform 81
Transform: AffineTransform_float_3_3
Parameters: 0.999997 -0.00130486 0.00203464 0.0013146 0.999989 -0.0044436 -0.00202906 0.00444657 0.999988 0.0215226 0.0292942 -0.0905024
FixedParameters: 0 0 0

#Transform 82
Transform: AffineTransform_float_3_3
Parameters: 0.999998 -0.00108057 0.00149532 0.00108816 0.999986 -0.00517533 -0.00149037 0.00517672 0.999985 0.0341418 -0.0294442 -0.032195
FixedParameters: 0 0 0

#Transform 83
Transform: AffineTransform_float_3_3
Parameters: 0.999999 -0.0013148 0.00122374 0.00132164 0.999985 -0.00523099 -0.00121664 0.00523246 0.999985 0.0145101 0.00764753 -0.0713296
FixedParameters: 0 0 0

#Transform 84
Transform: AffineTransform_float_3_3
Parameters: 0.999999 -0.000946124 0.000982822 0.000950883 0.999991 -0.00431123 -0.000978517 0.0043122 0.999991 0.00839382 -0.00944707 -0.0408981
FixedParameters: 0 0 0

#Transform 85
Transform: AffineTransform_float_3_3
Parameters: 0.999999 -0.00106234 0.000985423 0.00106675 0.999988 -0.00466726 -0.000980206 0.00466846 0.999988 0.0110969 0.0250687 -0.0370134
FixedParameters: 0 0 0

#Transform 86
Transform: AffineTransform_float_3_3
Parameters: 0.999998 -0.00108163 0.00113057 0.00108758 0.999989 -0.00469558 -0.00112525 0.00469623 0.999989 0.00060111 -0.0041156 -0.0504624
FixedParameters: 0 0 0

#Transform 87
Transform: AffineTransform_float_3_3
Parameters: 0.999999 -0.000763306 0.00101437 0.000766933 0.999994 -0.00321197 -0.00101123 0.00321299 0.999995 -0.00817469 -0.0243448 -0.00824524
FixedParameters: 0 0 0

#Transform 88
Transform: AffineTransform_float_3_3
Parameters: 0.999999 -0.000967492 0.00104225 0.000970917 0.999994 -0.00347757 -0.00103823 0.00347774 0.999994 -0.00465198 -0.00564889 -0.0697743
FixedParameters: 0 0 0

#Transform 89
Transform: AffineTransform_float_3_3
Parameters: 0.999999 -0.00067304 0.0011805 0.000677259 0.999995 -0.00300395 -0.00117817 0.00300459 0.999995 -0.00242336 -0.0241697 -0.0422478
FixedParameters: 0 0 0

#Transform 90
Transform: AffineTransform_float_3_3
Parameters: 0.999999 -0.000699555 0.000997539 0.000703156 0.999994 -0.00325288 -0.000994752 0.00325374 0.999995 -0.00594877 0.0145579 -0.0458604
FixedParameters: 0 0 0

#Transform 91
Transform: AffineTransform_float_3_3
Parameters: 1 -0.00033353 0.00101646 0.000335041 0.999999 -0.0017402 -0.001016 0.00173991 0.999998 -0.0294472 -0.0353234 -0.000472261
FixedParameters: 0 0 0

#Transform 92
Transform: AffineTransform_float_3_3
Parameters: 1 7.4007e-05 0.000911186 -7.22343e-05 0.999998 -0.00197335 -0.000911139 0.00197312 0.999997 -0.052404 -0.0336563 -0.0200024
FixedParameters: 0 0 0

#Transform 93
Transform: AffineTransform_float_3_3
Parameters: 0.999999 -0.000759932 0.00107528 0.000761724 0.999997 -0.00227448 -0.00107337 0.00227515 0.999997 -0.00706855 -0.0238793 -0.0170505
FixedParameters: 0 0 0

#Transform 94
Transform: AffineTransform_float_3_3
Parameters: 1 -0.000846056 0.000743338 0.000847817 0.999996 -0.00269611 -0.000741519 0.00269741 0.999996 -0.00655167 -0.00215479 -0.0406206
FixedParameters: 0 0 0

#Transform 95
Transform: AffineTransform_float_3_3
Parameters: 0.999999 -0.000798976 0.00102137 0.00080162 0.999995 -0.00322612 -0.00101877 0.0032268 0.999995 -0.00878773 -0.0336819 0.0113878
FixedParameters: 0 0 0

#Transform 96
Transform: AffineTransform_float_3_3
Parameters: 0.999999 -0.000925683 0.000551069 0.000927414 0.999991 -0.00396898 -0.000546742 0.00396911 0.999992 0.0029227 0.0147096 -0.0160498
FixedParameters: 0 0 0

#Transform 97
Transform: AffineTransform_float_3_3
Parameters: 1 -0.000639125 0.000846634 0.000642003 0.999994 -0.00333036 -0.000844172 0.00333049 0.999994 -0.00974546 -0.0203325 0.00605177
FixedParameters: 0 0 0

#Transform 98
Transform: AffineTransform_float_3_3
Parameters: 0.999999 -0.000887125 0.00102656 0.000890249 0.999993 -0.00344513 -0.00102301 0.003446 0.999993 -0.00203622 -0.0172891 -0.0893644
FixedParameters: 0 0 0

#Transform 99
Transform: AffineTransform_float_3_3
Parameters: 0.999998 -0.000865949 0.00127283 0.000870818 0.99999 -0.00454766 -0.0012693 0.00454796 0.999989 0.0113731 -0.0249315 -0.02068
FixedParameters: 0 0 0

#Transform 100
Transform: AffineTransform_float_3_3
Parameters: 0.999999 -0.00124493 0.00130008 0.00125111 0.999986 -0.00500178 -0.00129302 0.00500316 0.999987 0.0236655 0.0156325 -0.0604454
FixedParameters: 0 0 0

#Transform 101
Transform: AffineTransform_float_3_3
Parameters: 0.999999 -0.00116051 0.00138433 0.00116684 0.999988 -0.00479066 -0.00137852 0.00479202 0.999987 0.0178926 0.00836203 0.00175698
FixedParameters: 0 0 0

#Transform 102
Transform: AffineTransform_float_3_3
Parameters: 0.999998 -0.00127944 0.00103782 0.00128281 0.99999 -0.00413548 -0.00103281 0.00413638 0.999991 0.0316568 0.0504149 -0.071028
FixedParameters: 0 0 0

#Transform 103
Transform: AffineTransform_float_3_3
Parameters: 0.999998 -0.00119355 0.00137966 0.00119765 0.999992 -0.00381158 -0.00137576 0.00381305 0.999992 0.0305974 -0.000360515 -0.0533851
FixedParameters: 0 0 0

#Transform 104
Transform: AffineTransform_float_3_3
Parameters: 0.999999 -0.00124789 0.00125762 0.00125368 0.999988 -0.00476573 -0.00125216 0.00476802 0.999988 0.0247138 0.0198697 -0.0565548
FixedParameters: 0 0 0

#Transform 105
Transform: AffineTransform_float_3_3
Parameters: 0.999999 -0.00119192 0.000879967 0.00119509 0.999991 -0.00410036 -0.000874941 0.00410161 0.999991 0.0285387 -0.0641417 0.0150558
FixedParameters: 0 0 0

#Transform 106
Transform: AffineTransform_float_3_3
Parameters: 0.999998 -0.00139581 0.000902772 0.00139917 0.99999 -0.00427448 -0.000897559 0.00427583 0.99999 0.0335988 0.0268321 -0.0454696
FixedParameters: 0 0 0

#Transform 107
Transform: AffineTransform_float_3_3
Parameters: 0.999999 -0.00123428 0.00127629 0.00123952 0.99999 -0.00443377 -0.00127066 0.0044356 0.999989 0.0230074 0.00843969 -0.0302728
FixedParameters: 0 0 0

#Transform 108
Transform: AffineTransform_float_3_3
Parameters: 0.999999 -0.0012642 0.00123515 0.00127003 0.999986 -0.00516572 -0.00122854 0.00516704 0.999986 0.0289535 0.0723552 -0.0883761
FixedParameters: 0 0 0

#Transform 109
Transform: AffineTransform_float_3_3
Parameters: 0.999998 -0.0011926 0.00102255 0.00119804 0.999987 -0.00499951 -0.00101646 0.00500111 0.999987 0.0231399 -0.000345389 -0.0183269
FixedParameters: 0 0 0

#Transform 110
Transform: AffineTransform_float_3_3
Parameters: 0.999998 -0.00122667 0.00134612 0.00123243 0.999988 -0.00472152 -0.00133978 0.00472388 0.999988 0.00461432 0.0339332 -0.0414836
FixedParameters: 0 0 0

#Transform 111
Transform: AffineTransform_float_3_3
Parameters: 0.999998 -0.00116635 0.0015628 0.00117267 0.99999 -0.00431024 -0.00155789 0.00431202 0.999989 0.009446 -0.0386701 -0.0327565
FixedParameters: 0 0 0

#Transform 112
Transform: AffineTransform_float_3_3
Parameters: 0.999998 -0.00130761 0.00148253 0.00131598 0.999986 -0.0051586 -0.00147548 0.00516068 0.999985 -0.000369482 0.0629975 -0.0893315
FixedParameters: 0 0 0

#Transform 113
Transform: AffineTransform_float_3_3
Parameters: 0.999998 -0.00132593 0.00097093 0.00133037 0.999986 -0.0052407 -0.000963743 0.00524202 0.999986 0.027363 -0.00380239 -0.0389125
FixedParameters: 0 0 0

#Transform 114
Transform: AffineTransform_float_3_3
Parameters: 0.999998 -0.0016474 0.00149456 0.0016566 0.999979 -0.00614579 -0.0014847 0.00614811 0.99998 0.0320165 0.06023 -0.0718079
FixedParameters: 0 0 0

#Transform 115
Transform: AffineTransform_float_3_3
Parameters: 0.999997 -0.0018062 0.00122373 0.00181496 0.999975 -0.00683473 -0.00121195 0.0068372 0.999976 0.0366665 0.027945 -0.0806454
FixedParameters: 0 0 0

#Transform 116
Transform: AffineTransform_float_3_3
Parameters: 0.999998 -0.00179533 0.00145963 0.00180459 0.999979 -0.00631103 -0.00144836 0.00631421 0.999979 0.0334429 0.0294866 -0.0569934
FixedParameters: 0 0 0

#Transform 117
Transform: AffineTransform_float_3_3
Parameters: 0.999997 -0.00180611 0.00152826 0.00181743 0.999972 -0.00725561 -0.00151552 0.00725818 0.999972 0.0330125 0.037231 -0.0912417
FixedParameters: 0 0 0

#Transform 118
Transform: AffineTransform_float_3_3
Parameters: 0.999997 -0.00178368 0.00156578 0.00179492 0.999975 -0.00675623 -0.00155314 0.00675922 0.999976 0.0446048 0.0620912 -0.0495557
FixedParameters: 0 0 0

#Transform 119
Transform: AffineTransform_float_3_3
Parameters: 0.999996 -0.00228278 0.00164456 0.00229731 0.999957 -0.00892807 -0.00162434 0.00893188 0.999959 0.0399994 0.0123364 -0.114745
FixedParameters: 0 0 0

#Transform 120
Transform: AffineTransform_float_3_3
Parameters: 0.999996 -0.00225677 0.00167996 0.00227063 0.999963 -0.00828562 -0.00166097 0.00828944 0.999965 0.0389081 0.00890455 -0.0921221
FixedParameters: 0 0 0

#Transform 121
Transform: AffineTransform_float_3_3
Parameters: 0.999994 -0.00280857 0.00190647 0.002828 0.999944 -0.0101482 -0.00187781 0.0101541 0.999946 0.0553815 0.0270778 -0.135122
FixedParameters: 0 0 0

#Transform 122
Transform: AffineTransform_float_3_3
Parameters: 0.999995 -0.00234381 0.0017292 0.00235955 0.999958 -0.00883494 -0.00170833 0.00883802 0.999959 0.0422622 0.0238163 -0.0391405
FixedParameters: 0 0 0

#Transform 123
Transform: AffineTransform_float_3_3
Parameters: 0.999995 -0.00282065 0.00181161 0.00283871 0.999948 -0.00979384 -0.00178386 0.00979886 0.99995 0.0532274 0.0615918 -0.131858
FixedParameters: 0 0 0

#Transform 124
Transform: AffineTransform_float_3_3
Parameters: 0.999994 -0.00270295 0.00220917 0.00272311 0.999957 -0.00884321 -0.00218608 0.0088493 0.999958 0.0434081 0.0412926 -0.0775786
FixedParameters: 0 0 0

#Transform 125
Transform: AffineTransform_float_3_3
Parameters: 0.999992 -0.00305207 0.00265977 0.00307663 0.999951 -0.00940933 -0.00263098 0.00941782 0.999952 0.0605997 0.0562267 -0.146387
FixedParameters: 0 0 0

#Transform 126
Transform: AffineTransform_float_3_3
Parameters: 0.999993 -0.00306307 0.00230952 0.00308684 0.999942 -0.01032 -0.00227786 0.0103275 0.999944 0.07328 0.0201897 -0.104881
FixedParameters: 0 0 0

#Transform 127
Transform: AffineTransform_float_3_3
Parameters: 0.999992 -0.00307097 0.00271149 0.00309931 0.99994 -0.010559 -0.00267927 0.010568 0.999941 0.068919 0.0354205 -0.107434
FixedParameters: 0 0 0

#Transform 128
Transform: AffineTransform_float_3_3
Parameters: 0.999992 -0.00307476 0.00247004 0.00310283 0.999929 -0.0115593 -0.00243426 0.0115665 0.99993 0.084562 0.0277363 -0.129039
FixedParameters: 0 0 0

#Transform 129
Transform: AffineTransform_float_3_3
Parameters: 0.999988 -0.00337612 0.00348239 0.00342102 0.999908 -0.013078 -0.00343694 0.0130899 0.999909 0.0978893 0.0232007 -0.139211
FixedParameters: 0 0 0

#Transform 130
Transform: AffineTransform_float_3_3
Parameters: 0.999986 -0.00404528 0.00360237 0.00409794 0.999883 -0.0146857 -0.0035424 0.0146997 0.999886 0.123541 0.0439215 -0.248519
FixedParameters: 0 0 0

#Transform 131
Transform: AffineTransform_float_3_3
Parameters: 0.999985 -0.00386506 0.00409888 0.00392517 0.99988 -0.0149908 -0.00404101 0.015006 0.999879 0.120531 0.00292372 -0.197325
FixedParameters: 0 0 0

#Transform 132
Transform: AffineTransform_float_3_3
Parameters: 0.999982 -0.00446275 0.00397793 0.00453041 0.999843 -0.0171106 -0.00390012 0.0171283 0.999846 0.137226 0.0280149 -0.261327
FixedParameters: 0 0 0

#Transform 133
Transform: AffineTransform_float_3_3
Parameters: 0.999979 -0.00497193 0.00412014 0.00504767 0.999817 -0.0184475 -0.00402747 0.0184685 0.999822 0.139291 0.0529353 -0.345368
FixedParameters: 0 0 0

#Transform 134
Transform: AffineTransform_float_3_3
Parameters: 0.999983 -0.00427184 0.00377905 0.0043282 0.999878 -0.0149631 -0.00371461 0.0149795 0.999881 0.117625 0.0181301 -0.171794
FixedParameters: 0 0 0

#Transform 135
Transform: AffineTransform_float_3_3
Parameters: 0.999983 -0.00463583 0.00358226 0.00469478 0.999848 -0.0167797 -0.00350386 0.0167961 0.999852 0.116119 0.0921118 -0.269194
FixedParameters: 0 0 0

#Transform 136
Transform: AffineTransform_float_3_3
Parameters: 0.999987 -0.00397725 0.00342405 0.00402909 0.999878 -0.0150783 -0.00336367 0.0150914 0.999881 0.107319 0.0206984 -0.204119
FixedParameters: 0 0 0

#Transform 137
Transform: AffineTransform_float_3_3
Parameters: 0.999982 -0.00457846 0.00371395 0.00463677 0.999864 -0.0158128 -0.00364193 0.0158294 0.999868 0.119051 0.0519408 -0.302907
FixedParameters: 0 0 0

#Transform 138
Transform: AffineTransform_float_3_3
Parameters: 0.999979 -0.00422419 0.00497996 0.00431171 0.999834 -0.0177072 -0.00490438 0.0177279 0.999831 0.150728 -0.00552152 -0.268049
FixedParameters: 0 0 0

#Transform 139
Transform: AffineTransform_float_3_3
Parameters: 0.999971 -0.00532217 0.00536155 0.00542584 0.999795 -0.019537 -0.0052573 0.0195655 0.999795 0.16203 0.0277778 -0.351217
FixedParameters: 0 0 0

#Transform 140
Transform: AffineTransform_float_3_3
Parameters: 0.999974 -0.00445534 0.00582194 0.00456627 0.999806 -0.0191527 -0.00573579 0.0191791 0.9998 0.138903 -0.0415359 -0.27277
FixedParameters: 0 0 0

#Transform 141
Transform: AffineTransform_float_3_3
Parameters: 0.999973 -0.00471713 0.00568306 0.00482532 0.999806 -0.0191102 -0.00559198 0.0191374 0.999801 0.135501 0.0535953 -0.330194
FixedParameters: 0 0 0

#Transform 142
Transform: AffineTransform_float_3_3
Parameters: 0.999979 -0.00444008 0.00477804 0.0045262 0.999827 -0.0180372 -0.00469676 0.018059 0.999826 0.142542 0.0317129 -0.280519
FixedParameters: 0 0 0

#Transform 143
Transform: AffineTransform_float_3_3
Parameters: 0.999976 -0.00450503 0.00524363 0.00461058 0.999788 -0.0201037 -0.00515156 0.0201274 0.999784 0.133056 0.0663938 -0.316574
FixedParameters: 0 0 0

#Transform 144
Transform: AffineTransform_float_3_3
Parameters: 0.999976 -0.0046471 0.00503257 0.00474413 0.999798 -0.019534 -0.00494076 0.0195574 0.999796 0.136472 0.0154951 -0.34311
FixedParameters: 0 0 0

#Transform 145
Transform: AffineTransform_float_3_3
Parameters: 0.999978 -0.00468504 0.00480988 0.00476992 0.99983 -0.017812 -0.00472572 0.017835 0.999829 0.129603 -0.0429886 -0.286107
FixedParameters: 0 0 0

#Transform 146
Transform: AffineTransform_float_3_3
Parameters: 0.999978 -0.00490616 0.00449406 0.00498892 0.999815 -0.0185772 -0.00440189 0.0185996 0.999817 0.13459 0.00362193 -0.370575
FixedParameters: 0 0 0

#Transform 147
Transform: AffineTransform_float_3_3
Parameters: 0.99998 -0.00432233 0.00461978 0.0044074 0.999817 -0.0186108 -0.00453829 0.0186311 0.999816 0.13808 0.0135824 -0.308594
FixedParameters: 0 0 0

#Transform 148
Transform: AffineTransform_float_3_3
Parameters: 0.999974 -0.00511449 0.00524803 0.00521851 0.999786 -0.0200272 -0.00514416 0.0200543 0.999786 0.140924 0.0224077 -0.366054
FixedParameters: 0 0 0

#Transform 149
Transform: AffineTransform_float_3_3
Parameters: 0.999973 -0.00461792 0.00564438 0.00473217 0.999781 -0.0203927 -0.00554913 0.0204187 0.999776 0.156982 0.00890859 -0.295524
FixedParameters: 0 0 0
