# transform file /out/sourcedata/freesurfer/sub-v1s17x0050248_ses-1/mri/transforms/cc_up.lta
# created by oesteban on Mon Mar  9 03:31:24 2026

type      = 0 # LINEAR_VOX_TO_VOX
nxforms   = 1
mean      = 126.0000 102.0000 111.0000
sigma     = 10000.0000
1 4 4
9.949296116828918e-01 3.569686412811279e-02 -9.402639418840408e-02 7.980755805969238e+00 
-3.553851321339607e-02 9.993627071380615e-01 3.358587622642517e-03 5.023474502563477e+01 
9.408636391162872e-02 0.000000000000000e+00 9.955641031265259e-01 6.436959743499756e+00 
0.000000000000000e+00 0.000000000000000e+00 0.000000000000000e+00 1.000000000000000e+00 
src volume info
valid = 1  # volume info valid
filename = /out/sourcedata/freesurfer/sub-v1s17x0050248_ses-1/mri/norm.mgz
volume = 256 256 256
voxelsize = 1.000000000000000e+00 1.000000000000000e+00 1.000000000000000e+00
xras   = -1.000000119209290e+00 1.477019395679235e-09 0.000000000000000e+00
yras   = 0.000000000000000e+00 -4.656612873077393e-10 -1.000000119209290e+00
zras   = -1.477019395679235e-09 1.000000119209290e+00 4.656612873077393e-10
cras   = 1.027709960937500e+00 -4.888000488281250e-01 -1.921891784667969e+01
dst volume info
valid = 1  # volume info valid
filename = /out/sourcedata/freesurfer/sub-v1s17x0050248_ses-1/mri/norm.mgz
volume = 256 256 256
voxelsize = 1.000000000000000e+00 1.000000000000000e+00 1.000000000000000e+00
xras   = -1.000000119209290e+00 1.477019395679235e-09 0.000000000000000e+00
yras   = 0.000000000000000e+00 -4.656612873077393e-10 -1.000000119209290e+00
zras   = -1.477019395679235e-09 1.000000119209290e+00 4.656612873077393e-10
cras   = 1.027709960937500e+00 -4.888000488281250e-01 -1.921891784667969e+01
