type      = 1 # LINEAR_RAS_TO_RAS
nxforms   = 1
mean      = 0.0000 0.0000 0.0000
sigma     = 1.0000
1 4 4
1.151126980781555e+00 1.111859977245331e-01 8.194999769330025e-03 6.555020213127136e-01 
-5.402300134301186e-02 1.076740026473999e+00 4.645099863409996e-02 4.945830106735229e-01 
-1.582700014114380e-02 -9.396199882030487e-02 1.159932017326355e+00 -6.211898803710938e+00 
0.000000000000000e+00 0.000000000000000e+00 0.000000000000000e+00 1.000000000000000e+00 
src volume info
valid = 1  # volume info valid
filename = /out/sourcedata/freesurfer/sub-v1s17x0050248_ses-1/mri/orig_nu.mgz
volume = 256 256 256
voxelsize = 1.000000000000000e+00 1.000000000000000e+00 1.000000000000000e+00
xras   = -1.000000119209290e+00 1.477019395679235e-09 0.000000000000000e+00
yras   = 0.000000000000000e+00 -4.656612873077393e-10 -1.000000119209290e+00
zras   = -1.477019395679235e-09 1.000000119209290e+00 4.656612873077393e-10
cras   = 1.027709960937500e+00 -4.888000488281250e-01 -1.921891784667969e+01
dst volume info
valid = 1  # volume info valid
filename = /opt/freesurfer/average/mni305.cor.mgz
volume = 256 256 256
voxelsize = 1.000000000000000e+00 1.000000000000000e+00 1.000000000000000e+00
xras   = -1.000000000000000e+00 0.000000000000000e+00 0.000000000000000e+00
yras   = 0.000000000000000e+00 0.000000000000000e+00 -1.000000000000000e+00
zras   = 0.000000000000000e+00 1.000000000000000e+00 0.000000000000000e+00
cras   = 0.000000000000000e+00 0.000000000000000e+00 0.000000000000000e+00
subject fsaverage
fscale 0.100000
