# transform file transforms/talairach.lta
# created by oesteban on Mon Mar  9 02:08:54 2026

type      = 0 # LINEAR_VOX_TO_VOX
nxforms   = 1
mean      = 126.0000 102.0000 111.0000
sigma     = 10000.0000
1 4 4
1.107690334320068e+00 3.497109562158585e-02 -1.118243187665939e-01 -6.908218860626221e+00 
-3.210680186748505e-02 1.108321666717529e+00 3.620630130171776e-02 8.922677993774414e+00 
9.420664608478546e-02 -3.619654104113579e-02 9.951466917991638e-01 -8.037281036376953e+00 
0.000000000000000e+00 0.000000000000000e+00 0.000000000000000e+00 1.000000000000000e+00 
src volume info
valid = 1  # volume info valid
filename = nu.mgz
volume = 256 256 256
voxelsize = 1.000000000000000e+00 1.000000000000000e+00 1.000000000000000e+00
xras   = -1.000000119209290e+00 1.477019395679235e-09 0.000000000000000e+00
yras   = 0.000000000000000e+00 -4.656612873077393e-10 -1.000000119209290e+00
zras   = -1.477019395679235e-09 1.000000119209290e+00 4.656612873077393e-10
cras   = 1.027709960937500e+00 -4.888000488281250e-01 -1.921891784667969e+01
dst volume info
valid = 1  # volume info valid
filename = /opt/freesurfer/average/RB_all_2020-01-02.gca
volume = 256 256 256
voxelsize = 1.000000000000000e+00 1.000000000000000e+00 1.000000000000000e+00
xras   = -1.000000000000000e+00 0.000000000000000e+00 0.000000000000000e+00
yras   = 0.000000000000000e+00 0.000000000000000e+00 -1.000000000000000e+00
zras   = 0.000000000000000e+00 1.000000000000000e+00 0.000000000000000e+00
cras   = 0.000000000000000e+00 0.000000000000000e+00 0.000000000000000e+00
