type      = 0 # LINEAR_VOX_TO_VOX
nxforms   = 1
mean      = 0.0000 0.0000 0.0000
sigma     = 1.0000
1 4 4
1.151127099990845e+00 8.195000700652599e-03 -1.111860126256943e-01 -7.788101196289062e+00 
-1.582700200378895e-02 1.159932136535645e+00 9.396201372146606e-02 -1.997726440429688e+00 
5.402300879359245e-02 -4.645100235939026e-02 1.076740145683289e+00 -1.177192687988281e+01 
0.000000000000000e+00 0.000000000000000e+00 0.000000000000000e+00 1.000000000000000e+00 
src volume info
valid = 1  # volume info valid
filename = /out/sourcedata/freesurfer/sub-v1s17x0050248_ses-1/mri/orig.mgz
volume = 256 256 256
voxelsize = 1.000000000000000e+00 1.000000000000000e+00 1.000000000000000e+00
xras   = -1.000000119209290e+00 1.477019395679235e-09 0.000000000000000e+00
yras   = 0.000000000000000e+00 -4.656612873077393e-10 -1.000000119209290e+00
zras   = -1.477019395679235e-09 1.000000119209290e+00 4.656612873077393e-10
cras   = 1.027709960937500e+00 -4.888000488281250e-01 -1.921891784667969e+01
dst volume info
valid = 1  # volume info valid
filename = /opt/freesurfer/average/mni305.cor.mgz
volume = 256 256 256
voxelsize = 1.000000000000000e+00 1.000000000000000e+00 1.000000000000000e+00
xras   = -1.000000000000000e+00 0.000000000000000e+00 0.000000000000000e+00
yras   = 0.000000000000000e+00 0.000000000000000e+00 -1.000000000000000e+00
zras   = 0.000000000000000e+00 1.000000000000000e+00 0.000000000000000e+00
cras   = 0.000000000000000e+00 0.000000000000000e+00 0.000000000000000e+00
subject fsaverage
fscale 0.100000
