# transform file /out/sourcedata/freesurfer/sub-v1s17x0050250_ses-1/mri/transforms/cc_up.lta
# created by oesteban on Mon Mar  9 03:03:55 2026

type      = 0 # LINEAR_VOX_TO_VOX
nxforms   = 1
mean      = 129.0000 114.0000 104.0000
sigma     = 10000.0000
1 4 4
9.992274045944214e-01 3.930220007896423e-02 3.345329896546900e-04 -4.449875354766846e+00 
-3.930220007896423e-02 9.992274641990662e-01 -1.315805002377601e-05 3.613458633422852e+01 
-3.347916644997895e-04 9.094948101931455e-13 1.000000000000000e+00 3.004309272766113e+01 
0.000000000000000e+00 0.000000000000000e+00 0.000000000000000e+00 1.000000000000000e+00 
src volume info
valid = 1  # volume info valid
filename = /out/sourcedata/freesurfer/sub-v1s17x0050250_ses-1/mri/norm.mgz
volume = 256 256 256
voxelsize = 1.000000000000000e+00 1.000000000000000e+00 1.000000000000000e+00
xras   = -1.000000000000000e+00 -6.821210263296962e-11 0.000000000000000e+00
yras   = 2.328306436538696e-10 0.000000000000000e+00 -1.000000000000000e+00
zras   = 6.818368092353921e-11 1.000000000000000e+00 7.275957614183426e-12
cras   = -8.825759887695312e-01 2.044833374023438e+01 -2.618190002441406e+01
dst volume info
valid = 1  # volume info valid
filename = /out/sourcedata/freesurfer/sub-v1s17x0050250_ses-1/mri/norm.mgz
volume = 256 256 256
voxelsize = 1.000000000000000e+00 1.000000000000000e+00 1.000000000000000e+00
xras   = -1.000000000000000e+00 -6.821210263296962e-11 0.000000000000000e+00
yras   = 2.328306436538696e-10 0.000000000000000e+00 -1.000000000000000e+00
zras   = 6.818368092353921e-11 1.000000000000000e+00 7.275957614183426e-12
cras   = -8.825759887695312e-01 2.044833374023438e+01 -2.618190002441406e+01
