type      = 0 # LINEAR_VOX_TO_VOX
nxforms   = 1
mean      = 0.0000 0.0000 0.0000
sigma     = 1.0000
1 4 4
1.028033971786499e+00 -1.071000238880515e-03 9.123999625444412e-03 -5.436935424804688e+00 
-1.120300032198429e-02 1.132838964462280e+00 1.643449962139130e-01 -1.838381958007812e+01 
-3.428500145673752e-02 -2.188239991664886e-01 1.028756022453308e+00 3.225688171386719e+01 
0.000000000000000e+00 0.000000000000000e+00 0.000000000000000e+00 1.000000000000000e+00 
src volume info
valid = 1  # volume info valid
filename = /out/sourcedata/freesurfer/sub-v1s17x0050250_ses-1/mri/orig.mgz
volume = 256 256 256
voxelsize = 1.000000000000000e+00 1.000000000000000e+00 1.000000000000000e+00
xras   = -1.000000000000000e+00 -6.821210263296962e-11 0.000000000000000e+00
yras   = 2.328306436538696e-10 0.000000000000000e+00 -1.000000000000000e+00
zras   = 6.818368092353921e-11 1.000000000000000e+00 7.275957614183426e-12
cras   = -8.825759887695312e-01 2.044833374023438e+01 -2.618190002441406e+01
dst volume info
valid = 1  # volume info valid
filename = /opt/freesurfer/average/mni305.cor.mgz
volume = 256 256 256
voxelsize = 1.000000000000000e+00 1.000000000000000e+00 1.000000000000000e+00
xras   = -1.000000000000000e+00 0.000000000000000e+00 0.000000000000000e+00
yras   = 0.000000000000000e+00 0.000000000000000e+00 -1.000000000000000e+00
zras   = 0.000000000000000e+00 1.000000000000000e+00 0.000000000000000e+00
cras   = 0.000000000000000e+00 0.000000000000000e+00 0.000000000000000e+00
subject fsaverage
fscale 0.100000
