# transform file transforms/talairach.lta
# created by oesteban on Mon Mar  9 02:09:42 2026

type      = 0 # LINEAR_VOX_TO_VOX
nxforms   = 1
mean      = 128.0000 114.0000 104.0000
sigma     = 10000.0000
1 4 4
9.964384436607361e-01 -1.965416595339775e-03 7.678020745515823e-03 -3.413131475448608e+00 
-7.390826358459890e-04 1.150017023086548e+00 1.560392379760742e-01 -2.110776710510254e+01 
-7.697990164160728e-03 -1.846651434898376e-01 1.027426242828369e+00 2.608702850341797e+01 
0.000000000000000e+00 0.000000000000000e+00 0.000000000000000e+00 1.000000000000000e+00 
src volume info
valid = 1  # volume info valid
filename = nu.mgz
volume = 256 256 256
voxelsize = 1.000000000000000e+00 1.000000000000000e+00 1.000000000000000e+00
xras   = -1.000000000000000e+00 -6.821210263296962e-11 0.000000000000000e+00
yras   = 2.328306436538696e-10 0.000000000000000e+00 -1.000000000000000e+00
zras   = 6.818368092353921e-11 1.000000000000000e+00 7.275957614183426e-12
cras   = -8.825759887695312e-01 2.044833374023438e+01 -2.618190002441406e+01
dst volume info
valid = 1  # volume info valid
filename = /opt/freesurfer/average/RB_all_2020-01-02.gca
volume = 256 256 256
voxelsize = 1.000000000000000e+00 1.000000000000000e+00 1.000000000000000e+00
xras   = -1.000000000000000e+00 0.000000000000000e+00 0.000000000000000e+00
yras   = 0.000000000000000e+00 0.000000000000000e+00 -1.000000000000000e+00
zras   = 0.000000000000000e+00 1.000000000000000e+00 0.000000000000000e+00
cras   = 0.000000000000000e+00 0.000000000000000e+00 0.000000000000000e+00
