# transform file /out/sourcedata/freesurfer/sub-v1s17x0050271_ses-1/mri/transforms/cc_up.lta
# created by oesteban on Thu Mar 12 13:28:31 2026

type      = 0 # LINEAR_VOX_TO_VOX
nxforms   = 1
mean      = 127.0000 116.0000 106.0000
sigma     = 10000.0000
1 4 4
9.943479299545288e-01 6.143137812614441e-02 -8.659301698207855e-02 3.998016595840454e+00 
-6.119975075125694e-02 9.981113672256470e-01 5.329594016075134e-03 4.151569747924805e+01 
8.675687015056610e-02 0.000000000000000e+00 9.962294697761536e-01 1.019243717193604e+01 
0.000000000000000e+00 0.000000000000000e+00 0.000000000000000e+00 1.000000000000000e+00 
src volume info
valid = 1  # volume info valid
filename = /out/sourcedata/freesurfer/sub-v1s17x0050271_ses-1/mri/norm.mgz
volume = 256 256 256
voxelsize = 1.000000000000000e+00 1.000000000000000e+00 1.000000000000000e+00
xras   = -1.000000000000000e+00 2.884917194023728e-09 3.725290298461914e-09
yras   = 0.000000000000000e+00 0.000000000000000e+00 -1.000000000000000e+00
zras   = -2.888555172830820e-09 1.000000000000000e+00 0.000000000000000e+00
cras   = 9.633865356445312e-01 1.578872680664062e+00 -9.576705932617188e+00
dst volume info
valid = 1  # volume info valid
filename = /out/sourcedata/freesurfer/sub-v1s17x0050271_ses-1/mri/norm.mgz
volume = 256 256 256
voxelsize = 1.000000000000000e+00 1.000000000000000e+00 1.000000000000000e+00
xras   = -1.000000000000000e+00 2.884917194023728e-09 3.725290298461914e-09
yras   = 0.000000000000000e+00 0.000000000000000e+00 -1.000000000000000e+00
zras   = -2.888555172830820e-09 1.000000000000000e+00 0.000000000000000e+00
cras   = 9.633865356445312e-01 1.578872680664062e+00 -9.576705932617188e+00
