# transform file transforms/talairach.lta
# created by oesteban on Thu Mar 12 12:03:13 2026

type      = 0 # LINEAR_VOX_TO_VOX
nxforms   = 1
mean      = 127.0000 115.0000 106.0000
sigma     = 10000.0000
1 4 4
1.022973299026489e+00 6.406634300947189e-02 -9.111592173576355e-02 -2.176791191101074e+00 
-5.477717518806458e-02 1.189607620239258e+00 1.173106208443642e-01 -1.492695999145508e+01 
7.779998332262039e-02 -1.098048686981201e-01 9.376785755157471e-01 1.323225212097168e+01 
0.000000000000000e+00 0.000000000000000e+00 0.000000000000000e+00 1.000000000000000e+00 
src volume info
valid = 1  # volume info valid
filename = nu.mgz
volume = 256 256 256
voxelsize = 1.000000000000000e+00 1.000000000000000e+00 1.000000000000000e+00
xras   = -1.000000000000000e+00 2.884917194023728e-09 3.725290298461914e-09
yras   = 0.000000000000000e+00 0.000000000000000e+00 -1.000000000000000e+00
zras   = -2.888555172830820e-09 1.000000000000000e+00 0.000000000000000e+00
cras   = 9.633865356445312e-01 1.578872680664062e+00 -9.576705932617188e+00
dst volume info
valid = 1  # volume info valid
filename = /opt/freesurfer/average/RB_all_2020-01-02.gca
volume = 256 256 256
voxelsize = 1.000000000000000e+00 1.000000000000000e+00 1.000000000000000e+00
xras   = -1.000000000000000e+00 0.000000000000000e+00 0.000000000000000e+00
yras   = 0.000000000000000e+00 0.000000000000000e+00 -1.000000000000000e+00
zras   = 0.000000000000000e+00 1.000000000000000e+00 0.000000000000000e+00
cras   = 0.000000000000000e+00 0.000000000000000e+00 0.000000000000000e+00
