#Insight Transform File V1.0
#Transform 0
Transform: AffineTransform_float_3_3
Parameters: 0.999999 -0.00112717 0.000856133 0.00112615 0.999998 0.00125663 -0.000858048 -0.0012556 0.999999 0.0975764 -0.0117263 0.0545118
FixedParameters: 0 0 0

#Transform 1
Transform: AffineTransform_float_3_3
Parameters: 0.999999 -0.000781395 0.000346392 0.000781546 0.999999 0.00117058 -0.000347339 -0.00117 0.999999 0.0864564 -0.0135106 0.0556773
FixedParameters: 0 0 0

#Transform 2
Transform: AffineTransform_float_3_3
Parameters: 0.999999 -0.000572846 0.000434856 0.000572273 0.999999 0.000658015 -0.000435519 -0.000658461 1 0.0808428 0.0296377 0.0261263
FixedParameters: 0 0 0

#Transform 3
Transform: AffineTransform_float_3_3
Parameters: 1 -0.000297945 -0.000475123 0.000298705 0.999999 0.000800815 0.000474555 -0.000800155 0.999999 0.0889839 0.0468886 0.0796498
FixedParameters: 0 0 0

#Transform 4
Transform: AffineTransform_float_3_3
Parameters: 1 -0.000615665 -0.000152347 0.000615855 0.999999 0.000625848 0.000151576 -0.000626035 1 0.0686281 0.0670515 0.0153356
FixedParameters: 0 0 0

#Transform 5
Transform: AffineTransform_float_3_3
Parameters: 1 -0.000659693 -3.73436e-05 0.000659619 0.999999 0.00132546 3.56518e-05 -0.0013255 0.999999 0.0509398 0.0101339 0.0620959
FixedParameters: 0 0 0

#Transform 6
Transform: AffineTransform_float_3_3
Parameters: 0.999999 -0.00072036 -0.000292159 0.000721164 0.999999 0.0013939 0.000291099 -0.00139329 0.999999 0.0341938 0.0205797 0.017238
FixedParameters: 0 0 0

#Transform 7
Transform: AffineTransform_float_3_3
Parameters: 0.999999 -0.000429872 -0.000643666 0.000430033 0.999999 0.000875966 0.000643098 -0.000876158 1 0.0529324 0.0849254 0.0488502
FixedParameters: 0 0 0

#Transform 8
Transform: AffineTransform_float_3_3
Parameters: 1 -0.000369501 -0.000215021 0.000369022 0.999998 0.00154431 0.000214094 -0.00154443 0.999999 0.0482108 -0.0191371 0.0712591
FixedParameters: 0 0 0

#Transform 9
Transform: AffineTransform_float_3_3
Parameters: 1 -0.000370573 -0.000218301 0.00037012 0.999998 0.00158216 0.000217342 -0.00158227 0.999998 0.064182 0.0437415 0.0331844
FixedParameters: 0 0 0

#Transform 10
Transform: AffineTransform_float_3_3
Parameters: 1 -0.000382764 -0.000255389 0.000382475 0.999998 0.00201038 0.000254121 -0.00201052 0.999998 0.0722771 -0.0254998 0.106793
FixedParameters: 0 0 0

#Transform 11
Transform: AffineTransform_float_3_3
Parameters: 1 -0.00037573 -0.000233809 0.000375238 0.999999 0.00176142 0.000232756 -0.00176154 0.999999 0.0690099 -0.011005 0.0362753
FixedParameters: 0 0 0

#Transform 12
Transform: AffineTransform_float_3_3
Parameters: 0.999998 -0.00148158 -0.0013028 0.00149034 0.999977 0.00656559 0.00129325 -0.00656751 0.999978 0.0954117 -0.0691076 0.217044
FixedParameters: 0 0 0

#Transform 13
Transform: AffineTransform_float_3_3
Parameters: 0.999998 -0.00173108 -0.000384928 0.00173252 0.999993 0.00323545 0.000380083 -0.00323655 0.999995 0.0643797 -0.0535462 0.107919
FixedParameters: 0 0 0

#Transform 14
Transform: AffineTransform_float_3_3
Parameters: 1 -0.00120377 4.7178e-05 0.00120385 0.999999 0.000875272 -4.83315e-05 -0.000875397 0.999999 0.0212675 0.0015641 0.077396
FixedParameters: 0 0 0

#Transform 15
Transform: AffineTransform_float_3_3
Parameters: 1 -0.000864553 0.000862311 0.000864635 0.999999 5.23757e-05 -0.000862367 -5.18335e-05 0.999999 -0.0145374 0.0781926 -0.0157875
FixedParameters: 0 0 0

#Transform 16
Transform: AffineTransform_float_3_3
Parameters: 1 -0.000875225 0.000604256 0.000873632 0.999998 0.00145156 -0.000605722 -0.00145136 0.999999 -0.0160602 -0.00223123 0.0518893
FixedParameters: 0 0 0

#Transform 17
Transform: AffineTransform_float_3_3
Parameters: 1 -5.94858e-05 0.000504733 5.84375e-05 0.999999 0.00104314 -0.000504828 -0.00104276 1 -0.0391166 0.110145 0.0209308
FixedParameters: 0 0 0

#Transform 18
Transform: AffineTransform_float_3_3
Parameters: 1 -5.01732e-05 -0.000338597 5.01572e-05 1 -2.36287e-05 0.0003386 2.35947e-05 1 0.0325673 -0.0629574 0.0150926
FixedParameters: 0 0 0

#Transform 19
Transform: AffineTransform_float_3_3
Parameters: 1 -0.000521146 -0.00019696 0.000521295 1 0.000378675 0.000196565 -0.00037888 1 0.0319699 -0.0107369 0.0126604
FixedParameters: 0 0 0

#Transform 20
Transform: AffineTransform_float_3_3
Parameters: 1 -0.000500063 -2.92885e-05 0.000500274 0.999999 0.000821598 2.94489e-05 -0.000821548 0.999999 0.000367984 -0.0444332 0.0258883
FixedParameters: 0 0 0

#Transform 21
Transform: AffineTransform_float_3_3
Parameters: 0.999997 -9.98267e-05 0.00232518 8.62538e-05 0.999984 0.00554855 -0.00232568 -0.00554816 0.999982 -0.0414602 0.104482 -0.234074
FixedParameters: 0 0 0

#Transform 22
Transform: AffineTransform_float_3_3
Parameters: 0.999995 0.00055788 0.00323215 -0.000563306 0.999998 0.00172669 -0.00323112 -0.00172863 0.999993 -0.112988 0.0216188 0.397155
FixedParameters: 0 0 0

#Transform 23
Transform: AffineTransform_float_3_3
Parameters: 0.999996 0.00187762 0.00186393 -0.00186479 0.999976 -0.00660195 -0.00187617 0.00659816 0.999976 -0.089586 0.0442779 0.403688
FixedParameters: 0 0 0

#Transform 24
Transform: AffineTransform_float_3_3
Parameters: 0.999996 0.00250127 0.00139711 -0.00248993 0.999964 -0.00810896 -0.00141691 0.00810643 0.999966 -0.114235 0.0507632 0.360366
FixedParameters: 0 0 0

#Transform 25
Transform: AffineTransform_float_3_3
Parameters: 0.999997 0.00175716 0.00201749 -0.00174791 0.999988 -0.00463448 -0.00202603 0.00463019 0.999987 -0.095413 0.0982041 0.0671944
FixedParameters: 0 0 0

#Transform 26
Transform: AffineTransform_float_3_3
Parameters: 0.999996 0.00277944 0.000269309 -0.0027772 0.999961 -0.00830899 -0.000291964 0.0083084 0.999965 -0.099293 0.198415 0.493806
FixedParameters: 0 0 0

#Transform 27
Transform: AffineTransform_float_3_3
Parameters: 0.999994 0.00295993 -0.0016718 -0.00296877 0.999981 -0.00543852 0.00165594 0.00544376 0.999984 -0.0506348 0.0856201 0.440845
FixedParameters: 0 0 0

#Transform 28
Transform: AffineTransform_float_3_3
Parameters: 0.999999 0.00134748 0.00035079 -0.00134507 0.999985 -0.00516855 -0.000358073 0.00516814 0.999987 -0.0291605 0.21442 -0.0749154
FixedParameters: 0 0 0

#Transform 29
Transform: AffineTransform_float_3_3
Parameters: 0.999999 0.000956955 -0.000239382 -0.00095817 0.99999 -0.00441979 0.000235192 0.00441959 0.99999 0.0276566 0.1336 -0.210707
FixedParameters: 0 0 0

#Transform 30
Transform: AffineTransform_float_3_3
Parameters: 0.999999 0.00115692 0.00047405 -0.0011546 0.999987 -0.00493762 -0.000479656 0.00493702 0.999988 -0.00772646 0.168216 -0.15701
FixedParameters: 0 0 0

#Transform 31
Transform: AffineTransform_float_3_3
Parameters: 0.999999 0.00109166 0.000661429 -0.00108858 0.999987 -0.00496369 -0.000667268 0.0049627 0.999988 -0.0137143 0.182273 -0.12572
FixedParameters: 0 0 0

#Transform 32
Transform: AffineTransform_float_3_3
Parameters: 0.999999 0.000988794 7.55245e-06 -0.000989639 0.999984 -0.00551445 -1.27355e-05 0.0055136 0.999985 0.0234274 0.149115 0.00545366
FixedParameters: 0 0 0

#Transform 33
Transform: AffineTransform_float_3_3
Parameters: 0.999998 0.00172068 0.000599202 -0.00171737 0.999984 -0.00540406 -0.000608875 0.0054034 0.999985 -0.00885066 0.156063 -0.039368
FixedParameters: 0 0 0

#Transform 34
Transform: AffineTransform_float_3_3
Parameters: 0.999999 0.00122159 -0.000476761 -0.00122458 0.99998 -0.00621554 0.000469772 0.00621596 0.99998 0.0627135 0.131447 -0.18135
FixedParameters: 0 0 0

#Transform 35
Transform: AffineTransform_float_3_3
Parameters: 0.999999 0.00145787 0.0005681 -0.00145471 0.99998 -0.00616414 -0.000576828 0.00616297 0.99998 -0.0265238 0.207032 -0.193176
FixedParameters: 0 0 0

#Transform 36
Transform: AffineTransform_float_3_3
Parameters: 0.999999 0.00131305 -0.000298123 -0.00131504 0.999979 -0.00637035 0.00028981 0.00637043 0.999979 0.00776915 0.20378 -0.21023
FixedParameters: 0 0 0

#Transform 37
Transform: AffineTransform_float_3_3
Parameters: 0.999998 0.00211672 7.7477e-05 -0.00211615 0.999977 -0.00636526 -9.15901e-05 0.00636465 0.99998 -0.0375427 0.157477 -0.0703827
FixedParameters: 0 0 0

#Transform 38
Transform: AffineTransform_float_3_3
Parameters: 0.999998 0.00200144 -0.000733854 -0.00200713 0.999965 -0.0080814 0.000717767 0.00808221 0.999967 0.00695742 0.259243 -0.16679
FixedParameters: 0 0 0

#Transform 39
Transform: AffineTransform_float_3_3
Parameters: 0.999998 0.00216552 0.000271894 -0.00216274 0.99997 -0.00744201 -0.000287992 0.00744145 0.999972 -0.0306229 0.194518 -0.155808
FixedParameters: 0 0 0

#Transform 40
Transform: AffineTransform_float_3_3
Parameters: 0.999999 0.0013234 0.000586504 -0.00131906 0.999973 -0.00729397 -0.000596255 0.0072929 0.999973 -0.0120503 0.253671 -0.35266
FixedParameters: 0 0 0

#Transform 41
Transform: AffineTransform_float_3_3
Parameters: 0.999997 0.000228695 0.00259942 -0.000221091 0.999996 -0.00264511 -0.00260042 0.00264413 0.999993 -0.110502 0.0707048 -0.0452453
FixedParameters: 0 0 0

#Transform 42
Transform: AffineTransform_float_3_3
Parameters: 0.999996 0.00258323 -0.000205394 -0.0025858 0.999942 -0.0104586 0.000178013 0.0104587 0.999945 -0.0757699 0.206759 0.219376
FixedParameters: 0 0 0

#Transform 43
Transform: AffineTransform_float_3_3
Parameters: 0.999995 0.00308422 -9.04206e-05 -0.00308543 0.999886 -0.0147609 4.49444e-05 0.0147608 0.999891 -0.0903463 0.282111 0.0813939
FixedParameters: 0 0 0

#Transform 44
Transform: AffineTransform_float_3_3
Parameters: 0.999995 0.00315121 -0.000798483 -0.00316153 0.999919 -0.012331 0.000758945 0.0123338 0.999924 -0.0617308 0.255482 0.158939
FixedParameters: 0 0 0

#Transform 45
Transform: AffineTransform_float_3_3
Parameters: 0.999994 0.00293304 -0.00155047 -0.00294611 0.99996 -0.00845897 0.00152621 0.00846396 0.999963 -0.058849 0.0503099 0.460031
FixedParameters: 0 0 0

#Transform 46
Transform: AffineTransform_float_3_3
Parameters: 0.999992 0.00302578 -0.00262796 -0.00305293 0.999941 -0.0104406 0.00259661 0.0104484 0.999942 -0.0266692 0.220379 0.166282
FixedParameters: 0 0 0

#Transform 47
Transform: AffineTransform_float_3_3
Parameters: 0.999995 0.00272885 -0.00125282 -0.00274249 0.999937 -0.0109171 0.00122314 0.010921 0.999939 -0.0329132 0.231198 0.0844467
FixedParameters: 0 0 0

#Transform 48
Transform: AffineTransform_float_3_3
Parameters: 0.999996 0.00263528 -0.00120805 -0.00264922 0.999934 -0.0112393 0.0011789 0.0112431 0.999936 -0.0278485 0.177467 0.0498922
FixedParameters: 0 0 0

#Transform 49
Transform: AffineTransform_float_3_3
Parameters: 0.999997 0.00236343 -0.00039802 -0.00236773 0.99993 -0.0115543 0.000370883 0.0115555 0.999933 -0.0435427 0.252419 -0.187626
FixedParameters: 0 0 0

#Transform 50
Transform: AffineTransform_float_3_3
Parameters: 0.999997 0.00233995 -0.000518225 -0.00234571 0.999932 -0.0113824 0.000491258 0.011383 0.999935 -0.0243043 0.274704 -0.21089
FixedParameters: 0 0 0

#Transform 51
Transform: AffineTransform_float_3_3
Parameters: 0.999997 0.00239775 -0.000131006 -0.00239916 0.99994 -0.0106354 0.000105678 0.0106363 0.999943 -0.037237 0.260069 -0.223349
FixedParameters: 0 0 0

#Transform 52
Transform: AffineTransform_float_3_3
Parameters: 0.999998 0.00218874 -0.000527077 -0.00219426 0.999944 -0.0103677 0.000504653 0.010369 0.999946 -0.0175912 0.294087 -0.319831
FixedParameters: 0 0 0

#Transform 53
Transform: AffineTransform_float_3_3
Parameters: 0.999998 0.00180268 -0.00029425 -0.0018056 0.999938 -0.0110151 0.00027393 0.0110161 0.999939 -0.0291669 0.33508 -0.306213
FixedParameters: 0 0 0

#Transform 54
Transform: AffineTransform_float_3_3
Parameters: 0.999998 0.00232501 -4.70316e-05 -0.00232569 0.999934 -0.0112088 2.09344e-05 0.0112093 0.999937 -0.0433276 0.295899 -0.362035
FixedParameters: 0 0 0

#Transform 55
Transform: AffineTransform_float_3_3
Parameters: 0.999999 0.00186953 0.000119782 -0.00186761 0.999942 -0.0106017 -0.000139418 0.0106014 0.999944 -0.0327977 0.24186 -0.324604
FixedParameters: 0 0 0

#Transform 56
Transform: AffineTransform_float_3_3
Parameters: 0.999997 0.00237952 0.000475463 -0.00237514 0.99995 -0.00976607 -0.00049955 0.00976464 0.999952 -0.0597472 0.265002 -0.337416
FixedParameters: 0 0 0

#Transform 57
Transform: AffineTransform_float_3_3
Parameters: 0.999997 0.00222222 -0.00055699 -0.0022291 0.999932 -0.0114372 0.000531492 0.0114381 0.999935 -0.0306917 0.359614 -0.31248
FixedParameters: 0 0 0

#Transform 58
Transform: AffineTransform_float_3_3
Parameters: 0.999998 0.00229224 -0.000177863 -0.00229474 0.999929 -0.0116784 0.000151398 0.0116789 0.999932 -0.0515061 0.261943 -0.332715
FixedParameters: 0 0 0

#Transform 59
Transform: AffineTransform_float_3_3
Parameters: 0.999997 0.00234002 0.000157802 -0.00233881 0.999938 -0.010883 -0.000182331 0.0108826 0.999941 -0.0384007 0.249745 -0.266077
FixedParameters: 0 0 0

#Transform 60
Transform: AffineTransform_float_3_3
Parameters: 0.999993 0.00354915 -0.00054465 -0.00355183 0.999974 -0.00626336 0.000522298 0.00626503 0.99998 -0.0566132 0.139808 0.173053
FixedParameters: 0 0 0

#Transform 61
Transform: AffineTransform_float_3_3
Parameters: 0.99999 0.00378668 -0.00231727 -0.00381296 0.999926 -0.0115584 0.00227314 0.0115668 0.999931 -0.0214099 0.224115 0.193585
FixedParameters: 0 0 0

#Transform 62
Transform: AffineTransform_float_3_3
Parameters: 0.999994 0.00302662 -0.00198871 -0.00304614 0.999946 -0.00992586 0.00195839 0.00993234 0.999949 -0.00866452 0.205072 -0.0616465
FixedParameters: 0 0 0

#Transform 63
Transform: AffineTransform_float_3_3
Parameters: 0.999992 0.00312167 -0.00245892 -0.00314649 0.999943 -0.0101293 0.00242692 0.0101366 0.999946 -0.00470283 0.167864 -0.125282
FixedParameters: 0 0 0

#Transform 64
Transform: AffineTransform_float_3_3
Parameters: 0.999995 0.00279805 -0.00199351 -0.00282144 0.999928 -0.011667 0.00196007 0.011672 0.99993 -0.00231504 0.290596 -0.199194
FixedParameters: 0 0 0

#Transform 65
Transform: AffineTransform_float_3_3
Parameters: 0.999993 0.00342684 -0.00153653 -0.0034457 0.999915 -0.0125665 0.00149314 0.0125718 0.99992 -0.0398678 0.205509 -0.15453
FixedParameters: 0 0 0

#Transform 66
Transform: AffineTransform_float_3_3
Parameters: 0.999993 0.00327725 -0.00146066 -0.00329574 0.999918 -0.0123651 0.00141953 0.0123702 0.999922 -0.0347619 0.257043 -0.240481
FixedParameters: 0 0 0

#Transform 67
Transform: AffineTransform_float_3_3
Parameters: 0.999995 0.00300486 -0.00141323 -0.00302278 0.999907 -0.0132991 0.00137324 0.0133034 0.99991 -0.0318154 0.319653 -0.139885
FixedParameters: 0 0 0

#Transform 68
Transform: AffineTransform_float_3_3
Parameters: 0.999995 0.00297404 -0.00107823 -0.00298738 0.999913 -0.0128285 0.00104053 0.0128317 0.999917 -0.0393643 0.286127 -0.248357
FixedParameters: 0 0 0

#Transform 69
Transform: AffineTransform_float_3_3
Parameters: 0.999993 0.00341979 -0.00177608 -0.00344161 0.999913 -0.0127963 0.00173279 0.0128023 0.999916 -0.034417 0.250932 -0.168706
FixedParameters: 0 0 0

#Transform 70
Transform: AffineTransform_float_3_3
Parameters: 0.999994 0.00320668 0.000283625 -0.00320256 0.99992 -0.0122197 -0.000322912 0.0122186 0.999926 -0.07796 0.251932 -0.266411
FixedParameters: 0 0 0

#Transform 71
Transform: AffineTransform_float_3_3
Parameters: 0.999993 0.00372329 -0.000700703 -0.00373309 0.999901 -0.0135838 0.000649398 0.0135858 0.999908 -0.0866712 0.332465 -0.180427
FixedParameters: 0 0 0

#Transform 72
Transform: AffineTransform_float_3_3
Parameters: 0.999993 0.00364245 -0.00116341 -0.00365814 0.9999 -0.0137006 0.00111346 0.0137041 0.999906 -0.0573963 0.32879 -0.237966
FixedParameters: 0 0 0

#Transform 73
Transform: AffineTransform_float_3_3
Parameters: 0.999993 0.00375891 -0.00118223 -0.00377529 0.99989 -0.014328 0.00112841 0.0143321 0.999897 -0.0632104 0.3138 -0.24214
FixedParameters: 0 0 0

#Transform 74
Transform: AffineTransform_float_3_3
Parameters: 0.999992 0.00362388 -0.00125663 -0.00364041 0.999901 -0.0135411 0.00120705 0.0135454 0.999908 -0.0597825 0.290744 -0.232396
FixedParameters: 0 0 0

#Transform 75
Transform: AffineTransform_float_3_3
Parameters: 0.999993 0.00371869 -0.000692233 -0.00372778 0.999907 -0.0131236 0.000643231 0.0131264 0.999914 -0.0769505 0.268774 -0.331634
FixedParameters: 0 0 0

#Transform 76
Transform: AffineTransform_float_3_3
Parameters: 0.999992 0.00389108 -0.000257435 -0.00389427 0.99987 -0.0156253 0.000196289 0.0156268 0.999878 -0.121203 0.321714 -0.414538
FixedParameters: 0 0 0

#Transform 77
Transform: AffineTransform_float_3_3
Parameters: 0.999994 0.00321891 -0.00141227 -0.00324185 0.999857 -0.0165477 0.00135961 0.0165518 0.999862 -0.0360263 0.329662 -0.3474
FixedParameters: 0 0 0

#Transform 78
Transform: AffineTransform_float_3_3
Parameters: 0.999994 0.00335376 -0.000660279 -0.00336479 0.999859 -0.0164565 0.000604813 0.0164585 0.999864 -0.0864124 0.330508 -0.386537
FixedParameters: 0 0 0

#Transform 79
Transform: AffineTransform_float_3_3
Parameters: 0.999985 0.0049471 -0.00207488 -0.00499391 0.999725 -0.0228944 0.00196148 0.0229046 0.999736 -0.0825566 0.466574 0.185631
FixedParameters: 0 0 0

#Transform 80
Transform: AffineTransform_float_3_3
Parameters: 0.999995 0.00305387 0.000292973 -0.00305003 0.999918 -0.0124954 -0.000331024 0.0124943 0.999922 -0.160257 0.437177 -0.573355
FixedParameters: 0 0 0

#Transform 81
Transform: AffineTransform_float_3_3
Parameters: 0.999987 0.00513492 -0.00079533 -0.00515007 0.99977 -0.020796 0.000687406 0.0208005 0.999784 -0.171494 0.460761 0.12125
FixedParameters: 0 0 0

#Transform 82
Transform: AffineTransform_float_3_3
Parameters: 0.999991 0.00432247 -0.000354152 -0.00432825 0.999806 -0.019245 0.000270953 0.0192468 0.999815 -0.183483 0.258622 0.13768
FixedParameters: 0 0 0

#Transform 83
Transform: AffineTransform_float_3_3
Parameters: 0.999991 0.00408614 -0.00111125 -0.00410668 0.999801 -0.0195218 0.00103153 0.0195267 0.999809 -0.146668 0.326866 0.123218
FixedParameters: 0 0 0

#Transform 84
Transform: AffineTransform_float_3_3
Parameters: 0.999989 0.00448724 -0.00138582 -0.00451653 0.999748 -0.0219659 0.00128676 0.021972 0.999758 -0.139672 0.450151 0.0765162
FixedParameters: 0 0 0

#Transform 85
Transform: AffineTransform_float_3_3
Parameters: 0.999988 0.00441126 -0.00208624 -0.00444574 0.999845 -0.0169984 0.00201065 0.0170073 0.999854 -0.141885 0.324722 0.025166
FixedParameters: 0 0 0

#Transform 86
Transform: AffineTransform_float_3_3
Parameters: 0.999991 0.00419167 -0.000956785 -0.00420081 0.99995 -0.00906782 0.000919043 0.00907223 0.999959 -0.133205 0.204735 0.269217
FixedParameters: 0 0 0

#Transform 87
Transform: AffineTransform_float_3_3
Parameters: 0.999995 0.00315953 0.00047904 -0.00315293 0.999917 -0.0125392 -0.00051871 0.0125379 0.999922 -0.176747 0.280073 0.115932
FixedParameters: 0 0 0

#Transform 88
Transform: AffineTransform_float_3_3
Parameters: 0.999993 0.00356016 -0.000540015 -0.00356693 0.999901 -0.0135995 0.000491203 0.0136013 0.999907 -0.158411 0.291727 -0.0384005
FixedParameters: 0 0 0

#Transform 89
Transform: AffineTransform_float_3_3
Parameters: 0.999992 0.00399844 -0.000203764 -0.00400146 0.999891 -0.0142295 0.000147109 0.0142302 0.999899 -0.174026 0.290827 -0.0422413
FixedParameters: 0 0 0

#Transform 90
Transform: AffineTransform_float_3_3
Parameters: 0.999992 0.00402297 -0.000107621 -0.00402449 0.999883 -0.0147619 4.74429e-05 0.0147619 0.999891 -0.170868 0.324195 -0.0746339
FixedParameters: 0 0 0

#Transform 91
Transform: AffineTransform_float_3_3
Parameters: 0.999989 0.00437058 -0.00103457 -0.00438686 0.999862 -0.0159886 0.000964677 0.0159934 0.999872 -0.118545 0.349071 -0.0608618
FixedParameters: 0 0 0

#Transform 92
Transform: AffineTransform_float_3_3
Parameters: 0.99999 0.00437809 -0.000531371 -0.00438582 0.99987 -0.0154585 0.000463889 0.0154607 0.99988 -0.140633 0.29164 -0.0928553
FixedParameters: 0 0 0

#Transform 93
Transform: AffineTransform_float_3_3
Parameters: 0.999991 0.00411297 0.00110546 -0.00409542 0.999884 -0.0146526 -0.0011659 0.0146483 0.999892 -0.150935 0.357412 -0.539211
FixedParameters: 0 0 0

#Transform 94
Transform: AffineTransform_float_3_3
Parameters: 0.999991 0.00396447 0.00114757 -0.0039458 0.999865 -0.0159723 -0.00121083 0.0159674 0.999872 -0.230953 0.459179 -0.809971
FixedParameters: 0 0 0

#Transform 95
Transform: AffineTransform_float_3_3
Parameters: 0.999985 0.00540716 0.000139815 -0.00540126 0.999648 -0.0259778 -0.000280641 0.0259769 0.999663 -0.230089 0.427733 0.209909
FixedParameters: 0 0 0

#Transform 96
Transform: AffineTransform_float_3_3
Parameters: 0.999982 0.00593855 -0.000724223 -0.00595329 0.999732 -0.022382 0.000591386 0.0223863 0.999749 -0.213835 0.252127 -0.106161
FixedParameters: 0 0 0

#Transform 97
Transform: AffineTransform_float_3_3
Parameters: 0.999985 0.00539165 -8.13422e-05 -0.00539192 0.999713 -0.0233081 -4.39725e-05 0.0233086 0.999728 -0.239615 0.456038 -0.280606
FixedParameters: 0 0 0

#Transform 98
Transform: AffineTransform_float_3_3
Parameters: 0.999984 0.00557787 0.000354904 -0.00556697 0.999667 -0.0251865 -0.000495427 0.0251841 0.999683 -0.254778 0.48491 -0.3711
FixedParameters: 0 0 0

#Transform 99
Transform: AffineTransform_float_3_3
Parameters: 0.999989 0.00452078 0.00119837 -0.00449075 0.999719 -0.0232842 -0.00130409 0.0232788 0.999728 -0.214615 0.418685 -0.439312
FixedParameters: 0 0 0

#Transform 100
Transform: AffineTransform_float_3_3
Parameters: 0.999989 0.00470741 -0.00030497 -0.0047126 0.999725 -0.0229875 0.000197216 0.0229895 0.999736 -0.142154 0.42961 -0.45099
FixedParameters: 0 0 0

#Transform 101
Transform: AffineTransform_float_3_3
Parameters: 0.999988 0.00497046 0.000146992 -0.00496571 0.999743 -0.0221009 -0.000256852 0.0221003 0.999755 -0.14689 0.355428 -0.576874
FixedParameters: 0 0 0

#Transform 102
Transform: AffineTransform_float_3_3
Parameters: 0.999988 0.00498222 0.000171871 -0.00497682 0.999732 -0.0226254 -0.000284877 0.0226238 0.999744 -0.198758 0.473405 -0.515993
FixedParameters: 0 0 0

#Transform 103
Transform: AffineTransform_float_3_3
Parameters: 0.999985 0.00556654 1.04378e-06 -0.00556536 0.99966 -0.0254885 -0.000142526 0.0254877 0.999675 -0.224503 0.547548 -0.749234
FixedParameters: 0 0 0

#Transform 104
Transform: AffineTransform_float_3_3
Parameters: 0.999984 0.00546685 -0.000728444 -0.00548329 0.999664 -0.0253614 0.000589967 0.0253655 0.999678 -0.188026 0.446178 -0.731406
FixedParameters: 0 0 0

#Transform 105
Transform: AffineTransform_float_3_3
Parameters: 0.999984 0.00548971 -0.00143407 -0.00552245 0.999707 -0.0235817 0.00130406 0.0235898 0.999721 -0.170793 0.413412 -0.734185
FixedParameters: 0 0 0

#Transform 106
Transform: AffineTransform_float_3_3
Parameters: 0.999984 0.00510489 -0.00203269 -0.00513623 0.999866 -0.0155512 0.00195238 0.0155614 0.999877 -0.126844 0.357828 -0.266488
FixedParameters: 0 0 0

#Transform 107
Transform: AffineTransform_float_3_3
Parameters: 0.99998 0.00589761 -0.00223956 -0.00594297 0.999764 -0.0208965 0.00211513 0.0209092 0.999779 -0.167675 0.446061 -0.366953
FixedParameters: 0 0 0

#Transform 108
Transform: AffineTransform_float_3_3
Parameters: 0.999982 0.00567596 -0.00192512 -0.00571566 0.999757 -0.0213038 0.0018035 0.0213142 0.999771 -0.172351 0.476273 -0.54776
FixedParameters: 0 0 0

#Transform 109
Transform: AffineTransform_float_3_3
Parameters: 0.999977 0.00540171 -0.00414047 -0.00549191 0.999744 -0.0219444 0.00402096 0.0219669 0.999751 -0.105964 0.503182 -0.529645
FixedParameters: 0 0 0

#Transform 110
Transform: AffineTransform_float_3_3
Parameters: 0.999977 0.00584242 -0.00351923 -0.00591576 0.999756 -0.02128 0.00339434 0.021301 0.999768 -0.137603 0.529039 -0.63366
FixedParameters: 0 0 0

#Transform 111
Transform: AffineTransform_float_3_3
Parameters: 0.999977 0.00614569 -0.0026971 -0.00620132 0.999758 -0.0211055 0.00256739 0.0211216 0.999774 -0.172699 0.511981 -0.578168
FixedParameters: 0 0 0

#Transform 112
Transform: AffineTransform_float_3_3
Parameters: 0.999977 0.00616407 -0.00261138 -0.00621882 0.999753 -0.0213259 0.00247961 0.0213411 0.99977 -0.165702 0.501465 -0.727414
FixedParameters: 0 0 0

#Transform 113
Transform: AffineTransform_float_3_3
Parameters: 0.999979 0.00597287 -0.00234779 -0.00602222 0.999749 -0.0215861 0.00221884 0.0216 0.999764 -0.194129 0.466168 -0.56499
FixedParameters: 0 0 0

#Transform 114
Transform: AffineTransform_float_3_3
Parameters: 0.999978 0.00618292 -0.00260533 -0.00624085 0.999718 -0.0229176 0.00246226 0.0229333 0.999734 -0.173105 0.511093 -0.628003
FixedParameters: 0 0 0

#Transform 115
Transform: AffineTransform_float_3_3
Parameters: 0.999979 0.0059448 -0.00240794 -0.00599549 0.999745 -0.0218015 0.00227737 0.0218162 0.99976 -0.171419 0.481104 -0.591104
FixedParameters: 0 0 0

#Transform 116
Transform: AffineTransform_float_3_3
Parameters: 0.999978 0.00628686 -0.00203812 -0.00633136 0.999722 -0.0227085 0.00189396 0.0227215 0.99974 -0.192791 0.518796 -0.639094
FixedParameters: 0 0 0

#Transform 117
Transform: AffineTransform_float_3_3
Parameters: 0.99998 0.00605945 -0.00194687 -0.00610261 0.999728 -0.0225159 0.00180975 0.0225275 0.999745 -0.184952 0.450362 -0.674849
FixedParameters: 0 0 0

#Transform 118
Transform: AffineTransform_float_3_3
Parameters: 0.999981 0.00599182 -0.00194186 -0.00603282 0.999739 -0.022044 0.00180911 0.022055 0.999755 -0.20631 0.477295 -0.698701
FixedParameters: 0 0 0

#Transform 119
Transform: AffineTransform_float_3_3
Parameters: 0.999978 0.00620502 -0.00222692 -0.00625384 0.999723 -0.0226499 0.00208548 0.0226638 0.999741 -0.204098 0.515366 -0.757108
FixedParameters: 0 0 0

#Transform 120
Transform: AffineTransform_float_3_3
Parameters: 0.999969 0.00681908 -0.0037842 -0.00690254 0.999726 -0.0223486 0.0036317 0.0223743 0.999743 -0.173696 0.574259 -0.794042
FixedParameters: 0 0 0

#Transform 121
Transform: AffineTransform_float_3_3
Parameters: 0.999976 0.00632605 -0.00311231 -0.00639343 0.999736 -0.0220549 0.00297165 0.0220747 0.999751 -0.200374 0.585132 -0.846871
FixedParameters: 0 0 0

#Transform 122
Transform: AffineTransform_float_3_3
Parameters: 0.99997 0.00690558 -0.00348587 -0.00697765 0.999747 -0.0213891 0.00333752 0.0214134 0.999765 -0.17551 0.537299 -0.864496
FixedParameters: 0 0 0

#Transform 123
Transform: AffineTransform_float_3_3
Parameters: 0.999975 0.00618084 -0.00345184 -0.00625222 0.999764 -0.0208372 0.00332244 0.0208589 0.999777 -0.162882 0.520371 -0.865214
FixedParameters: 0 0 0

#Transform 124
Transform: AffineTransform_float_3_3
Parameters: 0.999969 0.00628228 -0.00453355 -0.00636973 0.999788 -0.0196179 0.0044089 0.0196462 0.999797 -0.134711 0.510468 -0.708001
FixedParameters: 0 0 0

#Transform 125
Transform: AffineTransform_float_3_3
Parameters: 0.999967 0.00672349 -0.00456333 -0.00681351 0.999778 -0.0199687 0.00442768 0.0199993 0.99979 -0.149385 0.513042 -0.73095
FixedParameters: 0 0 0

#Transform 126
Transform: AffineTransform_float_3_3
Parameters: 0.999966 0.0067806 -0.00457606 -0.00687309 0.999767 -0.0204402 0.00443567 0.0204711 0.999781 -0.15469 0.4381 -0.791407
FixedParameters: 0 0 0

#Transform 127
Transform: AffineTransform_float_3_3
Parameters: 0.999934 0.00684698 -0.00921246 -0.00706737 0.999684 -0.0241098 0.00904492 0.0241724 0.999667 -0.136053 0.590387 -0.183886
FixedParameters: 0 0 0

#Transform 128
Transform: AffineTransform_float_3_3
Parameters: 0.999958 0.0081823 -0.00417033 -0.00830058 0.999539 -0.0291998 0.00392882 0.0292333 0.999565 -0.256467 0.713513 -0.736703
FixedParameters: 0 0 0

#Transform 129
Transform: AffineTransform_float_3_3
Parameters: 0.999947 0.00837525 -0.00596045 -0.00853569 0.999586 -0.0274653 0.00572764 0.0275146 0.999605 -0.311755 0.655959 -0.967024
FixedParameters: 0 0 0

#Transform 130
Transform: AffineTransform_float_3_3
Parameters: 0.999948 0.00834034 -0.00583916 -0.00850809 0.999531 -0.0294057 0.00559085 0.0294537 0.99955 -0.200922 0.526324 -0.608814
FixedParameters: 0 0 0

#Transform 131
Transform: AffineTransform_float_3_3
Parameters: 0.999951 0.00809595 -0.00570748 -0.00825958 0.999537 -0.0292787 0.00546727 0.0293238 0.999555 -0.221729 0.543447 -0.859411
FixedParameters: 0 0 0

#Transform 132
Transform: AffineTransform_float_3_3
Parameters: 0.999947 0.00839645 -0.00600678 -0.00858109 0.999469 -0.0314515 0.00573942 0.0315013 0.999487 -0.207651 0.670058 -0.684863
FixedParameters: 0 0 0

#Transform 133
Transform: AffineTransform_float_3_3
Parameters: 0.999953 0.00874859 -0.00405251 -0.00885879 0.999563 -0.0281944 0.00380408 0.0282295 0.999594 -0.230315 0.626204 -0.982853
FixedParameters: 0 0 0

#Transform 134
Transform: AffineTransform_float_3_3
Parameters: 0.999972 0.006996 -0.00284839 -0.0070591 0.99971 -0.0229939 0.00268617 0.0230141 0.999731 -0.161954 0.512942 -0.914195
FixedParameters: 0 0 0

#Transform 135
Transform: AffineTransform_float_3_3
Parameters: 0.999962 0.00737564 -0.00453541 -0.00748615 0.999663 -0.0248613 0.00435005 0.0248949 0.99968 -0.166116 0.517457 -0.981552
FixedParameters: 0 0 0

#Transform 136
Transform: AffineTransform_float_3_3
Parameters: 0.999952 0.00836007 -0.00524224 -0.00849508 0.999616 -0.0263522 0.00502025 0.0263956 0.999639 -0.181769 0.566681 -1.00804
FixedParameters: 0 0 0

#Transform 137
Transform: AffineTransform_float_3_3
Parameters: 0.999955 0.00816177 -0.00482393 -0.00828606 0.999619 -0.0263369 0.00460738 0.026376 0.999641 -0.166926 0.533761 -0.979946
FixedParameters: 0 0 0

#Transform 138
Transform: AffineTransform_float_3_3
Parameters: 0.999961 0.00777861 -0.00422768 -0.00789496 0.999575 -0.0280659 0.00400797 0.0280987 0.999597 -0.110157 0.505676 -1.61464
FixedParameters: 0 0 0

#Transform 139
Transform: AffineTransform_float_3_3
Parameters: 0.99997 0.00483177 -0.00607859 -0.00491825 0.999886 -0.0142687 0.00600868 0.0142984 0.99988 0.0562957 0.282339 -2.34648
FixedParameters: 0 0 0

#Transform 140
Transform: AffineTransform_float_3_3
Parameters: 0.999974 0.00562153 -0.00451088 -0.00571366 0.999769 -0.0207201 0.00439343 0.0207454 0.999775 -0.0891463 0.314819 -2.05726
FixedParameters: 0 0 0

#Transform 141
Transform: AffineTransform_float_3_3
Parameters: 0.999948 0.00788406 -0.00642966 -0.00807705 0.999502 -0.0305068 0.0061864 0.0305569 0.999514 -0.147823 0.686325 -2.02529
FixedParameters: 0 0 0

#Transform 142
Transform: AffineTransform_float_3_3
Parameters: 0.999949 0.0076685 -0.00654515 -0.00784767 0.999583 -0.0277812 0.00633029 0.0278311 0.999593 -0.151616 0.439781 -1.79479
FixedParameters: 0 0 0

#Transform 143
Transform: AffineTransform_float_3_3
Parameters: 0.999955 0.00754266 -0.00582333 -0.00769902 0.999599 -0.0272774 0.00561544 0.0273212 0.999611 -0.176857 0.521559 -2.49198
FixedParameters: 0 0 0

#Transform 144
Transform: AffineTransform_float_3_3
Parameters: 0.999969 0.00702261 -0.00348625 -0.00708814 0.999787 -0.0193785 0.00334921 0.019402 0.999806 -0.301877 0.620994 -3.12639
FixedParameters: 0 0 0

#Transform 145
Transform: AffineTransform_float_3_3
Parameters: 0.999944 0.00773054 -0.00719495 -0.00786987 0.999776 -0.0196576 0.00704157 0.0197136 0.999781 -0.128626 0.204352 -1.41026
FixedParameters: 0 0 0

#Transform 146
Transform: AffineTransform_float_3_3
Parameters: 0.999943 0.00739792 -0.00768868 -0.00758908 0.999657 -0.0250427 0.00750119 0.025099 0.999657 -0.090846 0.386821 -1.36085
FixedParameters: 0 0 0

#Transform 147
Transform: AffineTransform_float_3_3
Parameters: 0.999942 0.00857389 -0.00650352 -0.00876407 0.999517 -0.0298032 0.00624443 0.0298587 0.999535 -0.183999 0.528614 -1.50841
FixedParameters: 0 0 0

#Transform 148
Transform: AffineTransform_float_3_3
Parameters: 0.999947 0.00812456 -0.0062652 -0.00830174 0.999552 -0.0287527 0.0060283 0.0288036 0.999567 -0.177517 0.561706 -1.49796
FixedParameters: 0 0 0

#Transform 149
Transform: AffineTransform_float_3_3
Parameters: 0.99996 0.00743134 -0.00500223 -0.00757462 0.999541 -0.0293259 0.00478231 0.0293621 0.999557 -0.196374 0.543276 -1.69812
FixedParameters: 0 0 0
