# transform file /out/sourcedata/freesurfer/sub-v1s17x0050245_ses-1/mri/transforms/cc_up.lta
# created by oesteban on Mon Mar  9 02:49:53 2026

type      = 0 # LINEAR_VOX_TO_VOX
nxforms   = 1
mean      = 127.0000 107.0000 115.0000
sigma     = 10000.0000
1 4 4
9.993070363998413e-01 3.703169524669647e-02 -3.778267418965697e-03 -2.057477712631226e+00 
-3.703143075108528e-02 9.993141889572144e-01 1.400116743752733e-04 4.479619979858398e+01 
3.780860686674714e-03 0.000000000000000e+00 9.999929070472717e-01 1.551567363739014e+01 
0.000000000000000e+00 0.000000000000000e+00 0.000000000000000e+00 1.000000000000000e+00 
src volume info
valid = 1  # volume info valid
filename = /out/sourcedata/freesurfer/sub-v1s17x0050245_ses-1/mri/norm.mgz
volume = 256 256 256
voxelsize = 1.000000000000000e+00 1.000000000000000e+00 1.000000000000000e+00
xras   = -1.000000119209290e+00 3.259629011154175e-09 3.725290298461914e-09
yras   = 3.725290298461914e-09 9.313225746154785e-10 -1.000000119209290e+00
zras   = 4.190951585769653e-09 1.000000119209290e+00 0.000000000000000e+00
cras   = -1.695892333984375e+00 -3.807479858398438e+00 -1.941851806640625e+01
dst volume info
valid = 1  # volume info valid
filename = /out/sourcedata/freesurfer/sub-v1s17x0050245_ses-1/mri/norm.mgz
volume = 256 256 256
voxelsize = 1.000000000000000e+00 1.000000000000000e+00 1.000000000000000e+00
xras   = -1.000000119209290e+00 3.259629011154175e-09 3.725290298461914e-09
yras   = 3.725290298461914e-09 9.313225746154785e-10 -1.000000119209290e+00
zras   = 4.190951585769653e-09 1.000000119209290e+00 0.000000000000000e+00
cras   = -1.695892333984375e+00 -3.807479858398438e+00 -1.941851806640625e+01
