type      = 0 # LINEAR_VOX_TO_VOX
nxforms   = 1
mean      = 0.0000 0.0000 0.0000
sigma     = 1.0000
1 4 4
1.153811097145081e+00 3.172300010919571e-02 -3.428005380555987e-03 -2.258880615234375e+01 
-2.986701019108295e-02 1.261002063751221e+00 2.853230237960815e-01 -3.582368469238281e+01 
-3.531400114297867e-02 -1.906490325927734e-01 1.129108071327209e+00 6.085853576660156e+00 
0.000000000000000e+00 0.000000000000000e+00 0.000000000000000e+00 1.000000000000000e+00 
src volume info
valid = 1  # volume info valid
filename = /out/sourcedata/freesurfer/sub-v1s17x0050245_ses-1/mri/orig.mgz
volume = 256 256 256
voxelsize = 1.000000000000000e+00 1.000000000000000e+00 1.000000000000000e+00
xras   = -1.000000119209290e+00 3.259629011154175e-09 3.725290298461914e-09
yras   = 3.725290298461914e-09 9.313225746154785e-10 -1.000000119209290e+00
zras   = 4.190951585769653e-09 1.000000119209290e+00 0.000000000000000e+00
cras   = -1.695892333984375e+00 -3.807479858398438e+00 -1.941851806640625e+01
dst volume info
valid = 1  # volume info valid
filename = /opt/freesurfer/average/mni305.cor.mgz
volume = 256 256 256
voxelsize = 1.000000000000000e+00 1.000000000000000e+00 1.000000000000000e+00
xras   = -1.000000000000000e+00 0.000000000000000e+00 0.000000000000000e+00
yras   = 0.000000000000000e+00 0.000000000000000e+00 -1.000000000000000e+00
zras   = 0.000000000000000e+00 1.000000000000000e+00 0.000000000000000e+00
cras   = 0.000000000000000e+00 0.000000000000000e+00 0.000000000000000e+00
subject fsaverage
fscale 0.100000
