# transform file transforms/talairach.lta
# created by oesteban on Mon Mar  9 01:40:47 2026

type      = 0 # LINEAR_VOX_TO_VOX
nxforms   = 1
mean      = 127.0000 107.0000 115.0000
sigma     = 10000.0000
1 4 4
1.074910640716553e+00 -1.232662983238697e-02 -1.798697933554649e-02 -7.539522647857666e+00 
1.909301988780499e-02 1.152891039848328e+00 1.476928591728210e-01 -1.810301971435547e+01 
2.016380429267883e-02 -1.675550341606140e-01 9.915291666984558e-01 1.029842662811279e+01 
0.000000000000000e+00 0.000000000000000e+00 0.000000000000000e+00 1.000000000000000e+00 
src volume info
valid = 1  # volume info valid
filename = nu.mgz
volume = 256 256 256
voxelsize = 1.000000000000000e+00 1.000000000000000e+00 1.000000000000000e+00
xras   = -1.000000119209290e+00 3.259629011154175e-09 3.725290298461914e-09
yras   = 3.725290298461914e-09 9.313225746154785e-10 -1.000000119209290e+00
zras   = 4.190951585769653e-09 1.000000119209290e+00 0.000000000000000e+00
cras   = -1.695892333984375e+00 -3.807479858398438e+00 -1.941851806640625e+01
dst volume info
valid = 1  # volume info valid
filename = /opt/freesurfer/average/RB_all_2020-01-02.gca
volume = 256 256 256
voxelsize = 1.000000000000000e+00 1.000000000000000e+00 1.000000000000000e+00
xras   = -1.000000000000000e+00 0.000000000000000e+00 0.000000000000000e+00
yras   = 0.000000000000000e+00 0.000000000000000e+00 -1.000000000000000e+00
zras   = 0.000000000000000e+00 1.000000000000000e+00 0.000000000000000e+00
cras   = 0.000000000000000e+00 0.000000000000000e+00 0.000000000000000e+00
