type      = 1 # LINEAR_RAS_TO_RAS
nxforms   = 1
mean      = 0.0000 0.0000 0.0000
sigma     = 1.0000
1 4 4
1.153810977935791e+00 3.428000025451183e-03 3.172300010919571e-02 1.865036010742188e+00 
3.531400114297867e-02 1.129107952117920e+00 1.906490027904510e-01 1.749488949775696e+00 
-2.986700087785721e-02 -2.853229939937592e-01 1.261001944541931e+00 -6.933181762695312e+00 
0.000000000000000e+00 0.000000000000000e+00 0.000000000000000e+00 1.000000000000000e+00 
src volume info
valid = 1  # volume info valid
filename = /out/sourcedata/freesurfer/sub-v1s17x0050245_ses-1/mri/orig_nu.mgz
volume = 256 256 256
voxelsize = 1.000000000000000e+00 1.000000000000000e+00 1.000000000000000e+00
xras   = -1.000000119209290e+00 3.259629011154175e-09 3.725290298461914e-09
yras   = 3.725290298461914e-09 9.313225746154785e-10 -1.000000119209290e+00
zras   = 4.190951585769653e-09 1.000000119209290e+00 0.000000000000000e+00
cras   = -1.695892333984375e+00 -3.807479858398438e+00 -1.941851806640625e+01
dst volume info
valid = 1  # volume info valid
filename = /opt/freesurfer/average/mni305.cor.mgz
volume = 256 256 256
voxelsize = 1.000000000000000e+00 1.000000000000000e+00 1.000000000000000e+00
xras   = -1.000000000000000e+00 0.000000000000000e+00 0.000000000000000e+00
yras   = 0.000000000000000e+00 0.000000000000000e+00 -1.000000000000000e+00
zras   = 0.000000000000000e+00 1.000000000000000e+00 0.000000000000000e+00
cras   = 0.000000000000000e+00 0.000000000000000e+00 0.000000000000000e+00
subject fsaverage
fscale 0.100000
