# transform file /out/sourcedata/freesurfer/sub-v1s17x0050257_ses-1/mri/transforms/cc_up.lta
# created by oesteban on Mon Mar  9 03:54:49 2026

type      = 0 # LINEAR_VOX_TO_VOX
nxforms   = 1
mean      = 128.0000 107.0000 108.0000
sigma     = 10000.0000
1 4 4
9.950915575027466e-01 -8.764293044805527e-02 -4.595210775732994e-02 1.470094394683838e+01 
8.754963427782059e-02 9.961520433425903e-01 -4.042934626340866e-03 3.169957923889160e+01 
4.612961784005165e-02 0.000000000000000e+00 9.989355206489563e-01 1.928860664367676e+01 
0.000000000000000e+00 0.000000000000000e+00 0.000000000000000e+00 1.000000000000000e+00 
src volume info
valid = 1  # volume info valid
filename = /out/sourcedata/freesurfer/sub-v1s17x0050257_ses-1/mri/norm.mgz
volume = 256 256 256
voxelsize = 1.000000000000000e+00 1.000000000000000e+00 1.000000000000000e+00
xras   = -1.000000119209290e+00 -3.812601789832115e-09 7.450580596923828e-09
yras   = 7.450580596923828e-09 1.164153218269348e-10 -1.000000000000000e+00
zras   = 3.783497959375381e-09 1.000000119209290e+00 -3.492459654808044e-10
cras   = -1.073661804199219e+00 2.601058959960938e+00 -1.861605834960938e+01
dst volume info
valid = 1  # volume info valid
filename = /out/sourcedata/freesurfer/sub-v1s17x0050257_ses-1/mri/norm.mgz
volume = 256 256 256
voxelsize = 1.000000000000000e+00 1.000000000000000e+00 1.000000000000000e+00
xras   = -1.000000119209290e+00 -3.812601789832115e-09 7.450580596923828e-09
yras   = 7.450580596923828e-09 1.164153218269348e-10 -1.000000000000000e+00
zras   = 3.783497959375381e-09 1.000000119209290e+00 -3.492459654808044e-10
cras   = -1.073661804199219e+00 2.601058959960938e+00 -1.861605834960938e+01
