type      = 1 # LINEAR_RAS_TO_RAS
nxforms   = 1
mean      = 0.0000 0.0000 0.0000
sigma     = 1.0000
1 4 4
1.052387952804565e+00 5.721899867057800e-02 -1.015579998493195e-01 2.446114063262939e+00 
-3.680799901485443e-02 1.126075029373169e+00 2.368849962949753e-01 1.556305050849915e+00 
6.376899778842926e-02 -1.837420016527176e-01 1.109701991081238e+00 -3.801254034042358e+00 
0.000000000000000e+00 0.000000000000000e+00 0.000000000000000e+00 1.000000000000000e+00 
src volume info
valid = 1  # volume info valid
filename = /out/sourcedata/freesurfer/sub-v1s17x0050257_ses-1/mri/orig_nu.mgz
volume = 256 256 256
voxelsize = 1.000000000000000e+00 1.000000000000000e+00 1.000000000000000e+00
xras   = -1.000000119209290e+00 -3.812601789832115e-09 7.450580596923828e-09
yras   = 7.450580596923828e-09 1.164153218269348e-10 -1.000000000000000e+00
zras   = 3.783497959375381e-09 1.000000119209290e+00 -3.492459654808044e-10
cras   = -1.073661804199219e+00 2.601058959960938e+00 -1.861605834960938e+01
dst volume info
valid = 1  # volume info valid
filename = /opt/freesurfer/average/mni305.cor.mgz
volume = 256 256 256
voxelsize = 1.000000000000000e+00 1.000000000000000e+00 1.000000000000000e+00
xras   = -1.000000000000000e+00 0.000000000000000e+00 0.000000000000000e+00
yras   = 0.000000000000000e+00 0.000000000000000e+00 -1.000000000000000e+00
zras   = 0.000000000000000e+00 1.000000000000000e+00 0.000000000000000e+00
cras   = 0.000000000000000e+00 0.000000000000000e+00 0.000000000000000e+00
subject fsaverage
fscale 0.100000
