# transform file transforms/talairach.lta
# created by oesteban on Mon Mar  9 02:31:25 2026

type      = 0 # LINEAR_VOX_TO_VOX
nxforms   = 1
mean      = 128.0000 108.0000 108.0000
sigma     = 10000.0000
1 4 4
9.717376232147217e-01 -1.419782042503357e-01 -7.531945407390594e-02 2.556196784973145e+01 
1.299642771482468e-01 1.113779544830322e+00 8.922470360994339e-02 -2.263225173950195e+01 
6.553367525339127e-02 -1.216121166944504e-01 1.052420735359192e+00 1.429650902748108e+00 
0.000000000000000e+00 0.000000000000000e+00 0.000000000000000e+00 1.000000000000000e+00 
src volume info
valid = 1  # volume info valid
filename = nu.mgz
volume = 256 256 256
voxelsize = 1.000000000000000e+00 1.000000000000000e+00 1.000000000000000e+00
xras   = -1.000000119209290e+00 -3.812601789832115e-09 7.450580596923828e-09
yras   = 7.450580596923828e-09 1.164153218269348e-10 -1.000000000000000e+00
zras   = 3.783497959375381e-09 1.000000119209290e+00 -3.492459654808044e-10
cras   = -1.073661804199219e+00 2.601058959960938e+00 -1.861605834960938e+01
dst volume info
valid = 1  # volume info valid
filename = /opt/freesurfer/average/RB_all_2020-01-02.gca
volume = 256 256 256
voxelsize = 1.000000000000000e+00 1.000000000000000e+00 1.000000000000000e+00
xras   = -1.000000000000000e+00 0.000000000000000e+00 0.000000000000000e+00
yras   = 0.000000000000000e+00 0.000000000000000e+00 -1.000000000000000e+00
zras   = 0.000000000000000e+00 1.000000000000000e+00 0.000000000000000e+00
cras   = 0.000000000000000e+00 0.000000000000000e+00 0.000000000000000e+00
