type      = 0 # LINEAR_VOX_TO_VOX
nxforms   = 1
mean      = 0.0000 0.0000 0.0000
sigma     = 1.0000
1 4 4
1.052388072013855e+00 -1.015580072999001e-01 -5.721900984644890e-02 1.026213836669922e+01 
6.376899778842926e-02 1.109701991081238e+00 1.837420165538788e-01 -2.071734619140625e+01 
3.680799901485443e-02 -2.368849962949753e-01 1.126075148582458e+00 9.587181091308594e+00 
0.000000000000000e+00 0.000000000000000e+00 0.000000000000000e+00 1.000000000000000e+00 
src volume info
valid = 1  # volume info valid
filename = /out/sourcedata/freesurfer/sub-v1s17x0050257_ses-1/mri/orig.mgz
volume = 256 256 256
voxelsize = 1.000000000000000e+00 1.000000000000000e+00 1.000000000000000e+00
xras   = -1.000000119209290e+00 -3.812601789832115e-09 7.450580596923828e-09
yras   = 7.450580596923828e-09 1.164153218269348e-10 -1.000000000000000e+00
zras   = 3.783497959375381e-09 1.000000119209290e+00 -3.492459654808044e-10
cras   = -1.073661804199219e+00 2.601058959960938e+00 -1.861605834960938e+01
dst volume info
valid = 1  # volume info valid
filename = /opt/freesurfer/average/mni305.cor.mgz
volume = 256 256 256
voxelsize = 1.000000000000000e+00 1.000000000000000e+00 1.000000000000000e+00
xras   = -1.000000000000000e+00 0.000000000000000e+00 0.000000000000000e+00
yras   = 0.000000000000000e+00 0.000000000000000e+00 -1.000000000000000e+00
zras   = 0.000000000000000e+00 1.000000000000000e+00 0.000000000000000e+00
cras   = 0.000000000000000e+00 0.000000000000000e+00 0.000000000000000e+00
subject fsaverage
fscale 0.100000
