#Insight Transform File V1.0
#Transform 0
Transform: AffineTransform_float_3_3
Parameters: 1 -0.000578356 0.000177743 0.000578497 1 -0.000397814 -0.000177283 0.000398019 1 0.0493096 -0.0536504 -0.0264979
FixedParameters: 0 0 0

#Transform 1
Transform: AffineTransform_float_3_3
Parameters: 1 -0.00112533 0.000307119 0.00112653 1 -0.000393793 -0.00030646 0.000393984 1 0.056885 -0.0524112 -0.0120806
FixedParameters: 0 0 0

#Transform 2
Transform: AffineTransform_float_3_3
Parameters: 1 -0.00110017 0.000435184 0.00110103 0.999998 -0.00126966 -0.000433355 0.00127056 0.999999 0.0529824 -0.0169682 -0.0789485
FixedParameters: 0 0 0

#Transform 3
Transform: AffineTransform_float_3_3
Parameters: 0.999999 -0.00076194 0.000245572 0.000762149 0.999999 -0.00119762 -0.000244697 0.00119793 1 0.0539006 -0.0131506 -0.103165
FixedParameters: 0 0 0

#Transform 4
Transform: AffineTransform_float_3_3
Parameters: 0.999999 -0.000579781 0.000529633 0.000580046 1 -0.000249595 -0.000529343 0.000250209 1 0.0273542 -0.0280907 -0.0794544
FixedParameters: 0 0 0

#Transform 5
Transform: AffineTransform_float_3_3
Parameters: 0.999999 -0.000921858 -4.11527e-05 0.000921629 1 -0.000881071 4.27471e-05 0.000881396 0.999999 0.0253837 0.0481432 -0.0384703
FixedParameters: 0 0 0

#Transform 6
Transform: AffineTransform_float_3_3
Parameters: 0.999999 -0.000993133 0.000848015 0.000994609 0.999999 -0.00101399 -0.000846965 0.00101561 0.999999 0.0625487 -0.0137882 -0.109279
FixedParameters: 0 0 0

#Transform 7
Transform: AffineTransform_float_3_3
Parameters: 1 -0.00113193 0.000271934 0.00113296 1 -0.000121607 -0.000271887 0.000121722 1 0.0547209 0.039276 -0.0833002
FixedParameters: 0 0 0

#Transform 8
Transform: AffineTransform_float_3_3
Parameters: 1 -0.00103673 0.000395084 0.00103678 1 -0.000361965 -0.000395285 0.000362245 1 0.0358774 -0.0100085 -0.0308934
FixedParameters: 0 0 0

#Transform 9
Transform: AffineTransform_float_3_3
Parameters: 1 -0.000605283 0.000332872 0.000605594 1 -0.001036 -0.000332568 0.00103634 1 0.0262583 -0.0104594 -0.0696663
FixedParameters: 0 0 0

#Transform 10
Transform: AffineTransform_float_3_3
Parameters: 1 0.000155887 -0.000259734 -0.000156205 1 -0.000611506 0.000259543 0.000611587 1 -0.0118977 0.087799 -0.0991024
FixedParameters: 0 0 0

#Transform 11
Transform: AffineTransform_float_3_3
Parameters: 1 -0.000264009 0.000440289 0.000263869 1 -0.000118786 -0.000441194 0.000118956 1 0.00492472 0.0218448 -0.0222965
FixedParameters: 0 0 0

#Transform 12
Transform: AffineTransform_float_3_3
Parameters: 1 -0.000422379 0.000260861 0.000422486 0.999999 -0.000673516 -0.000261259 0.000673674 0.999999 0.00611759 -0.0187038 -0.0573885
FixedParameters: 0 0 0

#Transform 13
Transform: AffineTransform_float_3_3
Parameters: 1 -0.000352766 9.36727e-05 0.00035281 1 -0.000237232 -9.35053e-05 0.000237298 1 -0.0159337 0.0164064 -0.0779639
FixedParameters: 0 0 0

#Transform 14
Transform: AffineTransform_float_3_3
Parameters: 1 -0.000286239 0.000343191 0.000286124 1 0.000167134 -0.000343287 -0.000166938 1 -0.00356031 -0.0627475 0.0186644
FixedParameters: 0 0 0

#Transform 15
Transform: AffineTransform_float_3_3
Parameters: 1 -0.000306632 0.000281684 0.000306867 1 -0.000416549 -0.000281428 0.000416721 1 0.0166893 -0.058478 -0.0235653
FixedParameters: 0 0 0

#Transform 16
Transform: AffineTransform_float_3_3
Parameters: 1 -0.00032493 0.000216591 0.00032496 0.999999 -0.0006316 -0.000217147 0.000631678 1 0.0185244 -0.0681747 -0.0514349
FixedParameters: 0 0 0

#Transform 17
Transform: AffineTransform_float_3_3
Parameters: 1 -0.000254991 0.000469533 0.000254915 1 8.07241e-05 -0.000469574 -8.04847e-05 1 0.00661447 0.0255197 -0.0582414
FixedParameters: 0 0 0

#Transform 18
Transform: AffineTransform_float_3_3
Parameters: 1 -0.000256368 0.000459198 0.000256154 1 0.00023337 -0.000459317 -0.000233134 1 -0.0145597 0.0218708 -0.0203876
FixedParameters: 0 0 0

#Transform 19
Transform: AffineTransform_float_3_3
Parameters: 1 9.01259e-05 0.000472351 -9.00716e-05 0.999999 -0.00121628 -0.000472309 0.00121622 0.999999 -0.020432 0.0491187 -0.0630749
FixedParameters: 0 0 0

#Transform 20
Transform: AffineTransform_float_3_3
Parameters: 1 0.000160173 -0.000209513 -0.00016014 1 7.94859e-05 0.000209539 -7.94188e-05 1 0.00545513 0.0222511 0.0191542
FixedParameters: 0 0 0

#Transform 21
Transform: AffineTransform_float_3_3
Parameters: 1 -0.000243681 0.00052628 0.000243995 1 -0.000298233 -0.000526135 0.000298489 1 0.00397841 0.0522598 -0.0973865
FixedParameters: 0 0 0

#Transform 22
Transform: AffineTransform_float_3_3
Parameters: 1 -0.000219685 0.00061972 0.000220005 1 -0.000257637 -0.000619607 0.000257909 1 -0.02493 0.0504501 -0.0938005
FixedParameters: 0 0 0

#Transform 23
Transform: AffineTransform_float_3_3
Parameters: 1 -0.000212151 0.000632451 0.000211788 1 0.000286546 -0.000632573 -0.000286278 1 -0.0184624 -0.00356404 -0.070274
FixedParameters: 0 0 0

#Transform 24
Transform: AffineTransform_float_3_3
Parameters: 0.999999 -0.000270802 0.000807533 0.000270617 1 -0.000479863 -0.000807028 0.000480325 0.999999 -0.0125865 0.0262663 -0.101733
FixedParameters: 0 0 0

#Transform 25
Transform: AffineTransform_float_3_3
Parameters: 0.999999 -0.000188306 0.000771092 0.000188734 1 -0.00114522 -0.000771366 0.00114548 0.999999 -0.0209777 0.00971087 -0.120838
FixedParameters: 0 0 0

#Transform 26
Transform: AffineTransform_float_3_3
Parameters: 0.999999 -0.000188385 0.000723837 0.000187847 1 0.0003721 -0.000723976 -0.000371827 0.999999 -0.0095739 -0.0540299 -0.0661762
FixedParameters: 0 0 0

#Transform 27
Transform: AffineTransform_float_3_3
Parameters: 0.999999 -0.000150723 0.000891252 0.000150206 1 -0.000235657 -0.000890874 0.000235073 0.999999 -0.0175393 0.0358972 -0.0470817
FixedParameters: 0 0 0

#Transform 28
Transform: AffineTransform_float_3_3
Parameters: 1 -8.58153e-05 0.00115719 8.63208e-05 1 -0.000576854 -0.00115688 0.000577552 0.999999 -0.0141786 0.0351472 -0.128079
FixedParameters: 0 0 0

#Transform 29
Transform: AffineTransform_float_3_3
Parameters: 0.999999 -0.000155419 0.000857664 0.000154995 1 0.000261187 -0.000857681 -0.000261798 0.999999 0.00255764 -0.021276 -0.059169
FixedParameters: 0 0 0

#Transform 30
Transform: AffineTransform_float_3_3
Parameters: 0.999999 -0.000664517 0.0010354 0.000665434 1 -0.000429507 -0.00103475 0.000429531 0.999999 -0.00718454 0.0213825 0.012931
FixedParameters: 0 0 0

#Transform 31
Transform: AffineTransform_float_3_3
Parameters: 1 0.00021067 0.00110601 -0.00021021 1 -0.000583097 -0.00110604 0.000583131 0.999999 -0.028183 -0.0282493 -0.0548211
FixedParameters: 0 0 0

#Transform 32
Transform: AffineTransform_float_3_3
Parameters: 0.999999 -0.000204056 0.000876036 0.000204711 1 0.000174785 -0.000876351 -0.000174452 0.999999 -0.00234002 0.0213668 0.0314701
FixedParameters: 0 0 0

#Transform 33
Transform: AffineTransform_float_3_3
Parameters: 0.999999 -0.000500194 0.001235 0.000500418 1 -0.000126549 -0.00123581 0.000127319 1 0.00539341 -0.00538552 -0.0361471
FixedParameters: 0 0 0

#Transform 34
Transform: AffineTransform_float_3_3
Parameters: 1 -0.000132984 0.00116197 0.000133119 1 -1.55438e-06 -0.001162 2.33803e-06 1 0.00398703 0.0518172 -0.0917266
FixedParameters: 0 0 0

#Transform 35
Transform: AffineTransform_float_3_3
Parameters: 0.999999 -0.000107051 0.00126336 0.00010709 1 3.65596e-05 -0.0012634 -3.58146e-05 0.999999 -0.00192444 0.0523329 -0.0661401
FixedParameters: 0 0 0

#Transform 36
Transform: AffineTransform_float_3_3
Parameters: 0.999999 -0.00059106 0.00130237 0.000591738 1 -0.000344391 -0.00130287 0.000344991 0.999999 0.00412355 0.00545362 -0.0277875
FixedParameters: 0 0 0

#Transform 37
Transform: AffineTransform_float_3_3
Parameters: 0.999999 -0.000589379 0.00131391 0.000590511 1 -0.000513995 -0.00131421 0.000514605 0.999999 0.00988116 0.0286278 -0.0724345
FixedParameters: 0 0 0

#Transform 38
Transform: AffineTransform_float_3_3
Parameters: 0.999999 -5.91429e-05 0.00125471 5.8293e-05 1 0.000400228 -0.00125472 -0.000400484 0.999999 -0.0196086 0.0838521 -0.0297403
FixedParameters: 0 0 0

#Transform 39
Transform: AffineTransform_float_3_3
Parameters: 0.999999 -0.000577141 0.00134651 0.000576997 0.999999 2.08021e-05 -0.00134747 -1.97136e-05 0.999999 0.00111751 0.0317232 -0.0221755
FixedParameters: 0 0 0

#Transform 40
Transform: AffineTransform_float_3_3
Parameters: 0.999999 -0.000592039 0.00129516 0.000592569 0.999999 -0.000238401 -0.00129581 0.000239469 0.999999 0.0121871 0.00724147 -0.0600602
FixedParameters: 0 0 0

#Transform 41
Transform: AffineTransform_float_3_3
Parameters: 0.999999 -0.000592877 0.00128939 0.000593185 0.999999 -0.000153599 -0.00129014 0.000154663 0.999999 0.016986 0.00362431 -0.0635118
FixedParameters: 0 0 0

#Transform 42
Transform: AffineTransform_float_3_3
Parameters: 0.999999 -0.000596202 0.00126644 0.000596854 1 0.000183603 -0.00126687 -0.00018252 1 0.0222595 -0.0140117 0.0434273
FixedParameters: 0 0 0

#Transform 43
Transform: AffineTransform_float_3_3
Parameters: 0.999999 -0.00103242 0.00144575 0.00103342 0.999999 -0.000783784 -0.00144571 0.000784913 0.999999 0.0486091 0.0283026 -0.032599
FixedParameters: 0 0 0

#Transform 44
Transform: AffineTransform_float_3_3
Parameters: 0.999998 -0.000878887 0.00136194 0.000878125 1 -0.000152962 -0.00136233 0.00015444 0.999999 0.0460275 0.013484 -0.0405109
FixedParameters: 0 0 0

#Transform 45
Transform: AffineTransform_float_3_3
Parameters: 0.999999 -0.00109482 0.00148005 0.00109478 0.999999 7.71597e-05 -0.00148011 -7.56748e-05 0.999999 0.0545178 -0.0179705 -0.00584467
FixedParameters: 0 0 0

#Transform 46
Transform: AffineTransform_float_3_3
Parameters: 0.999999 -0.00110669 0.00145353 0.00110845 0.999999 -0.000627418 -0.001453 0.000628819 0.999999 0.0709693 -0.00459693 -0.0762625
FixedParameters: 0 0 0

#Transform 47
Transform: AffineTransform_float_3_3
Parameters: 0.999999 -0.000718568 0.00133094 0.000719122 1 -0.000290248 -0.00133143 0.000291221 0.999999 0.0317484 0.0191582 -0.109216
FixedParameters: 0 0 0

#Transform 48
Transform: AffineTransform_float_3_3
Parameters: 0.999999 -0.000512031 0.00125085 0.000511932 1 0.000101974 -0.00125093 -0.000101096 1 0.00743032 0.0107641 -0.0184475
FixedParameters: 0 0 0

#Transform 49
Transform: AffineTransform_float_3_3
Parameters: 0.999999 -0.000574152 0.0013149 0.000574506 1 -0.000582971 -0.00131489 0.000583566 0.999999 0.00656246 0.0408789 -0.0533517
FixedParameters: 0 0 0

#Transform 50
Transform: AffineTransform_float_3_3
Parameters: 1 -0.000376759 0.00096555 0.000377692 0.999999 -0.00109437 -0.000965384 0.00109418 0.999999 -0.00358672 0.0461025 -0.0897851
FixedParameters: 0 0 0

#Transform 51
Transform: AffineTransform_float_3_3
Parameters: 1 1.89644e-05 0.00117813 -1.92359e-05 1 -0.000236881 -0.00117793 0.000237335 0.999999 -0.0263119 0.0138388 -0.0342835
FixedParameters: 0 0 0

#Transform 52
Transform: AffineTransform_float_3_3
Parameters: 0.999999 -0.000328605 0.000783121 0.000329569 1 -0.000615287 -0.000782716 0.000615802 0.999999 -0.017329 0.0924021 -0.017122
FixedParameters: 0 0 0

#Transform 53
Transform: AffineTransform_float_3_3
Parameters: 0.999999 -0.000300684 0.000905601 0.000301189 1 -0.00101772 -0.000905694 0.00101823 0.999999 0.00303631 0.0257735 -0.0861205
FixedParameters: 0 0 0

#Transform 54
Transform: AffineTransform_float_3_3
Parameters: 0.999999 -0.000259449 0.00074628 0.000259981 1 -0.000340536 -0.00074604 0.000340046 1 -0.0256876 0.0316544 -0.0602142
FixedParameters: 0 0 0

#Transform 55
Transform: AffineTransform_float_3_3
Parameters: 1 0.000206116 0.000645105 -0.000205359 1 -0.000586303 -0.000645346 0.000586037 0.999999 -0.045515 0.0513647 -0.0219199
FixedParameters: 0 0 0

#Transform 56
Transform: AffineTransform_float_3_3
Parameters: 1 0.000135935 0.00038919 -0.000135112 0.999999 -0.00122952 -0.000389507 0.00122942 0.999999 -0.0321095 0.0528752 -0.107116
FixedParameters: 0 0 0

#Transform 57
Transform: AffineTransform_float_3_3
Parameters: 1 9.96395e-05 0.000207071 -9.9629e-05 1 -2.5292e-05 -0.000207076 2.52507e-05 1 -0.0276304 0.0260229 -0.0149524
FixedParameters: 0 0 0

#Transform 58
Transform: AffineTransform_float_3_3
Parameters: 1 0.000195052 0.0001487 -0.00019489 1 -0.000545605 -0.000148912 0.000545547 1 -0.0435831 0.0288793 -0.0147297
FixedParameters: 0 0 0

#Transform 59
Transform: AffineTransform_float_3_3
Parameters: 1 0.000519473 0.000139933 -0.000519063 0.999999 -0.000594566 -0.000139583 0.000594484 1 -0.0401078 0.0688573 -0.0849749
FixedParameters: 0 0 0

#Transform 60
Transform: AffineTransform_float_3_3
Parameters: 1 5.24676e-05 0.000359613 -5.21617e-05 1 -0.000425349 -0.000359658 0.000425312 1 -0.0254303 -0.0102266 -0.0206664
FixedParameters: 0 0 0

#Transform 61
Transform: AffineTransform_float_3_3
Parameters: 1 0.000326261 0.000193997 -0.000326003 0.999999 -0.000665738 -0.000194431 0.000665612 1 -0.0476205 0.0526187 -0.070893
FixedParameters: 0 0 0

#Transform 62
Transform: AffineTransform_float_3_3
Parameters: 1 0.000321684 0.000158972 -0.000321638 1 -0.000143931 -0.000159065 0.000143829 1 -0.0548741 0.0384959 -0.0317977
FixedParameters: 0 0 0

#Transform 63
Transform: AffineTransform_float_3_3
Parameters: 1 -0.000164288 0.000626203 0.000164757 1 -0.000374029 -0.00062608 0.000374235 0.999999 -0.0211393 0.0311547 -0.0222735
FixedParameters: 0 0 0

#Transform 64
Transform: AffineTransform_float_3_3
Parameters: 1 0.000289208 0.000232611 -0.000289821 1 -0.00108648 -0.000233042 0.00108725 1 -0.0382066 0.0204458 -0.0718781
FixedParameters: 0 0 0

#Transform 65
Transform: AffineTransform_float_3_3
Parameters: 1 0.00059613 0.000144606 -0.000595743 1 -0.000944636 -0.000144731 0.000944053 0.999999 -0.0625057 0.0547007 -0.116165
FixedParameters: 0 0 0

#Transform 66
Transform: AffineTransform_float_3_3
Parameters: 1 5.58582e-05 0.00026275 -5.55085e-05 1 -0.000665387 -0.000262824 0.000665357 0.999999 -0.0502032 0.0433194 -0.133408
FixedParameters: 0 0 0

#Transform 67
Transform: AffineTransform_float_3_3
Parameters: 0.999999 8.2366e-05 0.000953435 -8.23581e-05 1 -4.22243e-06 -0.000953436 4.06537e-06 0.999999 -0.0332394 0.0484628 -0.0441768
FixedParameters: 0 0 0

#Transform 68
Transform: AffineTransform_float_3_3
Parameters: 1 2.22165e-05 0.0007322 -2.23835e-05 1 -0.000541795 -0.00073198 0.000541787 0.999999 -0.0363147 0.0376518 -0.040549
FixedParameters: 0 0 0

#Transform 69
Transform: AffineTransform_float_3_3
Parameters: 0.999999 4.18605e-05 0.000830424 -4.11712e-05 0.999999 -0.0012206 -0.000831231 0.00122049 0.999999 -0.0253202 0.0668183 -0.086977
FixedParameters: 0 0 0

#Transform 70
Transform: AffineTransform_float_3_3
Parameters: 1 1.54859e-05 0.000697261 -1.60718e-05 1 -0.000268568 -0.000697025 0.000268571 0.999999 -0.0172697 0.0628848 -0.0352047
FixedParameters: 0 0 0

#Transform 71
Transform: AffineTransform_float_3_3
Parameters: 1 0.000110333 0.00107741 -0.00011014 1 -0.00047452 -0.0010773 0.000474781 1 -0.0284667 0.0665428 -0.0891149
FixedParameters: 0 0 0

#Transform 72
Transform: AffineTransform_float_3_3
Parameters: 0.999999 -2.52367e-05 0.00127481 2.39388e-05 1 0.00126075 -0.00127538 -0.00126026 0.999999 -0.0296073 0.0845145 0.0563238
FixedParameters: 0 0 0

#Transform 73
Transform: AffineTransform_float_3_3
Parameters: 0.999999 5.32942e-05 0.000851652 -5.34811e-05 1 -0.000440225 -0.000851392 0.000439282 0.999999 -0.000455751 0.122662 -0.0920794
FixedParameters: 0 0 0

#Transform 74
Transform: AffineTransform_float_3_3
Parameters: 0.999999 7.85828e-05 0.000805587 -7.88056e-05 0.999999 0.000884086 -0.000804741 -0.000883699 1 -0.0180125 0.064179 0.0675997
FixedParameters: 0 0 0

#Transform 75
Transform: AffineTransform_float_3_3
Parameters: 1 -0.000168821 0.00103015 0.000168959 1 -0.000469792 -0.00102978 0.00047064 1 -0.0178296 0.0798193 -0.0822415
FixedParameters: 0 0 0

#Transform 76
Transform: AffineTransform_float_3_3
Parameters: 1 0.000514818 0.000216634 -0.000515143 0.999999 0.000750573 -0.00021586 -0.000750795 0.999999 -0.0221641 0.0362865 0.0686278
FixedParameters: 0 0 0

#Transform 77
Transform: AffineTransform_float_3_3
Parameters: 0.999999 0.000515053 0.000687579 -0.000515026 0.999999 -0.000721073 -0.000688093 0.000720865 1 -0.0349024 0.0972175 -0.0934737
FixedParameters: 0 0 0

#Transform 78
Transform: AffineTransform_float_3_3
Parameters: 0.999999 0.000113618 0.000920714 -0.000113692 1 3.99184e-05 -0.000920704 -4.01277e-05 0.999999 -0.0112629 0.0677107 -0.00138419
FixedParameters: 0 0 0

#Transform 79
Transform: AffineTransform_float_3_3
Parameters: 0.999999 0.000124098 0.000994947 -0.000123078 1 -0.00106255 -0.000994948 0.00106233 0.999999 -0.0272886 0.102287 -0.127965
FixedParameters: 0 0 0

#Transform 80
Transform: AffineTransform_float_3_3
Parameters: 0.999998 -0.000239181 0.00158555 0.000239275 1 1.93754e-05 -0.00158553 -1.90197e-05 0.999999 -0.0032868 0.0906215 0.0262286
FixedParameters: 0 0 0

#Transform 81
Transform: AffineTransform_float_3_3
Parameters: 0.999998 -0.00081883 0.0019166 0.0008201 0.999999 -0.000912246 -0.00191646 0.00091403 0.999998 0.0340532 0.102214 -0.113455
FixedParameters: 0 0 0

#Transform 82
Transform: AffineTransform_float_3_3
Parameters: 0.999998 -0.000585755 0.00163923 0.000585303 1 -0.000139941 -0.00163869 0.00014013 0.999999 0.0237283 0.0563007 -0.0421822
FixedParameters: 0 0 0

#Transform 83
Transform: AffineTransform_float_3_3
Parameters: 0.999999 -0.000874904 0.0016937 0.000875508 0.999999 -0.000834869 -0.00169357 0.000836001 0.999998 0.0340509 0.115195 -0.0943141
FixedParameters: 0 0 0

#Transform 84
Transform: AffineTransform_float_3_3
Parameters: 0.999998 -0.000582155 0.00154654 0.000583096 1 -0.000685549 -0.0015464 0.000686436 0.999998 0.0252903 0.11109 -0.125977
FixedParameters: 0 0 0

#Transform 85
Transform: AffineTransform_float_3_3
Parameters: 0.999998 -0.000660833 0.00182675 0.000660326 1 0.000182977 -0.00182695 -0.000181442 0.999998 0.0162303 0.0711583 -0.0808166
FixedParameters: 0 0 0

#Transform 86
Transform: AffineTransform_float_3_3
Parameters: 0.999999 -0.000779777 0.0012821 0.000781024 1 -0.000476458 -0.0012813 0.000477581 0.999999 0.0407679 0.0563391 -0.053547
FixedParameters: 0 0 0

#Transform 87
Transform: AffineTransform_float_3_3
Parameters: 0.999998 -0.000456159 0.00195654 0.000457317 1 -0.00080893 -0.00195625 0.0008103 0.999998 0.0197894 0.0453175 -0.120388
FixedParameters: 0 0 0

#Transform 88
Transform: AffineTransform_float_3_3
Parameters: 0.999999 -0.000912525 0.00121395 0.000913016 1 -0.000191398 -0.00121354 0.000192737 1 0.0365554 0.0306395 -0.0100777
FixedParameters: 0 0 0

#Transform 89
Transform: AffineTransform_float_3_3
Parameters: 0.999998 -0.000901492 0.00133669 0.000902004 0.999999 -0.00053269 -0.00133536 0.00053337 0.999999 0.0633421 0.074791 -0.107528
FixedParameters: 0 0 0

#Transform 90
Transform: AffineTransform_float_3_3
Parameters: 0.999999 -0.00120285 0.00140637 0.00120306 0.999999 -0.000434868 -0.00140594 0.000436456 0.999999 0.0775481 0.0477632 -0.0509422
FixedParameters: 0 0 0

#Transform 91
Transform: AffineTransform_float_3_3
Parameters: 0.999998 -0.00138551 0.00151172 0.00138793 0.999998 -0.00126016 -0.00150978 0.00126202 0.999998 0.0817893 0.0825268 -0.113357
FixedParameters: 0 0 0

#Transform 92
Transform: AffineTransform_float_3_3
Parameters: 0.999999 -0.00109896 0.000989802 0.00109957 0.999999 -0.000416872 -0.000989773 0.000417632 0.999999 0.11091 0.0300437 -0.0144146
FixedParameters: 0 0 0

#Transform 93
Transform: AffineTransform_float_3_3
Parameters: 0.999998 -0.00137509 0.00155738 0.00137677 0.999998 -0.00141532 -0.00155574 0.00141724 0.999998 0.102742 0.107505 -0.130977
FixedParameters: 0 0 0

#Transform 94
Transform: AffineTransform_float_3_3
Parameters: 0.999998 -0.00134939 0.00162865 0.00134947 0.999999 -0.000375758 -0.00162821 0.000377884 0.999999 0.0881074 0.0615562 -0.0686835
FixedParameters: 0 0 0

#Transform 95
Transform: AffineTransform_float_3_3
Parameters: 0.999998 -0.00123528 0.00153301 0.00123633 0.999999 -0.000369332 -0.00153302 0.00037218 0.999999 0.0862368 0.0652764 -0.0952464
FixedParameters: 0 0 0

#Transform 96
Transform: AffineTransform_float_3_3
Parameters: 0.999997 -0.0013771 0.00175645 0.0013792 0.999998 -0.000994662 -0.00175525 0.00099717 0.999997 0.0924562 0.0681813 -0.145815
FixedParameters: 0 0 0

#Transform 97
Transform: AffineTransform_float_3_3
Parameters: 0.999997 -0.00132501 0.00173356 0.00132624 0.999999 -0.000686136 -0.00173231 0.000688462 0.999998 0.0927722 0.0798422 -0.07499
FixedParameters: 0 0 0

#Transform 98
Transform: AffineTransform_float_3_3
Parameters: 0.999998 -0.00134799 0.00165574 0.00135012 0.999998 -0.00113671 -0.00165519 0.00113879 0.999998 0.100342 0.048 -0.0784537
FixedParameters: 0 0 0

#Transform 99
Transform: AffineTransform_float_3_3
Parameters: 0.999998 -0.00139673 0.00146092 0.00139835 0.999998 -0.00103018 -0.00145959 0.00103193 0.999998 0.100222 0.117253 -0.0968663
FixedParameters: 0 0 0

#Transform 100
Transform: AffineTransform_float_3_3
Parameters: 0.999998 -0.00116905 0.00156392 0.00116989 0.999999 -0.000284486 -0.00156411 0.000286326 0.999999 0.0891258 0.0621399 -0.0401506
FixedParameters: 0 0 0

#Transform 101
Transform: AffineTransform_float_3_3
Parameters: 0.999999 -0.00147039 0.00116633 0.001471 0.999999 -0.000871642 -0.00116537 0.000873617 0.999999 0.10467 0.0400303 -0.0585779
FixedParameters: 0 0 0

#Transform 102
Transform: AffineTransform_float_3_3
Parameters: 0.999998 -0.00142913 0.00132745 0.00143015 0.999999 -0.000827158 -0.00132572 0.00082956 0.999999 0.0958241 0.0985703 -0.101167
FixedParameters: 0 0 0

#Transform 103
Transform: AffineTransform_float_3_3
Parameters: 0.999999 -0.00094423 0.00154989 0.000945679 0.999999 -0.000804157 -0.00154904 0.000806168 0.999998 0.0890474 0.0766282 -0.0456364
FixedParameters: 0 0 0

#Transform 104
Transform: AffineTransform_float_3_3
Parameters: 0.999998 -0.00135702 0.00162324 0.0013587 0.999998 -0.00124302 -0.00162118 0.0012456 0.999998 0.104209 0.0108528 -0.0659103
FixedParameters: 0 0 0

#Transform 105
Transform: AffineTransform_float_3_3
Parameters: 0.999998 -0.00105281 0.00164945 0.00105385 0.999999 -0.000331939 -0.00164961 0.000333595 0.999999 0.0771888 0.0974153 0.0736132
FixedParameters: 0 0 0

#Transform 106
Transform: AffineTransform_float_3_3
Parameters: 0.999997 -0.00152129 0.0015119 0.00152312 0.999998 -0.00106766 -0.00151019 0.00106992 0.999998 0.126153 0.119545 -0.0335432
FixedParameters: 0 0 0

#Transform 107
Transform: AffineTransform_float_3_3
Parameters: 0.999998 -0.00116056 0.00126028 0.00116093 0.999999 -0.000713288 -0.00126025 0.000715235 0.999999 0.106317 0.0740692 -0.0307294
FixedParameters: 0 0 0

#Transform 108
Transform: AffineTransform_float_3_3
Parameters: 0.999999 -0.000497244 0.00119487 0.000497744 1 -0.000712914 -0.00119488 0.000714064 0.999999 0.0707799 0.12431 0.0571481
FixedParameters: 0 0 0

#Transform 109
Transform: AffineTransform_float_3_3
Parameters: 0.999999 -0.000962043 0.00116549 0.000964408 0.999998 -0.00169369 -0.00116389 0.00169583 0.999998 0.145999 0.041244 -0.0144959
FixedParameters: 0 0 0

#Transform 110
Transform: AffineTransform_float_3_3
Parameters: 0.999998 -0.00117651 0.00109324 0.00117825 0.999999 -0.000896287 -0.00109204 0.000897919 0.999999 0.133564 0.0875025 0.0167271
FixedParameters: 0 0 0

#Transform 111
Transform: AffineTransform_float_3_3
Parameters: 0.999999 -0.00142498 0.0011501 0.00142695 0.999998 -0.00153124 -0.00114731 0.00153259 0.999998 0.126617 0.104089 -0.00919853
FixedParameters: 0 0 0

#Transform 112
Transform: AffineTransform_float_3_3
Parameters: 0.999999 -0.00141495 0.00118186 0.00141657 0.999998 -0.00128716 -0.00117982 0.00128905 0.999998 0.137657 0.0914393 -0.0571416
FixedParameters: 0 0 0

#Transform 113
Transform: AffineTransform_float_3_3
Parameters: 0.999999 -0.00141543 0.00117842 0.00141695 0.999998 -0.00123722 -0.00117646 0.00123822 0.999999 0.136323 0.119029 0.00122389
FixedParameters: 0 0 0

#Transform 114
Transform: AffineTransform_float_3_3
Parameters: 0.999999 -0.00141485 0.00118255 0.00141649 0.999998 -0.00129714 -0.00118048 0.00129903 0.999998 0.147982 0.0286252 -0.031639
FixedParameters: 0 0 0

#Transform 115
Transform: AffineTransform_float_3_3
Parameters: 0.999999 -0.00104723 0.0010418 0.00104834 0.999999 -0.000635446 -0.00104136 0.000636213 0.999999 0.129723 0.103567 0.0682115
FixedParameters: 0 0 0

#Transform 116
Transform: AffineTransform_float_3_3
Parameters: 0.999999 -0.00141601 0.00117444 0.00141736 0.999998 -0.00117942 -0.00117271 0.00118129 0.999999 0.141493 0.046655 0.0210973
FixedParameters: 0 0 0

#Transform 117
Transform: AffineTransform_float_3_3
Parameters: 0.999998 -0.00146621 0.00120309 0.00146803 0.999998 -0.0014016 -0.00120056 0.0014032 0.999998 0.157462 0.0823702 -0.0344068
FixedParameters: 0 0 0

#Transform 118
Transform: AffineTransform_float_3_3
Parameters: 0.999999 -0.0014199 0.0011471 0.00142052 0.999999 -0.000782375 -0.00114552 0.000784239 0.999999 0.153892 0.107812 -0.0324781
FixedParameters: 0 0 0

#Transform 119
Transform: AffineTransform_float_3_3
Parameters: 0.999999 -0.0010035 0.00104577 0.00100506 0.999999 -0.000848114 -0.00104497 0.000849273 0.999999 0.122272 0.0757972 0.0752849
FixedParameters: 0 0 0

#Transform 120
Transform: AffineTransform_float_3_3
Parameters: 0.999999 -0.00109891 0.00113836 0.00110134 0.999998 -0.00181003 -0.00113596 0.00181108 0.999998 0.131366 0.0821548 -0.0644724
FixedParameters: 0 0 0

#Transform 121
Transform: AffineTransform_float_3_3
Parameters: 0.999999 -0.00141842 0.0011574 0.00141919 0.999998 -0.000931954 -0.0011563 0.000932905 0.999999 0.157313 0.0922947 -0.0178684
FixedParameters: 0 0 0

#Transform 122
Transform: AffineTransform_float_3_3
Parameters: 0.999998 -0.00169119 0.00121722 0.00169291 0.999997 -0.00199573 -0.00121372 0.00199781 0.999997 0.181508 0.086753 -0.0615589
FixedParameters: 0 0 0

#Transform 123
Transform: AffineTransform_float_3_3
Parameters: 0.999999 -0.00139569 0.00116899 0.00139702 0.999998 -0.00117563 -0.00116732 0.00117744 0.999999 0.164517 0.0945425 -0.0433384
FixedParameters: 0 0 0

#Transform 124
Transform: AffineTransform_float_3_3
Parameters: 0.999998 -0.00159278 0.00106954 0.00159474 0.999997 -0.00175836 -0.0010665 0.00176025 0.999998 0.180127 0.10193 -0.00421983
FixedParameters: 0 0 0

#Transform 125
Transform: AffineTransform_float_3_3
Parameters: 0.999998 -0.00150387 0.00144115 0.00150717 0.999997 -0.00184728 -0.00143905 0.00184916 0.999997 0.174774 0.0752721 -0.0595938
FixedParameters: 0 0 0

#Transform 126
Transform: AffineTransform_float_3_3
Parameters: 0.999999 -0.00159903 0.000815366 0.00159971 0.999997 -0.00129179 -0.000812843 0.00129294 0.999999 0.185451 0.0592344 -0.0422477
FixedParameters: 0 0 0

#Transform 127
Transform: AffineTransform_float_3_3
Parameters: 0.999998 -0.00146472 0.00093925 0.00146614 0.999998 -0.0010727 -0.000937942 0.00107398 0.999999 0.168159 0.10657 0.00413203
FixedParameters: 0 0 0

#Transform 128
Transform: AffineTransform_float_3_3
Parameters: 0.999998 -0.00155073 0.00113344 0.00155262 0.999998 -0.00163034 -0.00113094 0.00163233 0.999998 0.179247 0.0749237 -0.0864498
FixedParameters: 0 0 0

#Transform 129
Transform: AffineTransform_float_3_3
Parameters: 0.999998 -0.00178544 0.00149343 0.00178842 0.999997 -0.00167352 -0.00149089 0.00167592 0.999998 0.180791 0.0707855 -0.111581
FixedParameters: 0 0 0

#Transform 130
Transform: AffineTransform_float_3_3
Parameters: 0.999998 -0.00109857 0.00120082 0.00109945 0.999999 -0.00101586 -0.00120018 0.00101704 0.999999 0.1594 0.0901161 -0.0439714
FixedParameters: 0 0 0

#Transform 131
Transform: AffineTransform_float_3_3
Parameters: 0.999998 -0.00165875 0.00124186 0.00166117 0.999997 -0.00168976 -0.00123874 0.00169148 0.999998 0.17859 0.107895 -0.0653664
FixedParameters: 0 0 0

#Transform 132
Transform: AffineTransform_float_3_3
Parameters: 0.999998 -0.00176962 0.00156779 0.00177305 0.999997 -0.00208828 -0.00156358 0.00209092 0.999997 0.179614 0.0777822 -0.0986831
FixedParameters: 0 0 0

#Transform 133
Transform: AffineTransform_float_3_3
Parameters: 0.999998 -0.00143748 0.000977022 0.00143947 0.999998 -0.0013225 -0.000975054 0.00132383 0.999999 0.176687 0.0950726 -0.0605981
FixedParameters: 0 0 0

#Transform 134
Transform: AffineTransform_float_3_3
Parameters: 0.999999 -0.000979562 0.000857119 0.000980175 0.999999 -0.00127912 -0.000856268 0.00128023 0.999999 0.158111 0.0915765 -0.00604515
FixedParameters: 0 0 0

#Transform 135
Transform: AffineTransform_float_3_3
Parameters: 0.999997 -0.00171979 0.00135483 0.00172235 0.999996 -0.00209539 -0.00135081 0.00209762 0.999997 0.178428 0.10798 -0.128044
FixedParameters: 0 0 0

#Transform 136
Transform: AffineTransform_float_3_3
Parameters: 0.999998 -0.00148648 0.000978309 0.00148718 0.999998 -0.00116546 -0.000976497 0.00116779 0.999999 0.162244 0.11291 -0.0684054
FixedParameters: 0 0 0

#Transform 137
Transform: AffineTransform_float_3_3
Parameters: 0.999998 -0.00146796 0.00127082 0.00146994 0.999997 -0.00132948 -0.00126846 0.00133088 0.999998 0.155036 0.0664497 -0.0183507
FixedParameters: 0 0 0

#Transform 138
Transform: AffineTransform_float_3_3
Parameters: 0.999998 -0.00136755 0.00145906 0.00136951 0.999998 -0.00161556 -0.00145695 0.00161806 0.999998 0.159978 0.0755119 -0.0655233
FixedParameters: 0 0 0

#Transform 139
Transform: AffineTransform_float_3_3
Parameters: 0.999998 -0.00139322 0.00134931 0.00139538 0.999998 -0.00131952 -0.00134718 0.00132094 0.999998 0.172263 0.0793017 -0.05873
FixedParameters: 0 0 0

#Transform 140
Transform: AffineTransform_float_3_3
Parameters: 0.999997 -0.00185821 0.00155898 0.00186085 0.999998 -0.00149207 -0.00155687 0.00149493 0.999998 0.194838 0.0900288 -0.0512366
FixedParameters: 0 0 0

#Transform 141
Transform: AffineTransform_float_3_3
Parameters: 0.999997 -0.00179953 0.00160169 0.00180348 0.999996 -0.00228061 -0.00159763 0.00228341 0.999996 0.192069 0.0869591 -0.133186
FixedParameters: 0 0 0

#Transform 142
Transform: AffineTransform_float_3_3
Parameters: 0.999997 -0.00165111 0.00162304 0.00165445 0.999997 -0.00165133 -0.00162105 0.00165423 0.999997 0.188603 0.104332 -0.10224
FixedParameters: 0 0 0

#Transform 143
Transform: AffineTransform_float_3_3
Parameters: 0.999996 -0.00198134 0.00170597 0.00198422 0.999996 -0.00171731 -0.00170236 0.00172116 0.999997 0.189645 0.11137 -0.137512
FixedParameters: 0 0 0

#Transform 144
Transform: AffineTransform_float_3_3
Parameters: 0.999995 -0.00220152 0.00198192 0.00220271 0.999998 -0.000635126 -0.0019805 0.000638814 0.999998 0.191553 0.0796528 -0.0421391
FixedParameters: 0 0 0

#Transform 145
Transform: AffineTransform_float_3_3
Parameters: 0.999996 -0.002165 0.0018603 0.00216742 0.999997 -0.00144237 -0.00185717 0.00144616 0.999997 0.191258 0.00729027 0.0271762
FixedParameters: 0 0 0

#Transform 146
Transform: AffineTransform_float_3_3
Parameters: 0.999997 -0.00131428 0.00171987 0.00131636 0.999999 -0.00101078 -0.00171876 0.00101297 0.999998 0.162088 0.0477741 0.0189335
FixedParameters: 0 0 0

#Transform 147
Transform: AffineTransform_float_3_3
Parameters: 0.999997 -0.00188779 0.0016721 0.0018898 0.999998 -0.0010183 -0.00166978 0.0010218 0.999998 0.180693 0.0845629 0.0291034
FixedParameters: 0 0 0

#Transform 148
Transform: AffineTransform_float_3_3
Parameters: 0.999996 -0.00224724 0.00160837 0.00225013 0.999997 -0.00151664 -0.00160491 0.00151958 0.999998 0.212212 0.0650378 -0.0687741
FixedParameters: 0 0 0

#Transform 149
Transform: AffineTransform_float_3_3
Parameters: 0.999997 -0.00186596 0.00175876 0.00186599 0.999999 -0.000330479 -0.00175808 0.000334297 0.999998 0.184992 0.0947673 0.0108098
FixedParameters: 0 0 0
