#Insight Transform File V1.0
#Transform 0
Transform: AffineTransform_float_3_3
Parameters: 0.999997 0.00147178 -0.00203599 -0.00147665 0.999996 -0.00246491 0.00203252 0.00246774 0.999995 -0.115885 0.0395219 -0.193834
FixedParameters: 0 0 0

#Transform 1
Transform: AffineTransform_float_3_3
Parameters: 0.999998 0.00141499 -0.00150923 -0.00141623 0.999998 -0.00120334 0.00150728 0.00120538 0.999998 -0.100649 -0.003309 -0.0746249
FixedParameters: 0 0 0

#Transform 2
Transform: AffineTransform_float_3_3
Parameters: 0.999999 0.000973006 -0.00122365 -0.00097542 0.999997 -0.00211821 0.00122186 0.00211966 0.999997 -0.0802742 0.0329036 -0.126636
FixedParameters: 0 0 0

#Transform 3
Transform: AffineTransform_float_3_3
Parameters: 0.999998 0.00125537 -0.00123159 -0.00125777 0.999998 -0.00158487 0.00122924 0.00158702 0.999998 -0.0938033 -0.00823304 -0.0876052
FixedParameters: 0 0 0

#Transform 4
Transform: AffineTransform_float_3_3
Parameters: 0.999998 0.00145611 -0.00127983 -0.00145768 0.999998 -0.0016675 0.0012774 0.00166987 0.999998 -0.0988052 -0.00743923 -0.0886869
FixedParameters: 0 0 0

#Transform 5
Transform: AffineTransform_float_3_3
Parameters: 0.999999 0.000735247 -0.00127412 -0.000738251 0.999997 -0.00218254 0.00127226 0.00218352 0.999997 -0.0774339 0.0166349 -0.161202
FixedParameters: 0 0 0

#Transform 6
Transform: AffineTransform_float_3_3
Parameters: 0.999999 0.000787087 -0.00131048 -0.000789846 0.999998 -0.00210924 0.00130949 0.00211037 0.999997 -0.0644393 -0.0108547 -0.135998
FixedParameters: 0 0 0

#Transform 7
Transform: AffineTransform_float_3_3
Parameters: 0.999998 0.000909914 -0.00144292 -0.000912693 0.999997 -0.00218681 0.00144008 0.00218857 0.999996 -0.0717808 0.0118964 -0.156004
FixedParameters: 0 0 0

#Transform 8
Transform: AffineTransform_float_3_3
Parameters: 0.999999 0.000978233 -0.00117699 -0.000979777 0.999998 -0.00170485 0.00117507 0.00170624 0.999998 -0.0608734 0.0454366 -0.112136
FixedParameters: 0 0 0

#Transform 9
Transform: AffineTransform_float_3_3
Parameters: 0.999999 0.000703641 -0.00120704 -0.00070497 0.999999 -0.00148466 0.00120539 0.00148549 0.999999 -0.0467078 0.129745 -0.210939
FixedParameters: 0 0 0

#Transform 10
Transform: AffineTransform_float_3_3
Parameters: 0.999999 0.00077418 -0.00100954 -0.00077549 0.999998 -0.00187189 0.00100806 0.00187255 0.999998 -0.0540188 0.0621538 -0.164017
FixedParameters: 0 0 0

#Transform 11
Transform: AffineTransform_float_3_3
Parameters: 0.999999 0.00101359 -0.00104798 -0.00101515 0.999999 -0.00135631 0.00104592 0.00135711 0.999998 -0.0770075 -0.0481515 -0.103918
FixedParameters: 0 0 0

#Transform 12
Transform: AffineTransform_float_3_3
Parameters: 1 0.000581163 -0.000957576 -0.000581753 0.999998 -0.00144024 0.000956403 0.00144049 0.999998 -0.0501412 0.0676762 -0.111253
FixedParameters: 0 0 0

#Transform 13
Transform: AffineTransform_float_3_3
Parameters: 0.999999 0.000420055 -0.001308 -0.000420041 1 -0.000332632 0.00130747 0.000333274 0.999999 -0.0536521 0.0283882 -0.033147
FixedParameters: 0 0 0

#Transform 14
Transform: AffineTransform_float_3_3
Parameters: 1 0.000243656 -0.0010181 -0.000244103 1 -0.000650011 0.0010176 0.000650959 0.999999 -0.0432187 0.033067 -0.0665358
FixedParameters: 0 0 0

#Transform 15
Transform: AffineTransform_float_3_3
Parameters: 0.999999 0.000380617 -0.000612548 -0.000380629 1 -0.000184197 0.000613382 0.000184627 1 -0.0522444 -0.0361818 -0.0209229
FixedParameters: 0 0 0

#Transform 16
Transform: AffineTransform_float_3_3
Parameters: 0.999999 0.000342595 -0.000625975 -0.000343152 0.999999 -0.000615143 0.000626528 0.000615536 0.999999 -0.0306909 0.00427301 -0.0484735
FixedParameters: 0 0 0

#Transform 17
Transform: AffineTransform_float_3_3
Parameters: 1 0.000473012 0.000266567 -0.000473192 1 0.00033719 -0.000266248 -0.000337442 1 -0.0374471 -0.0815783 -0.0190249
FixedParameters: 0 0 0

#Transform 18
Transform: AffineTransform_float_3_3
Parameters: 1 0.000335333 -0.000264582 -0.000335754 0.999999 -0.000796065 0.000264048 0.000796243 0.999999 -0.020744 0.0123719 -0.0625769
FixedParameters: 0 0 0

#Transform 19
Transform: AffineTransform_float_3_3
Parameters: 1 0.000378265 -8.51555e-05 -0.000378368 0.999999 -0.00060791 8.46955e-05 0.000607974 1 -0.0279514 0.00120665 -0.0396766
FixedParameters: 0 0 0

#Transform 20
Transform: AffineTransform_float_3_3
Parameters: 1 0.000424237 0.000125629 -0.000423868 0.999999 -0.000618505 -0.000125178 0.000618362 1 -0.0257352 0.00310784 -0.0304695
FixedParameters: 0 0 0

#Transform 21
Transform: AffineTransform_float_3_3
Parameters: 1 -5.97432e-05 -6.18126e-05 5.96694e-05 1 -0.000596411 6.18838e-05 0.000596404 1 -0.00934707 0.0522619 -0.0652727
FixedParameters: 0 0 0

#Transform 22
Transform: AffineTransform_float_3_3
Parameters: 1 -0.000118989 -0.000293007 0.000118782 1 -0.000354341 0.000293091 0.000354272 1 -0.00863691 0.0342948 -0.0276229
FixedParameters: 0 0 0

#Transform 23
Transform: AffineTransform_float_3_3
Parameters: 1 -9.73167e-05 -0.000168596 9.71002e-05 1 -0.000641756 0.000168721 0.000641724 1 -0.0114542 -0.000842643 -0.028037
FixedParameters: 0 0 0

#Transform 24
Transform: AffineTransform_float_3_3
Parameters: 1 -0.000477396 -0.000312585 0.000476866 1 -0.000505558 0.000312092 0.000505296 1 0.0023369 0.0528186 -0.0635419
FixedParameters: 0 0 0

#Transform 25
Transform: AffineTransform_float_3_3
Parameters: 0.999999 -9.94537e-05 -0.000774944 0.000100425 1 0.000626413 0.000774819 -0.000626568 0.999999 -0.0261706 -0.0104183 0.0632906
FixedParameters: 0 0 0

#Transform 26
Transform: AffineTransform_float_3_3
Parameters: 1 -0.000739619 -0.000823194 0.000740162 1 0.000925607 0.000822086 -0.000925953 0.999999 0.00760648 0.01035 0.0480656
FixedParameters: 0 0 0

#Transform 27
Transform: AffineTransform_float_3_3
Parameters: 1 -0.000739953 -0.000681041 0.000738774 0.999999 -0.000639315 0.000681032 0.000638759 1 0.0305771 0.032206 -0.048463
FixedParameters: 0 0 0

#Transform 28
Transform: AffineTransform_float_3_3
Parameters: 1 -0.000272592 -0.000779526 0.000275186 0.999993 0.00383788 0.000777938 -0.00383712 0.999992 -0.0160083 -0.0517075 0.208197
FixedParameters: 0 0 0

#Transform 29
Transform: AffineTransform_float_3_3
Parameters: 1 -0.000393333 -0.000822067 0.000395601 0.999997 0.00245907 0.000820434 -0.00245979 0.999996 -0.00807783 0.036052 0.13444
FixedParameters: 0 0 0

#Transform 30
Transform: AffineTransform_float_3_3
Parameters: 0.999999 -0.000516344 -0.000620575 0.000516492 0.999999 0.00144341 0.000620423 -0.00144416 0.999999 0.0230799 0.0822236 0.0606419
FixedParameters: 0 0 0

#Transform 31
Transform: AffineTransform_float_3_3
Parameters: 1 -0.000588337 -0.000225482 0.000588659 0.999998 0.0020162 0.00022418 -0.00201654 0.999998 0.00771051 -0.0371151 0.110903
FixedParameters: 0 0 0

#Transform 32
Transform: AffineTransform_float_3_3
Parameters: 1 -0.000531903 5.47523e-05 0.00053112 0.999999 0.00179824 -5.55926e-05 -0.00179825 0.999999 0.0189535 0.0464293 0.087522
FixedParameters: 0 0 0

#Transform 33
Transform: AffineTransform_float_3_3
Parameters: 0.999999 -0.000619211 -0.000309256 0.000619168 0.999999 0.0013658 0.000307718 -0.00136622 0.999999 0.0207378 -0.000951911 0.065292
FixedParameters: 0 0 0

#Transform 34
Transform: AffineTransform_float_3_3
Parameters: 1 -0.000585666 -0.000164563 0.00058548 0.999999 0.00147678 0.000163961 -0.00147705 0.999999 0.0208626 0.0310752 0.064142
FixedParameters: 0 0 0

#Transform 35
Transform: AffineTransform_float_3_3
Parameters: 0.999999 -0.000657435 -0.000366001 0.000657469 1 4.65775e-05 0.000365939 -4.70587e-05 1 0.0282471 0.111649 -0.026703
FixedParameters: 0 0 0

#Transform 36
Transform: AffineTransform_float_3_3
Parameters: 0.999999 -0.000626963 -0.000320779 0.000626773 1 0.00109811 0.000319607 -0.00109764 0.999999 0.0210606 -0.00244218 0.0521946
FixedParameters: 0 0 0

#Transform 37
Transform: AffineTransform_float_3_3
Parameters: 0.999999 -0.000646264 -0.000349421 0.000646565 0.999999 0.000432067 0.000348862 -0.000432519 1 0.0437078 0.0310213 0.0170808
FixedParameters: 0 0 0

#Transform 38
Transform: AffineTransform_float_3_3
Parameters: 0.999999 -0.000670319 -0.000391008 0.000670052 1 -0.000330537 0.000391502 0.000330921 1 0.0354649 0.0455692 -0.0421321
FixedParameters: 0 0 0

#Transform 39
Transform: AffineTransform_float_3_3
Parameters: 1 -0.000479639 -0.000162009 0.000479794 1 0.000478343 0.00016155 -0.000478498 1 0.0239137 0.0798662 0.00550775
FixedParameters: 0 0 0

#Transform 40
Transform: AffineTransform_float_3_3
Parameters: 1 -0.00052731 -0.000397583 0.000526635 0.999999 -0.000848942 0.000398477 0.000848523 0.999999 0.0441904 0.0828975 -0.0629269
FixedParameters: 0 0 0

#Transform 41
Transform: AffineTransform_float_3_3
Parameters: 0.999999 -0.000650405 -0.000341681 0.000650497 1 0.000134452 0.000341506 -0.000134897 1 0.0246588 0.0200268 0.0151839
FixedParameters: 0 0 0

#Transform 42
Transform: AffineTransform_float_3_3
Parameters: 1 -0.00085978 -0.000607789 0.000860553 0.999999 0.00071447 0.000606669 -0.000714609 0.999999 0.0524645 0.134641 0.0112382
FixedParameters: 0 0 0

#Transform 43
Transform: AffineTransform_float_3_3
Parameters: 1 -0.000828446 -0.000627681 0.00082795 0.999999 0.000448107 0.000627206 -0.000449186 0.999999 0.036089 0.0473085 0.0135419
FixedParameters: 0 0 0

#Transform 44
Transform: AffineTransform_float_3_3
Parameters: 0.999999 -0.000542245 -0.00125026 0.000544292 0.999998 0.00160364 0.00124896 -0.00160375 0.999998 -0.00451107 -0.0438089 0.0913441
FixedParameters: 0 0 0

#Transform 45
Transform: AffineTransform_float_3_3
Parameters: 0.999999 -0.000835774 -0.00125348 0.000836306 0.999999 0.000253003 0.00125313 -0.000253776 0.999999 0.0139638 0.0837792 -0.019306
FixedParameters: 0 0 0

#Transform 46
Transform: AffineTransform_float_3_3
Parameters: 0.999999 0.000237336 -0.00118304 -0.000235762 1 0.00107259 0.0011837 -0.00107298 0.999999 -0.0350374 0.267719 -0.0345715
FixedParameters: 0 0 0

#Transform 47
Transform: AffineTransform_float_3_3
Parameters: 0.999998 0.0011624 -0.00114115 -0.00116114 0.999999 0.00111825 0.00114194 -0.00111688 0.999999 -0.0531215 0.145079 -0.0954151
FixedParameters: 0 0 0

#Transform 48
Transform: AffineTransform_float_3_3
Parameters: 0.999999 0.00114592 0.000728431 -0.00114632 0.999999 0.000787714 -0.000727758 -0.000788401 1 -0.0412477 -0.0608521 -0.0387417
FixedParameters: 0 0 0

#Transform 49
Transform: AffineTransform_float_3_3
Parameters: 1 0.000433781 0.000375327 -0.000434475 0.999999 0.00063994 -0.000375747 -0.000640229 0.999999 -0.00673526 -0.0011739 0.00869451
FixedParameters: 0 0 0

#Transform 50
Transform: AffineTransform_float_3_3
Parameters: 1 0.000126632 0.00040864 -0.00012661 1 -2.65235e-05 -0.000408647 2.642e-05 1 0.0352264 0.0760011 -0.0426824
FixedParameters: 0 0 0

#Transform 51
Transform: AffineTransform_float_3_3
Parameters: 0.999999 0.000111972 0.000966597 -0.00011201 1 0.00051848 -0.000966728 -0.000518242 1 0.0348468 0.0589347 -0.0971594
FixedParameters: 0 0 0

#Transform 52
Transform: AffineTransform_float_3_3
Parameters: 1 -0.000383432 0.000571352 0.000383907 0.999999 -0.000409223 -0.00057109 0.000408753 1 0.0733735 0.0626672 -0.111649
FixedParameters: 0 0 0

#Transform 53
Transform: AffineTransform_float_3_3
Parameters: 1 -0.00015635 0.0011188 0.000156173 1 3.71257e-05 -0.00111879 -3.63617e-05 1 0.059082 0.0312471 -0.0931842
FixedParameters: 0 0 0

#Transform 54
Transform: AffineTransform_float_3_3
Parameters: 1 -0.000220383 0.000976137 0.000221016 0.999999 -0.000871012 -0.000975522 0.00087182 0.999999 0.0630322 0.0620604 -0.13573
FixedParameters: 0 0 0

#Transform 55
Transform: AffineTransform_float_3_3
Parameters: 1 -0.000185987 0.000171628 0.00018569 1 0.00111537 -0.0001721 -0.00111531 1 0.0369781 -0.0179115 -0.0619386
FixedParameters: 0 0 0

#Transform 56
Transform: AffineTransform_float_3_3
Parameters: 1 -0.000279111 0.000150529 0.000279025 1 0.000282841 -0.000150687 -0.000282757 1 0.0450867 0.128606 -0.119372
FixedParameters: 0 0 0

#Transform 57
Transform: AffineTransform_float_3_3
Parameters: 1 -0.000401674 0.000130669 0.000401845 0.999999 -0.000657038 -0.000130141 0.000657142 1 0.0455724 0.0784953 -0.131482
FixedParameters: 0 0 0

#Transform 58
Transform: AffineTransform_float_3_3
Parameters: 0.999999 -5.80112e-05 0.000853318 5.81899e-05 1 0.000465155 -0.000853583 -0.000465019 0.999999 0.0148064 -0.0179665 -0.0189689
FixedParameters: 0 0 0

#Transform 59
Transform: AffineTransform_float_3_3
Parameters: 1 -0.000296626 0.000595734 0.000297207 1 -0.00048696 -0.000595444 0.000487314 0.999999 0.0541124 0.105871 -0.122182
FixedParameters: 0 0 0

#Transform 60
Transform: AffineTransform_float_3_3
Parameters: 0.999999 -0.000273269 0.000676494 0.000273307 1 -0.000180694 -0.000677422 0.000180192 1 0.0537485 0.0869014 -0.123015
FixedParameters: 0 0 0

#Transform 61
Transform: AffineTransform_float_3_3
Parameters: 1 -0.000299824 0.000531183 0.000299718 1 9.9708e-05 -0.000531243 -9.93895e-05 1 0.0627775 0.0888706 -0.116497
FixedParameters: 0 0 0

#Transform 62
Transform: AffineTransform_float_3_3
Parameters: 1 -0.000224734 0.000589204 0.000224951 1 -0.00017832 -0.000589175 0.000177677 1 0.0475701 0.0845477 -0.121267
FixedParameters: 0 0 0

#Transform 63
Transform: AffineTransform_float_3_3
Parameters: 1 -0.000327939 0.00116576 0.000327282 1 0.000794059 -0.00116556 -0.000794203 0.999999 0.0550183 -0.0219068 -0.0429524
FixedParameters: 0 0 0

#Transform 64
Transform: AffineTransform_float_3_3
Parameters: 0.999999 -0.000379398 0.000681347 0.000379934 1 -0.000550331 -0.000681904 0.000550885 0.999999 0.0621502 0.049122 -0.125056
FixedParameters: 0 0 0

#Transform 65
Transform: AffineTransform_float_3_3
Parameters: 1 0.000159606 0.00112052 -0.000159816 1 5.16825e-05 -0.00112049 -5.16261e-05 1 0.0205227 0.0500145 -0.0804604
FixedParameters: 0 0 0

#Transform 66
Transform: AffineTransform_float_3_3
Parameters: 1 6.66496e-05 0.000566614 -6.63504e-05 1 -0.000264001 -0.000566649 0.000263925 1 0.0558554 0.08229 -0.127162
FixedParameters: 0 0 0

#Transform 67
Transform: AffineTransform_float_3_3
Parameters: 0.999999 -0.000157571 0.000801714 0.000157835 1 -0.000164538 -0.000801662 0.000164791 0.999999 0.0375835 0.0231827 -0.149426
FixedParameters: 0 0 0

#Transform 68
Transform: AffineTransform_float_3_3
Parameters: 1 -0.000300927 0.000970581 0.000300945 1 -5.34881e-05 -0.000970492 5.40697e-05 0.999999 0.0638975 0.0612378 -0.154367
FixedParameters: 0 0 0

#Transform 69
Transform: AffineTransform_float_3_3
Parameters: 0.999999 -0.000385837 0.000818382 0.000386884 0.999999 -0.00131109 -0.00081819 0.00131173 0.999999 0.0580917 0.0713782 -0.149143
FixedParameters: 0 0 0

#Transform 70
Transform: AffineTransform_float_3_3
Parameters: 0.999999 -0.00055628 0.00131715 0.000557332 0.999999 -0.00122122 -0.00131638 0.00122307 0.999999 0.0540895 0.0900455 -0.158397
FixedParameters: 0 0 0

#Transform 71
Transform: AffineTransform_float_3_3
Parameters: 0.999998 -0.000588615 0.00160759 0.000588318 0.999999 6.60289e-05 -0.0016077 -6.46306e-05 0.999999 0.0680468 0.0677022 -0.108808
FixedParameters: 0 0 0

#Transform 72
Transform: AffineTransform_float_3_3
Parameters: 0.999999 -0.000813661 0.00157222 0.000814274 1 -0.000528658 -0.00157114 0.000530269 0.999998 0.0745772 0.101182 -0.0911891
FixedParameters: 0 0 0

#Transform 73
Transform: AffineTransform_float_3_3
Parameters: 0.999999 -0.000894348 0.00122668 0.000895158 0.999999 -0.000809838 -0.00122604 0.000811124 0.999999 0.0792176 0.113614 -0.131667
FixedParameters: 0 0 0

#Transform 74
Transform: AffineTransform_float_3_3
Parameters: 0.999999 -0.000802317 0.0015991 0.000802953 1 -0.000220682 -0.00159879 0.00022143 0.999999 0.0657312 0.0692606 -0.0842719
FixedParameters: 0 0 0

#Transform 75
Transform: AffineTransform_float_3_3
Parameters: 0.999998 -0.000836242 0.00148527 0.000837458 0.999999 -0.000731471 -0.00148393 0.000732103 0.999999 0.0740505 0.0813796 -0.0807113
FixedParameters: 0 0 0

#Transform 76
Transform: AffineTransform_float_3_3
Parameters: 0.999999 -0.000930002 0.00109202 0.000931327 0.999999 -0.00114646 -0.0010907 0.00114759 0.999999 0.0652435 0.0744368 -0.156944
FixedParameters: 0 0 0

#Transform 77
Transform: AffineTransform_float_3_3
Parameters: 0.999999 -0.000790032 0.00164223 0.000790154 1 -5.86925e-05 -0.00164219 5.94688e-05 0.999999 0.0683492 -0.00771035 -0.055108
FixedParameters: 0 0 0

#Transform 78
Transform: AffineTransform_float_3_3
Parameters: 0.999999 -0.000448428 0.00145702 0.000449105 1 -0.000335233 -0.00145772 0.000336084 0.999999 0.0529545 0.067111 -0.134892
FixedParameters: 0 0 0

#Transform 79
Transform: AffineTransform_float_3_3
Parameters: 0.999999 -0.000414948 0.00136927 0.000417987 0.999998 -0.0018665 -0.00136842 0.00186711 0.999998 0.0408296 0.189182 -0.255398
FixedParameters: 0 0 0

#Transform 80
Transform: AffineTransform_float_3_3
Parameters: 0.999998 -9.81624e-05 0.0020384 9.9404e-05 0.999999 -0.000878601 -0.00203879 0.000878887 0.999997 0.0564221 0.0664098 -0.168885
FixedParameters: 0 0 0

#Transform 81
Transform: AffineTransform_float_3_3
Parameters: 0.999997 -0.000201127 0.00237552 0.000201761 1 -0.000189867 -0.00237548 0.000190251 0.999998 0.05734 -0.00861372 -0.129121
FixedParameters: 0 0 0

#Transform 82
Transform: AffineTransform_float_3_3
Parameters: 0.999998 -0.00022344 0.00206583 0.000224299 0.999999 -0.000772767 -0.0020661 0.000772666 0.999997 0.0635089 0.00946584 -0.147985
FixedParameters: 0 0 0

#Transform 83
Transform: AffineTransform_float_3_3
Parameters: 0.999996 -0.000526219 0.00251492 0.000527215 1 -0.000273072 -0.00251572 0.000273863 0.999997 0.0759133 0.0620087 -0.146467
FixedParameters: 0 0 0

#Transform 84
Transform: AffineTransform_float_3_3
Parameters: 0.999998 -0.000599267 0.00220981 0.000600619 1 -0.000343017 -0.00220942 0.000344264 0.999997 0.0853788 0.0837286 -0.142294
FixedParameters: 0 0 0

#Transform 85
Transform: AffineTransform_float_3_3
Parameters: 0.999997 -0.000151873 0.002285 0.000150018 0.999999 0.000624574 -0.00228447 -0.000623546 0.999997 0.0424469 0.0325889 -0.112723
FixedParameters: 0 0 0

#Transform 86
Transform: AffineTransform_float_3_3
Parameters: 0.999998 -0.000352164 0.00219984 0.000352822 1 -0.000431183 -0.00219928 0.000432614 0.999997 0.0604517 0.0929185 -0.164325
FixedParameters: 0 0 0

#Transform 87
Transform: AffineTransform_float_3_3
Parameters: 0.999998 -0.000180827 0.00225423 0.000181722 1 -0.000690978 -0.00225355 0.000692056 0.999998 0.0545755 0.0865756 -0.136906
FixedParameters: 0 0 0

#Transform 88
Transform: AffineTransform_float_3_3
Parameters: 0.999997 -0.000155265 0.00237133 0.000156349 1 -0.000696859 -0.00237068 0.000697858 0.999997 0.0532585 0.0892073 -0.12511
FixedParameters: 0 0 0

#Transform 89
Transform: AffineTransform_float_3_3
Parameters: 0.999997 -0.000323148 0.00244119 0.000322973 1 -1.87119e-05 -0.00244122 1.97159e-05 0.999997 0.0553051 0.06754 -0.0654264
FixedParameters: 0 0 0

#Transform 90
Transform: AffineTransform_float_3_3
Parameters: 0.999998 -0.000121819 0.00192872 0.000122869 1 -0.000319322 -0.00192865 0.000319714 0.999998 0.0437386 0.117608 -0.0598472
FixedParameters: 0 0 0

#Transform 91
Transform: AffineTransform_float_3_3
Parameters: 0.999998 -0.000307744 0.00222796 0.000308759 1 -0.000287555 -0.00222773 0.000288847 0.999997 0.057497 0.114428 -0.06351
FixedParameters: 0 0 0

#Transform 92
Transform: AffineTransform_float_3_3
Parameters: 0.999997 -0.000516521 0.00229776 0.000516842 0.999999 8.54222e-05 -0.00229807 -8.40005e-05 0.999997 0.065628 0.0994914 -0.0218517
FixedParameters: 0 0 0

#Transform 93
Transform: AffineTransform_float_3_3
Parameters: 0.999997 -0.000612955 0.00235118 0.000613795 1 -0.000257524 -0.00235191 0.000258133 0.999997 0.0789815 0.107097 -0.0363751
FixedParameters: 0 0 0

#Transform 94
Transform: AffineTransform_float_3_3
Parameters: 0.999996 -0.00087906 0.00239413 0.000880419 0.999999 -0.000565328 -0.00239401 0.000567644 0.999997 0.083281 0.0634762 -0.0550762
FixedParameters: 0 0 0

#Transform 95
Transform: AffineTransform_float_3_3
Parameters: 0.999996 -0.0009883 0.00256787 0.000987441 0.999999 0.000119542 -0.00256816 -0.000116366 0.999997 0.0817049 0.0629021 -0.0161198
FixedParameters: 0 0 0

#Transform 96
Transform: AffineTransform_float_3_3
Parameters: 0.999997 -0.000596134 0.00242894 0.000597059 1 -0.000268194 -0.00242971 0.000269233 0.999998 0.0688124 0.103491 -0.0765457
FixedParameters: 0 0 0

#Transform 97
Transform: AffineTransform_float_3_3
Parameters: 0.999996 -0.000764462 0.00269641 0.00076449 1 -5.11497e-05 -0.00269639 5.33742e-05 0.999996 0.0636909 0.1315 -0.0771441
FixedParameters: 0 0 0

#Transform 98
Transform: AffineTransform_float_3_3
Parameters: 0.999997 -0.000310662 0.00245064 0.000311933 1 -0.000313883 -0.00245048 0.000314835 0.999997 0.0318172 0.141312 0.000425742
FixedParameters: 0 0 0

#Transform 99
Transform: AffineTransform_float_3_3
Parameters: 0.999996 -0.000499035 0.00284456 0.000499087 1 0.00011556 -0.00284493 -0.000113257 0.999996 0.0337514 0.062964 0.0224981
FixedParameters: 0 0 0

#Transform 100
Transform: AffineTransform_float_3_3
Parameters: 0.999996 -0.000418331 0.00274579 0.000418172 1 -1.70695e-05 -0.00274583 1.74681e-05 0.999996 0.0334362 0.072444 0.0062294
FixedParameters: 0 0 0

#Transform 101
Transform: AffineTransform_float_3_3
Parameters: 0.999996 -0.00069555 0.00272763 0.000696162 1 -0.000196833 -0.00272839 0.000198768 0.999996 0.04837 0.066459 -0.0308694
FixedParameters: 0 0 0

#Transform 102
Transform: AffineTransform_float_3_3
Parameters: 0.999996 -0.000583276 0.0024958 0.000584977 1 -0.000373594 -0.00249547 0.000374613 0.999997 0.0563717 0.0825218 -0.034684
FixedParameters: 0 0 0

#Transform 103
Transform: AffineTransform_float_3_3
Parameters: 0.999996 -0.000518073 0.00278105 0.000518938 1 -0.000200692 -0.0027809 0.000201677 0.999996 0.0585687 0.0531679 -0.0304396
FixedParameters: 0 0 0

#Transform 104
Transform: AffineTransform_float_3_3
Parameters: 0.999996 -0.000583276 0.0024958 0.000584977 1 -0.000373594 -0.00249547 0.000374613 0.999997 0.0533877 0.0761651 -0.040141
FixedParameters: 0 0 0

#Transform 105
Transform: AffineTransform_float_3_3
Parameters: 0.999996 -0.000593755 0.00247856 0.000596242 1 -0.000774066 -0.00247851 0.000775119 0.999997 0.056809 0.0923801 -0.06879
FixedParameters: 0 0 0

#Transform 106
Transform: AffineTransform_float_3_3
Parameters: 0.999996 -0.000523141 0.00277198 0.000523857 1 -0.000388413 -0.00277239 0.000389417 0.999996 0.0442212 0.0945506 -0.0465957
FixedParameters: 0 0 0

#Transform 107
Transform: AffineTransform_float_3_3
Parameters: 0.999996 -0.000629351 0.00282529 0.000629109 1 -0.000210104 -0.00282589 0.000210852 0.999996 0.0518094 0.0630871 -0.0279809
FixedParameters: 0 0 0

#Transform 108
Transform: AffineTransform_float_3_3
Parameters: 0.999996 -0.000796765 0.00240988 0.000799215 0.999999 -0.000990113 -0.00240896 0.000992025 0.999997 0.0645152 0.158703 -0.0769178
FixedParameters: 0 0 0

#Transform 109
Transform: AffineTransform_float_3_3
Parameters: 0.999996 -0.000853163 0.00243394 0.000854633 0.999999 -0.000578848 -0.00243383 0.000581109 0.999997 0.056246 0.114632 -0.0623268
FixedParameters: 0 0 0

#Transform 110
Transform: AffineTransform_float_3_3
Parameters: 0.999997 -0.00068363 0.00205222 0.000684911 1 -0.00056797 -0.00205131 0.000569339 0.999998 0.0517079 0.110311 -0.0496463
FixedParameters: 0 0 0

#Transform 111
Transform: AffineTransform_float_3_3
Parameters: 0.999996 -0.000786971 0.00249085 0.000787421 1 -0.000122733 -0.00249077 0.000124759 0.999997 0.0587691 0.071246 -0.0449548
FixedParameters: 0 0 0

#Transform 112
Transform: AffineTransform_float_3_3
Parameters: 0.999995 -0.000492213 0.00289131 0.000492493 1 -9.29138e-05 -0.00289131 9.42795e-05 0.999996 0.0486532 0.0571955 -0.0291052
FixedParameters: 0 0 0

#Transform 113
Transform: AffineTransform_float_3_3
Parameters: 0.999997 -0.000608633 0.0024078 0.000610829 1 -0.000736516 -0.00240778 0.000737556 0.999997 0.0550256 0.0853805 -0.0635045
FixedParameters: 0 0 0

#Transform 114
Transform: AffineTransform_float_3_3
Parameters: 0.999996 -0.000900313 0.00268371 0.000900315 1 0.000134903 -0.00268422 -0.000131931 0.999996 0.0594796 0.0309999 -0.0444891
FixedParameters: 0 0 0

#Transform 115
Transform: AffineTransform_float_3_3
Parameters: 0.999996 -0.000866988 0.00244101 0.000868471 0.999999 -0.000579722 -0.00244088 0.000582062 0.999997 0.0682102 0.0809163 -0.0585267
FixedParameters: 0 0 0

#Transform 116
Transform: AffineTransform_float_3_3
Parameters: 0.999997 -0.00102448 0.00243713 0.00102648 0.999999 -0.000883233 -0.002436 0.000884972 0.999997 0.0659756 0.0844666 -0.0772399
FixedParameters: 0 0 0

#Transform 117
Transform: AffineTransform_float_3_3
Parameters: 0.999996 -0.00112159 0.0026033 0.00112224 0.999999 -0.000171168 -0.00260297 0.00017511 0.999997 0.0665173 0.070017 -0.029542
FixedParameters: 0 0 0

#Transform 118
Transform: AffineTransform_float_3_3
Parameters: 0.999997 -0.000631847 0.00232001 0.000628248 0.999998 0.0016892 -0.0023212 -0.00168809 0.999996 0.0377464 0.0420178 0.0792235
FixedParameters: 0 0 0

#Transform 119
Transform: AffineTransform_float_3_3
Parameters: 0.999997 -0.00135772 0.00235397 0.00135824 0.999999 -0.000139598 -0.00235368 0.000142354 0.999997 0.0758829 0.13602 -0.0126095
FixedParameters: 0 0 0

#Transform 120
Transform: AffineTransform_float_3_3
Parameters: 0.999996 -0.00130535 0.00255365 0.00130405 0.999999 0.000501371 -0.00255334 -0.000497964 0.999997 0.0715917 0.0361205 0.0148037
FixedParameters: 0 0 0

#Transform 121
Transform: AffineTransform_float_3_3
Parameters: 0.999997 -0.00105944 0.00227785 0.00105867 0.999999 0.000136912 -0.00227821 -0.000134399 0.999997 0.0720231 0.0896065 -0.0153959
FixedParameters: 0 0 0

#Transform 122
Transform: AffineTransform_float_3_3
Parameters: 0.999995 -0.000679744 0.00286667 0.000679887 1 0.000100318 -0.00286711 -9.78643e-05 0.999996 0.0522477 0.0824935 -0.0401907
FixedParameters: 0 0 0

#Transform 123
Transform: AffineTransform_float_3_3
Parameters: 0.999996 -0.000800887 0.00262757 0.000803769 0.999999 -0.00140087 -0.00262654 0.00140312 0.999996 0.0630156 0.18068 -0.124147
FixedParameters: 0 0 0

#Transform 124
Transform: AffineTransform_float_3_3
Parameters: 0.999994 -0.00127058 0.00343542 0.00126687 0.999998 0.00129653 -0.00343702 -0.00129194 0.999994 0.0994912 -0.0392705 0.114299
FixedParameters: 0 0 0

#Transform 125
Transform: AffineTransform_float_3_3
Parameters: 0.999996 -0.00126953 0.00279671 0.00126481 0.999998 0.00162943 -0.00279888 -0.00162552 0.999994 0.0982746 0.108554 0.0777819
FixedParameters: 0 0 0

#Transform 126
Transform: AffineTransform_float_3_3
Parameters: 0.999996 -0.000846764 0.00273427 0.000842587 0.999998 0.00152493 -0.0027359 -0.00152304 0.999995 0.0812986 0.0876496 0.0731664
FixedParameters: 0 0 0

#Transform 127
Transform: AffineTransform_float_3_3
Parameters: 0.999995 -0.00122667 0.00297361 0.00122103 0.999998 0.001902 -0.00297565 -0.0018988 0.999994 0.0844022 0.019096 0.0784467
FixedParameters: 0 0 0

#Transform 128
Transform: AffineTransform_float_3_3
Parameters: 0.999994 -0.000838354 0.00314746 0.000834367 0.999999 0.00112672 -0.00314822 -0.00112471 0.999995 0.0859149 0.0899706 0.0140248
FixedParameters: 0 0 0

#Transform 129
Transform: AffineTransform_float_3_3
Parameters: 0.999994 -0.00122294 0.00306321 0.00122025 0.999999 0.000947054 -0.00306436 -0.000943245 0.999995 0.100417 0.0443592 -0.00797656
FixedParameters: 0 0 0

#Transform 130
Transform: AffineTransform_float_3_3
Parameters: 0.999995 -0.000703663 0.00302144 0.00070289 1 0.000268689 -0.00302114 -0.000266831 0.999996 0.0880318 0.0707016 -0.0203229
FixedParameters: 0 0 0

#Transform 131
Transform: AffineTransform_float_3_3
Parameters: 0.999995 -0.00104026 0.002915 0.00103914 0.999999 0.000136451 -0.00291533 -0.000133198 0.999995 0.0968504 0.0587967 -0.0315904
FixedParameters: 0 0 0

#Transform 132
Transform: AffineTransform_float_3_3
Parameters: 0.999994 -0.00114545 0.00309298 0.00114334 0.999999 0.000529774 -0.00309261 -0.000526446 0.999995 0.106528 0.0754445 -0.0250358
FixedParameters: 0 0 0

#Transform 133
Transform: AffineTransform_float_3_3
Parameters: 0.999995 -0.00123502 0.00298865 0.0012313 0.999999 0.0011957 -0.00298948 -0.00119245 0.999995 0.100289 0.0558215 0.0454145
FixedParameters: 0 0 0

#Transform 134
Transform: AffineTransform_float_3_3
Parameters: 0.999996 -0.000976885 0.00258697 0.000975905 0.999999 0.000184504 -0.00258646 -0.000182296 0.999997 0.0898033 0.0646526 -0.0235116
FixedParameters: 0 0 0

#Transform 135
Transform: AffineTransform_float_3_3
Parameters: 0.999996 -0.000654322 0.00260259 0.000648734 0.999998 0.00194607 -0.00260327 -0.00194453 0.999995 0.0572708 0.00930493 0.0674443
FixedParameters: 0 0 0

#Transform 136
Transform: AffineTransform_float_3_3
Parameters: 0.999995 -0.00121509 0.00272522 0.00121519 1 0.00017288 -0.002725 -0.000169477 0.999996 0.103119 0.0948758 -0.0170029
FixedParameters: 0 0 0

#Transform 137
Transform: AffineTransform_float_3_3
Parameters: 0.999998 -0.00120669 0.00188308 0.00120639 0.999999 3.98188e-05 -0.00188316 -3.70958e-05 0.999998 0.103294 0.259337 -0.183114
FixedParameters: 0 0 0

#Transform 138
Transform: AffineTransform_float_3_3
Parameters: 0.999997 -0.00110717 0.0022697 0.00110509 0.999999 0.000920564 -0.00227128 -0.000918229 0.999997 0.103564 0.261624 -0.214644
FixedParameters: 0 0 0

#Transform 139
Transform: AffineTransform_float_3_3
Parameters: 0.999996 -0.000587738 0.00253822 0.000585806 1 0.000581955 -0.00253825 -0.000580871 0.999997 0.0694048 0.0985317 -0.216343
FixedParameters: 0 0 0

#Transform 140
Transform: AffineTransform_float_3_3
Parameters: 0.999994 -0.000521861 0.00349438 0.00051732 0.999999 0.00149564 -0.0034954 -0.00149342 0.999993 0.0791821 -0.00292595 -0.140336
FixedParameters: 0 0 0

#Transform 141
Transform: AffineTransform_float_3_3
Parameters: 0.999994 -0.000901816 0.00321899 0.000899384 0.999999 0.000860349 -0.00321941 -0.00085781 0.999995 0.113116 0.0768845 -0.148147
FixedParameters: 0 0 0

#Transform 142
Transform: AffineTransform_float_3_3
Parameters: 0.999994 -0.000865394 0.00342536 0.000863882 0.999999 0.000332865 -0.00342528 -0.000329827 0.999994 0.111782 0.10721 -0.178773
FixedParameters: 0 0 0

#Transform 143
Transform: AffineTransform_float_3_3
Parameters: 0.999993 -0.000851287 0.00346159 0.000849094 1 0.000722191 -0.00346261 -0.000719529 0.999993 0.118442 0.0366296 -0.184767
FixedParameters: 0 0 0

#Transform 144
Transform: AffineTransform_float_3_3
Parameters: 0.999993 -0.00101049 0.00362402 0.0010082 0.999999 0.000720624 -0.00362432 -0.000717063 0.999993 0.132449 0.105954 -0.220913
FixedParameters: 0 0 0

#Transform 145
Transform: AffineTransform_float_3_3
Parameters: 0.999992 -0.00126051 0.00383207 0.00125942 0.999999 0.00036144 -0.00383259 -0.000356449 0.999992 0.134343 0.0790887 -0.252156
FixedParameters: 0 0 0

#Transform 146
Transform: AffineTransform_float_3_3
Parameters: 0.999992 -0.000786549 0.00376825 0.000783799 1 0.000596005 -0.00376875 -0.000592935 0.999992 0.117206 0.105617 -0.200248
FixedParameters: 0 0 0

#Transform 147
Transform: AffineTransform_float_3_3
Parameters: 0.999994 -0.00103224 0.00349358 0.001032 1 -2.43278e-05 -0.00349366 2.73288e-05 0.999994 0.120742 0.0808209 -0.179127
FixedParameters: 0 0 0

#Transform 148
Transform: AffineTransform_float_3_3
Parameters: 0.999994 -0.00084035 0.00357073 0.000840472 0.999999 -8.76995e-05 -0.00357064 9.08129e-05 0.999993 0.0999701 0.0994623 -0.197904
FixedParameters: 0 0 0

#Transform 149
Transform: AffineTransform_float_3_3
Parameters: 0.999996 -0.000508394 0.00300032 0.000508072 1 3.20592e-05 -0.00299941 -3.05303e-05 0.999996 0.0988563 0.124479 -0.16328
FixedParameters: 0 0 0
