#Insight Transform File V1.0
#Transform 0
Transform: AffineTransform_float_3_3
Parameters: 0.999999 -0.000571578 0.00135846 0.000574827 0.999998 -0.00210643 -0.00135752 0.00210707 0.999997 0.041437 -0.080488 -0.0426124
FixedParameters: 0 0 0

#Transform 1
Transform: AffineTransform_float_3_3
Parameters: 0.999999 -0.000481903 0.00118686 0.000483696 0.999998 -0.00179388 -0.00118654 0.0017941 0.999998 0.0385682 -0.0935643 0.0201966
FixedParameters: 0 0 0

#Transform 2
Transform: AffineTransform_float_3_3
Parameters: 1 -0.000732234 0.000840087 0.000734634 0.999997 -0.00234757 -0.000838391 0.00234875 0.999997 0.0320981 -0.0736337 -0.0472229
FixedParameters: 0 0 0

#Transform 3
Transform: AffineTransform_float_3_3
Parameters: 1 -0.000108214 0.000658006 0.000109949 0.999999 -0.00153843 -0.000658685 0.00153856 0.999998 0.0113383 -0.0888568 0.0658536
FixedParameters: 0 0 0

#Transform 4
Transform: AffineTransform_float_3_3
Parameters: 0.999999 -2.85311e-05 0.000969739 3.10912e-05 0.999998 -0.0019685 -0.000970412 0.00196852 0.999997 0.000588064 -0.044678 -0.0390328
FixedParameters: 0 0 0

#Transform 5
Transform: AffineTransform_float_3_3
Parameters: 0.999999 -0.00055782 0.000789521 0.000559396 0.999998 -0.00197381 -0.000789063 0.00197464 0.999997 0.0266036 -0.0610367 -0.000796904
FixedParameters: 0 0 0

#Transform 6
Transform: AffineTransform_float_3_3
Parameters: 1 -4.77736e-05 0.000640634 4.86003e-05 0.999999 -0.00140125 -0.000640274 0.00140128 0.999999 0.00629499 -0.0252912 -0.0103153
FixedParameters: 0 0 0

#Transform 7
Transform: AffineTransform_float_3_3
Parameters: 1 -0.000157503 0.000671194 0.000158834 0.999998 -0.00192911 -0.000671374 0.00192929 0.999998 0.00730447 -0.0124718 -0.0260494
FixedParameters: 0 0 0

#Transform 8
Transform: AffineTransform_float_3_3
Parameters: 0.999999 -0.000396542 0.000744354 0.000397045 0.999999 -0.00117745 -0.000744153 0.001178 0.999999 0.0145139 -0.00449613 -0.0350851
FixedParameters: 0 0 0

#Transform 9
Transform: AffineTransform_float_3_3
Parameters: 0.999999 -0.000382681 0.00073874 0.000383843 0.999998 -0.0016438 -0.000738268 0.00164487 0.999999 0.0217055 0.00434339 -0.0234377
FixedParameters: 0 0 0

#Transform 10
Transform: AffineTransform_float_3_3
Parameters: 1 8.67988e-05 0.000604386 -8.62344e-05 1 -0.00046694 -0.000604466 0.000466836 0.999999 0.0038919 -0.0391843 0.0133821
FixedParameters: 0 0 0

#Transform 11
Transform: AffineTransform_float_3_3
Parameters: 1 -0.000317375 0.000610437 0.000317961 0.999999 -0.00150357 -0.000610215 0.00150392 0.999998 0.00779002 0.0533145 -0.0466547
FixedParameters: 0 0 0

#Transform 12
Transform: AffineTransform_float_3_3
Parameters: 1 -1.0768e-05 0.000235247 1.08116e-05 1 -9.26456e-05 -0.000235245 9.26506e-05 1 -0.0149877 0.014403 0.0189895
FixedParameters: 0 0 0

#Transform 13
Transform: AffineTransform_float_3_3
Parameters: 1 -0.000116119 0.000390268 0.000116123 0.999999 -0.00124638 -0.000389754 0.00124644 0.999999 -0.00239266 0.0329422 -0.0350522
FixedParameters: 0 0 0

#Transform 14
Transform: AffineTransform_float_3_3
Parameters: 1 -7.09391e-05 0.000282921 7.1352e-05 0.999999 -0.00072995 -0.000282817 0.000729991 0.999999 -0.00542718 0.0313501 0.0573762
FixedParameters: 0 0 0

#Transform 15
Transform: AffineTransform_float_3_3
Parameters: 1 0.000413247 0.000196744 -0.000413273 1 6.50372e-05 -0.00019669 -6.51998e-05 1 -0.0152665 0.0295318 0.0738143
FixedParameters: 0 0 0

#Transform 16
Transform: AffineTransform_float_3_3
Parameters: 1 1.12893e-05 0.000393515 -1.05645e-05 0.999999 -0.000920891 -0.000393535 0.000920883 0.999999 -0.00508074 0.0650102 -0.0348142
FixedParameters: 0 0 0

#Transform 17
Transform: AffineTransform_float_3_3
Parameters: 1 -1.99458e-05 0.000555081 2.02844e-05 1 -0.000304988 -0.000555068 0.00030501 1 -0.00384458 0.00141351 0.0658452
FixedParameters: 0 0 0

#Transform 18
Transform: AffineTransform_float_3_3
Parameters: 1 -5.46608e-05 0.000423756 5.48664e-05 1 -0.000242563 -0.000423729 0.00024261 1 -0.0041836 -0.016149 0.00782771
FixedParameters: 0 0 0

#Transform 19
Transform: AffineTransform_float_3_3
Parameters: 1 -8.47655e-05 -1.01416e-06 8.4765e-05 1 -0.000243684 1.05547e-06 0.000243684 1 0.0132268 0.0206211 0.0406848
FixedParameters: 0 0 0

#Transform 20
Transform: AffineTransform_float_3_3
Parameters: 1 1.01702e-05 -2.89445e-05 -1.01845e-05 1 -0.000246527 2.89394e-05 0.000246528 1 -0.000995216 -0.00297464 0.000117987
FixedParameters: 0 0 0

#Transform 21
Transform: AffineTransform_float_3_3
Parameters: 1 -7.53314e-05 -2.55953e-06 7.53319e-05 1 8.61777e-05 2.54654e-06 -8.61781e-05 1 0.00371532 0.0525058 0.0198128
FixedParameters: 0 0 0

#Transform 22
Transform: AffineTransform_float_3_3
Parameters: 1 -1.44937e-05 -2.10167e-05 1.44908e-05 1 -6.87115e-05 2.10187e-05 6.87109e-05 1 -0.0107617 0.052645 -0.0146043
FixedParameters: 0 0 0

#Transform 23
Transform: AffineTransform_float_3_3
Parameters: 1 -8.47655e-05 -1.01416e-06 8.4765e-05 1 -0.000243684 1.05547e-06 0.000243684 1 0.00705838 0.0499545 0.0160799
FixedParameters: 0 0 0

#Transform 24
Transform: AffineTransform_float_3_3
Parameters: 1 0.000383901 -0.000133865 -0.000383617 1 0.000934665 0.00013457 -0.000935943 0.999999 -0.00542311 0.0142894 0.0422804
FixedParameters: 0 0 0

#Transform 25
Transform: AffineTransform_float_3_3
Parameters: 1 -7.49026e-05 -2.62962e-06 7.49031e-05 1 0.000101171 2.61447e-06 -0.000101172 1 -0.00417346 0.0468525 0.001936
FixedParameters: 0 0 0

#Transform 26
Transform: AffineTransform_float_3_3
Parameters: 1 0.000556072 5.85201e-05 -0.000555542 0.999999 0.00118485 -5.84996e-05 -0.0011849 1 -0.0231191 -0.00298118 0.0721115
FixedParameters: 0 0 0

#Transform 27
Transform: AffineTransform_float_3_3
Parameters: 1 -8.60109e-05 6.86292e-07 8.60107e-05 1 0.00011551 -7.06163e-07 -0.00011551 1 -0.00927244 0.0480913 -0.00433766
FixedParameters: 0 0 0

#Transform 28
Transform: AffineTransform_float_3_3
Parameters: 1 9.29912e-05 -5.03823e-05 -9.29407e-05 1 0.000500325 5.04753e-05 -0.000500315 1 -0.0164521 -0.00036022 0.0278626
FixedParameters: 0 0 0

#Transform 29
Transform: AffineTransform_float_3_3
Parameters: 1 0.000402866 -0.000378344 -0.000402579 1 0.000380058 0.00037865 -0.000379753 1 -0.0366128 0.0314078 -0.0270495
FixedParameters: 0 0 0

#Transform 30
Transform: AffineTransform_float_3_3
Parameters: 1 0.000116038 -5.76673e-05 -0.000115995 1 0.000366578 5.77524e-05 -0.000366565 1 -0.0196343 0.0179358 0.0201123
FixedParameters: 0 0 0

#Transform 31
Transform: AffineTransform_float_3_3
Parameters: 1 0.000911361 -0.00066467 -0.000909888 0.999998 0.00131906 0.000666114 -0.00131786 0.999999 -0.0560776 0.00824455 0.111413
FixedParameters: 0 0 0

#Transform 32
Transform: AffineTransform_float_3_3
Parameters: 1 0.00011527 -0.000143021 -0.000115306 0.999999 0.000862419 0.000142262 -0.000862399 0.999999 -0.0213968 0.039132 -0.00302686
FixedParameters: 0 0 0

#Transform 33
Transform: AffineTransform_float_3_3
Parameters: 1 4.68403e-06 -0.000523197 -4.729e-06 0.999999 0.00088909 0.000523432 -0.000888571 1 -0.00547323 0.0499446 -0.0069078
FixedParameters: 0 0 0

#Transform 34
Transform: AffineTransform_float_3_3
Parameters: 1 0.000106985 -0.000549231 -0.00010589 0.999998 0.00186134 0.000549784 -0.00186209 0.999999 -0.00673955 0.0163651 -0.00846142
FixedParameters: 0 0 0

#Transform 35
Transform: AffineTransform_float_3_3
Parameters: 1 -0.000145392 -0.000477532 0.000145704 0.999999 0.00134044 0.000477366 -0.00134061 0.999999 -0.00223119 0.0530738 -0.00689723
FixedParameters: 0 0 0

#Transform 36
Transform: AffineTransform_float_3_3
Parameters: 1 0.000516315 -0.000417749 -0.000515844 0.999997 0.00206738 0.000419093 -0.00206699 0.999998 -0.0270736 -0.00758955 0.0260345
FixedParameters: 0 0 0

#Transform 37
Transform: AffineTransform_float_3_3
Parameters: 1 -3.70644e-06 -0.000357208 4.32428e-06 0.999999 0.000864832 0.000357201 -0.000864835 0.999999 -0.00275986 0.0562217 -0.0343828
FixedParameters: 0 0 0

#Transform 38
Transform: AffineTransform_float_3_3
Parameters: 1 0.000132683 2.89274e-05 -0.000132787 0.999998 0.00164302 -2.85483e-05 -0.00164303 0.999998 -0.0104505 0.0681215 0.0299995
FixedParameters: 0 0 0

#Transform 39
Transform: AffineTransform_float_3_3
Parameters: 1 6.19439e-05 -0.000218973 -6.12088e-05 0.999998 0.00169896 0.000219125 -0.00169893 0.999998 -0.00677753 0.0540176 -0.0161876
FixedParameters: 0 0 0

#Transform 40
Transform: AffineTransform_float_3_3
Parameters: 1 6.37027e-05 -0.00018111 -6.32082e-05 0.999999 0.00138995 0.000181229 -0.00138992 0.999999 -0.0074669 0.100008 -0.0114769
FixedParameters: 0 0 0

#Transform 41
Transform: AffineTransform_float_3_3
Parameters: 1 0.000420125 -0.000437604 -0.000419363 0.999997 0.00231712 0.000438702 -0.00231679 0.999997 -0.025688 0.0521181 0.0163729
FixedParameters: 0 0 0

#Transform 42
Transform: AffineTransform_float_3_3
Parameters: 0.999999 0.000414942 -0.00064142 -0.000414207 0.999999 0.001326 0.000642744 -0.0013255 0.999999 -0.0321775 0.127304 -0.046307
FixedParameters: 0 0 0

#Transform 43
Transform: AffineTransform_float_3_3
Parameters: 0.999999 0.00049742 -0.000661042 -0.00049655 0.999997 0.00234003 0.000662802 -0.00233943 0.999997 -0.0406406 0.0638301 0.00695667
FixedParameters: 0 0 0

#Transform 44
Transform: AffineTransform_float_3_3
Parameters: 0.999999 0.000419566 -0.000899961 -0.000418043 0.999997 0.00207145 0.000901121 -0.00207106 0.999998 -0.0307995 0.0611739 -0.0291859
FixedParameters: 0 0 0

#Transform 45
Transform: AffineTransform_float_3_3
Parameters: 1 0.000987707 -0.000723985 -0.000986505 0.999999 0.00100566 0.000725 -0.00100508 1 -0.0657074 0.0276343 -0.0125401
FixedParameters: 0 0 0

#Transform 46
Transform: AffineTransform_float_3_3
Parameters: 0.999998 0.00157415 -0.000782748 -0.00157306 0.999996 0.00200725 0.000785443 -0.00200624 0.999998 -0.0959833 0.0779738 0.0238967
FixedParameters: 0 0 0

#Transform 47
Transform: AffineTransform_float_3_3
Parameters: 0.999999 0.00118832 -0.000865631 -0.00118757 0.999999 0.00128741 0.000867042 -0.00128678 0.999999 -0.0922029 0.10304 -0.0252656
FixedParameters: 0 0 0

#Transform 48
Transform: AffineTransform_float_3_3
Parameters: 0.999998 0.0015108 -0.000936058 -0.00150801 0.999996 0.00259381 0.000940152 -0.00259244 0.999997 -0.0990641 0.0856815 0.013098
FixedParameters: 0 0 0

#Transform 49
Transform: AffineTransform_float_3_3
Parameters: 0.999998 0.00143582 -0.000917592 -0.00143397 0.999997 0.00197367 0.000920592 -0.00197248 0.999998 -0.0973688 0.123082 -0.00868122
FixedParameters: 0 0 0

#Transform 50
Transform: AffineTransform_float_3_3
Parameters: 0.999998 0.0014573 -0.000864465 -0.00145536 0.999997 0.00217125 0.000868078 -0.00216933 0.999998 -0.0974362 0.0889602 -0.0191312
FixedParameters: 0 0 0

#Transform 51
Transform: AffineTransform_float_3_3
Parameters: 0.999999 0.00120045 -0.000848781 -0.00119883 0.999997 0.00200343 0.000850925 -0.00200284 0.999998 -0.0889162 0.157445 0.00413488
FixedParameters: 0 0 0

#Transform 52
Transform: AffineTransform_float_3_3
Parameters: 0.999999 0.00131599 -0.000881055 -0.00131377 0.999997 0.00227424 0.000884315 -0.00227337 0.999997 -0.0826842 0.0936643 -0.0115906
FixedParameters: 0 0 0

#Transform 53
Transform: AffineTransform_float_3_3
Parameters: 0.999998 0.00158231 -0.000468929 -0.0015811 0.999995 0.00249411 0.00047287 -0.00249321 0.999997 -0.102594 0.128973 0.0321769
FixedParameters: 0 0 0

#Transform 54
Transform: AffineTransform_float_3_3
Parameters: 0.999998 0.00146135 -0.000857963 -0.00145931 0.999997 0.00224219 0.000861801 -0.00224028 0.999997 -0.0865019 0.123206 0.0382155
FixedParameters: 0 0 0

#Transform 55
Transform: AffineTransform_float_3_3
Parameters: 0.999999 0.00161842 -0.000881451 -0.00161635 0.999996 0.00249167 0.000884929 -0.00249082 0.999996 -0.0989182 0.137876 0.0304644
FixedParameters: 0 0 0

#Transform 56
Transform: AffineTransform_float_3_3
Parameters: 0.999998 0.00189534 -0.000992321 -0.00189397 0.999995 0.00248366 0.000996473 -0.00248194 0.999996 -0.106473 0.115422 0.0651962
FixedParameters: 0 0 0

#Transform 57
Transform: AffineTransform_float_3_3
Parameters: 0.999998 0.00199258 -0.000658191 -0.00199166 0.999995 0.00248178 0.000663507 -0.00248032 0.999996 -0.109576 0.107946 -0.000881621
FixedParameters: 0 0 0

#Transform 58
Transform: AffineTransform_float_3_3
Parameters: 0.999998 0.00198361 -0.00075985 -0.00198141 0.999993 0.00316614 0.00076675 -0.00316514 0.999995 -0.11461 0.144405 0.0315299
FixedParameters: 0 0 0

#Transform 59
Transform: AffineTransform_float_3_3
Parameters: 0.999998 0.00144517 -0.00103811 -0.00144209 0.999996 0.0023392 0.00104215 -0.00233765 0.999997 -0.0969676 0.154483 -0.0156381
FixedParameters: 0 0 0

#Transform 60
Transform: AffineTransform_float_3_3
Parameters: 0.999999 0.00170682 -0.000857937 -0.00170474 0.999993 0.00346367 0.000863367 -0.00346279 0.999994 -0.103178 0.149816 0.019192
FixedParameters: 0 0 0

#Transform 61
Transform: AffineTransform_float_3_3
Parameters: 0.999997 0.00190142 -0.00101947 -0.0018981 0.999994 0.00277259 0.00102536 -0.00277071 0.999996 -0.107618 0.146249 0.0306178
FixedParameters: 0 0 0

#Transform 62
Transform: AffineTransform_float_3_3
Parameters: 0.999998 0.00191523 -0.000995449 -0.0019127 0.999995 0.00258518 0.000999746 -0.00258339 0.999997 -0.109125 0.151134 -0.0212897
FixedParameters: 0 0 0

#Transform 63
Transform: AffineTransform_float_3_3
Parameters: 0.999998 0.00193223 -0.000907794 -0.00193049 0.999994 0.00309604 0.000913432 -0.00309375 0.999995 -0.106048 0.16156 0.0294046
FixedParameters: 0 0 0

#Transform 64
Transform: AffineTransform_float_3_3
Parameters: 0.999998 0.00146525 -0.000983818 -0.00146243 0.999995 0.00247887 0.000987396 -0.00247744 0.999996 -0.0970484 0.149107 -0.0297868
FixedParameters: 0 0 0

#Transform 65
Transform: AffineTransform_float_3_3
Parameters: 0.999998 0.00179402 -0.000732116 -0.00179157 0.999992 0.00348755 0.000738921 -0.0034861 0.999993 -0.111025 0.10728 0.0643258
FixedParameters: 0 0 0

#Transform 66
Transform: AffineTransform_float_3_3
Parameters: 0.999999 0.00156708 -0.000975506 -0.00156414 0.999996 0.00256112 0.000979845 -0.00255952 0.999997 -0.099283 0.147609 -0.0206472
FixedParameters: 0 0 0

#Transform 67
Transform: AffineTransform_float_3_3
Parameters: 0.999998 0.00176506 -0.000726172 -0.00176299 0.999993 0.00305747 0.000732275 -0.00305553 0.999995 -0.110372 0.134955 0.0351667
FixedParameters: 0 0 0

#Transform 68
Transform: AffineTransform_float_3_3
Parameters: 0.999998 0.00156141 -0.000669376 -0.00155902 0.999996 0.00263116 0.000673579 -0.00262966 0.999997 -0.100404 0.194131 -0.0159838
FixedParameters: 0 0 0

#Transform 69
Transform: AffineTransform_float_3_3
Parameters: 0.999998 0.00193588 -0.00123716 -0.00193274 0.999994 0.00269908 0.00124233 -0.00269718 0.999996 -0.108607 0.1703 0.0584578
FixedParameters: 0 0 0

#Transform 70
Transform: AffineTransform_float_3_3
Parameters: 0.999998 0.00191425 -0.00133769 -0.00190993 0.999994 0.00294845 0.00134364 -0.00294537 0.999995 -0.106088 0.152514 0.00589717
FixedParameters: 0 0 0

#Transform 71
Transform: AffineTransform_float_3_3
Parameters: 0.999998 0.00176861 -0.000792896 -0.00176671 0.999994 0.0026781 0.000797726 -0.00267676 0.999996 -0.106336 0.137174 0.0604147
FixedParameters: 0 0 0

#Transform 72
Transform: AffineTransform_float_3_3
Parameters: 0.999998 0.00160041 -0.00117316 -0.0015974 0.999993 0.00321392 0.00117828 -0.00321254 0.999995 -0.0968487 0.154869 0.00700207
FixedParameters: 0 0 0

#Transform 73
Transform: AffineTransform_float_3_3
Parameters: 0.999999 0.00155487 -0.00107763 -0.00155164 0.999994 0.00303233 0.00108263 -0.00303047 0.999995 -0.100265 0.155735 0.0406287
FixedParameters: 0 0 0

#Transform 74
Transform: AffineTransform_float_3_3
Parameters: 0.999997 0.00187812 -0.0012528 -0.0018735 0.999992 0.00337692 0.00125907 -0.00337511 0.999994 -0.105601 0.15513 0.0100779
FixedParameters: 0 0 0

#Transform 75
Transform: AffineTransform_float_3_3
Parameters: 0.999997 0.00202085 -0.00129527 -0.00201638 0.999993 0.00320183 0.00130185 -0.00319949 0.999995 -0.12387 0.146472 0.0462721
FixedParameters: 0 0 0

#Transform 76
Transform: AffineTransform_float_3_3
Parameters: 0.999996 0.0025585 -0.000986149 -0.00255471 0.999989 0.00395847 0.000995825 -0.00395657 0.999992 -0.138405 0.139249 0.043483
FixedParameters: 0 0 0

#Transform 77
Transform: AffineTransform_float_3_3
Parameters: 0.999996 0.00244201 -0.00138859 -0.00243595 0.999989 0.00396091 0.00139767 -0.00395815 0.999991 -0.145331 0.113963 0.0574463
FixedParameters: 0 0 0

#Transform 78
Transform: AffineTransform_float_3_3
Parameters: 0.999998 0.00200295 -0.00121165 -0.00199851 0.999992 0.00342455 0.00121902 -0.00342175 0.999993 -0.135997 0.138982 0.015104
FixedParameters: 0 0 0

#Transform 79
Transform: AffineTransform_float_3_3
Parameters: 0.999996 0.00271885 -0.000983235 -0.00271461 0.999986 0.00448225 0.000995051 -0.00448007 0.999989 -0.152446 0.129345 0.0600738
FixedParameters: 0 0 0

#Transform 80
Transform: AffineTransform_float_3_3
Parameters: 0.999996 0.0025563 -0.000940571 -0.00255217 0.999989 0.00382785 0.000949281 -0.00382563 0.999993 -0.149315 0.147962 0.0466398
FixedParameters: 0 0 0

#Transform 81
Transform: AffineTransform_float_3_3
Parameters: 0.999995 0.00279751 -0.00157831 -0.00279069 0.999988 0.00420171 0.00158991 -0.00419749 0.999989 -0.151923 0.150509 0.0350419
FixedParameters: 0 0 0

#Transform 82
Transform: AffineTransform_float_3_3
Parameters: 0.999995 0.00274006 -0.00147114 -0.00273386 0.999987 0.00420373 0.00148318 -0.00419971 0.99999 -0.152491 0.149391 0.0826742
FixedParameters: 0 0 0

#Transform 83
Transform: AffineTransform_float_3_3
Parameters: 0.999996 0.00235595 -0.0013594 -0.00235016 0.999988 0.00430971 0.00136955 -0.00430681 0.99999 -0.13251 0.175447 0.0333329
FixedParameters: 0 0 0

#Transform 84
Transform: AffineTransform_float_3_3
Parameters: 0.999997 0.00237718 -0.00137045 -0.00237187 0.999991 0.00354373 0.00137903 -0.00353983 0.999993 -0.130234 0.183067 0.0636408
FixedParameters: 0 0 0

#Transform 85
Transform: AffineTransform_float_3_3
Parameters: 0.999995 0.00281883 -0.00148995 -0.00281134 0.999984 0.0047778 0.00150384 -0.00477347 0.999987 -0.144334 0.130447 0.0857374
FixedParameters: 0 0 0

#Transform 86
Transform: AffineTransform_float_3_3
Parameters: 0.999995 0.00269377 -0.00186654 -0.00268527 0.999987 0.00425042 0.00187773 -0.00424615 0.99999 -0.150092 0.209142 0.0710968
FixedParameters: 0 0 0

#Transform 87
Transform: AffineTransform_float_3_3
Parameters: 0.999995 0.00281366 -0.00148963 -0.00280668 0.999985 0.00460586 0.00150257 -0.00460156 0.999988 -0.153623 0.166379 0.080965
FixedParameters: 0 0 0

#Transform 88
Transform: AffineTransform_float_3_3
Parameters: 0.999995 0.00279059 -0.00148826 -0.00278438 0.999989 0.00383919 0.00149852 -0.00383491 0.999992 -0.148114 0.184508 0.0614712
FixedParameters: 0 0 0

#Transform 89
Transform: AffineTransform_float_3_3
Parameters: 0.999994 0.00298579 -0.00153979 -0.0029788 0.999985 0.00454482 0.00155298 -0.00454025 0.999989 -0.158879 0.133997 0.138096
FixedParameters: 0 0 0

#Transform 90
Transform: AffineTransform_float_3_3
Parameters: 0.999994 0.00288022 -0.00161051 -0.0028731 0.999987 0.0042147 0.00162282 -0.00420949 0.99999 -0.154586 0.22171 0.0669046
FixedParameters: 0 0 0

#Transform 91
Transform: AffineTransform_float_3_3
Parameters: 0.999994 0.00291519 -0.00156853 -0.00290762 0.999983 0.00495912 0.00158366 -0.00495408 0.999986 -0.15607 0.191753 0.106192
FixedParameters: 0 0 0

#Transform 92
Transform: AffineTransform_float_3_3
Parameters: 0.999994 0.00286156 -0.00168267 -0.00285481 0.999986 0.00428616 0.00169455 -0.00428148 0.99999 -0.145684 0.175156 0.136247
FixedParameters: 0 0 0

#Transform 93
Transform: AffineTransform_float_3_3
Parameters: 0.999994 0.00281704 -0.00186372 -0.00280875 0.999986 0.00453988 0.00187686 -0.00453489 0.999988 -0.140371 0.170021 0.101856
FixedParameters: 0 0 0

#Transform 94
Transform: AffineTransform_float_3_3
Parameters: 0.999994 0.00286185 -0.00173542 -0.00285317 0.999985 0.00479002 0.0017491 -0.00478559 0.999987 -0.14721 0.1771 0.140188
FixedParameters: 0 0 0

#Transform 95
Transform: AffineTransform_float_3_3
Parameters: 0.999994 0.00285937 -0.00177534 -0.00285053 0.999983 0.0050834 0.00178988 -0.00507824 0.999986 -0.148857 0.168441 0.0810152
FixedParameters: 0 0 0

#Transform 96
Transform: AffineTransform_float_3_3
Parameters: 0.999994 0.00283867 -0.00201498 -0.00282892 0.999984 0.00493227 0.00202883 -0.00492724 0.999986 -0.142705 0.143237 0.148604
FixedParameters: 0 0 0

#Transform 97
Transform: AffineTransform_float_3_3
Parameters: 0.999995 0.00292784 -0.00152043 -0.00291991 0.999983 0.00491886 0.00153517 -0.00491404 0.999987 -0.14623 0.12334 0.0811387
FixedParameters: 0 0 0

#Transform 98
Transform: AffineTransform_float_3_3
Parameters: 0.999994 0.00287788 -0.00173926 -0.00286851 0.999982 0.00534673 0.00175545 -0.00534141 0.999984 -0.145754 0.171301 0.129491
FixedParameters: 0 0 0

#Transform 99
Transform: AffineTransform_float_3_3
Parameters: 0.999994 0.00287169 -0.00169692 -0.00286353 0.999984 0.00474907 0.00171046 -0.00474428 0.999987 -0.142845 0.178382 0.100319
FixedParameters: 0 0 0

#Transform 100
Transform: AffineTransform_float_3_3
Parameters: 0.999994 0.00302347 -0.0018881 -0.00301387 0.999981 0.00538165 0.00190447 -0.00537581 0.999983 -0.158294 0.172947 0.143335
FixedParameters: 0 0 0

#Transform 101
Transform: AffineTransform_float_3_3
Parameters: 0.999994 0.00314025 -0.00158536 -0.00313327 0.999986 0.00440825 0.00159922 -0.00440345 0.999989 -0.161098 0.193617 0.107738
FixedParameters: 0 0 0

#Transform 102
Transform: AffineTransform_float_3_3
Parameters: 0.999992 0.00340106 -0.00207019 -0.00339001 0.999979 0.0054512 0.00208819 -0.00544411 0.999983 -0.165171 0.151359 0.125306
FixedParameters: 0 0 0

#Transform 103
Transform: AffineTransform_float_3_3
Parameters: 0.999992 0.00341652 -0.00199695 -0.00340575 0.99998 0.00526881 0.00201461 -0.00526212 0.999984 -0.166253 0.209131 0.138035
FixedParameters: 0 0 0

#Transform 104
Transform: AffineTransform_float_3_3
Parameters: 0.999993 0.00314498 -0.00209342 -0.00313501 0.999983 0.00486399 0.00210896 -0.00485723 0.999986 -0.158523 0.194498 0.0772986
FixedParameters: 0 0 0

#Transform 105
Transform: AffineTransform_float_3_3
Parameters: 0.999991 0.00338194 -0.00215594 -0.00337014 0.999978 0.00563067 0.00217516 -0.0056231 0.999982 -0.160684 0.15415 0.127794
FixedParameters: 0 0 0

#Transform 106
Transform: AffineTransform_float_3_3
Parameters: 0.999993 0.00318369 -0.00210337 -0.00317293 0.999982 0.00502902 0.00212027 -0.00502204 0.999985 -0.160729 0.210074 0.125079
FixedParameters: 0 0 0

#Transform 107
Transform: AffineTransform_float_3_3
Parameters: 0.999993 0.00337638 -0.00215569 -0.00336411 0.999979 0.00544976 0.00217442 -0.00544219 0.999983 -0.167464 0.173074 0.120965
FixedParameters: 0 0 0

#Transform 108
Transform: AffineTransform_float_3_3
Parameters: 0.999992 0.00337306 -0.00215557 -0.00336126 0.99998 0.00534153 0.00217354 -0.00533451 0.999983 -0.164851 0.196685 0.138842
FixedParameters: 0 0 0

#Transform 109
Transform: AffineTransform_float_3_3
Parameters: 0.999992 0.00335516 -0.00221413 -0.00334381 0.99998 0.00530825 0.00223201 -0.00530124 0.999983 -0.163207 0.19329 0.10513
FixedParameters: 0 0 0

#Transform 110
Transform: AffineTransform_float_3_3
Parameters: 0.999992 0.00341822 -0.00202908 -0.00340692 0.999978 0.00562286 0.00204838 -0.00561598 0.999982 -0.166344 0.227549 0.148616
FixedParameters: 0 0 0

#Transform 111
Transform: AffineTransform_float_3_3
Parameters: 0.999992 0.00337745 -0.00215576 -0.00336501 0.999979 0.00548383 0.00217466 -0.00547709 0.999983 -0.163393 0.211526 0.0908455
FixedParameters: 0 0 0

#Transform 112
Transform: AffineTransform_float_3_3
Parameters: 0.999992 0.0033924 -0.00215632 -0.00337941 0.999976 0.00597054 0.00217694 -0.00596294 0.99998 -0.165666 0.230092 0.167419
FixedParameters: 0 0 0

#Transform 113
Transform: AffineTransform_float_3_3
Parameters: 0.999992 0.00337817 -0.00215578 -0.00336564 0.99998 0.00550748 0.00217486 -0.00550043 0.999982 -0.162172 0.220689 0.122637
FixedParameters: 0 0 0

#Transform 114
Transform: AffineTransform_float_3_3
Parameters: 0.999991 0.0033868 -0.00215613 -0.00337431 0.999977 0.00578861 0.00217641 -0.00578102 0.999981 -0.164865 0.239483 0.137556
FixedParameters: 0 0 0

#Transform 115
Transform: AffineTransform_float_3_3
Parameters: 0.999993 0.00323744 -0.00184017 -0.00322751 0.99998 0.00542404 0.00185781 -0.00541768 0.999984 -0.163323 0.255114 0.150868
FixedParameters: 0 0 0

#Transform 116
Transform: AffineTransform_float_3_3
Parameters: 0.999992 0.00342138 -0.00199617 -0.00341031 0.999979 0.00541875 0.00201389 -0.00541205 0.999984 -0.164909 0.212825 0.0934924
FixedParameters: 0 0 0

#Transform 117
Transform: AffineTransform_float_3_3
Parameters: 0.999994 0.0032358 -0.00147794 -0.00322723 0.999977 0.00608041 0.00149843 -0.00607524 0.99998 -0.138037 0.244958 0.178619
FixedParameters: 0 0 0

#Transform 118
Transform: AffineTransform_float_3_3
Parameters: 0.999994 0.00307342 -0.00166603 -0.0030635 0.999979 0.00570382 0.00168328 -0.00569911 0.999982 -0.132393 0.244904 0.11014
FixedParameters: 0 0 0

#Transform 119
Transform: AffineTransform_float_3_3
Parameters: 0.999994 0.00288906 -0.00164694 -0.00287915 0.999978 0.00606295 0.00166426 -0.006059 0.99998 -0.130014 0.197698 0.168777
FixedParameters: 0 0 0

#Transform 120
Transform: AffineTransform_float_3_3
Parameters: 0.999995 0.00281228 -0.00170936 -0.00280301 0.999983 0.00513474 0.00172343 -0.00512925 0.999985 -0.127767 0.201729 0.132318
FixedParameters: 0 0 0

#Transform 121
Transform: AffineTransform_float_3_3
Parameters: 0.999994 0.00307248 -0.00169035 -0.00306163 0.999978 0.00590182 0.00170874 -0.00589613 0.999981 -0.134056 0.195034 0.175321
FixedParameters: 0 0 0

#Transform 122
Transform: AffineTransform_float_3_3
Parameters: 0.999995 0.00288734 -0.00163348 -0.0028776 0.999978 0.00598418 0.0016513 -0.00597892 0.999981 -0.129951 0.232895 0.162427
FixedParameters: 0 0 0

#Transform 123
Transform: AffineTransform_float_3_3
Parameters: 0.999995 0.00268077 -0.00192258 -0.0026703 0.99998 0.00569514 0.001938 -0.0056899 0.999982 -0.118028 0.248218 0.130968
FixedParameters: 0 0 0

#Transform 124
Transform: AffineTransform_float_3_3
Parameters: 0.999994 0.00296834 -0.00200683 -0.00295708 0.999981 0.005479 0.00202311 -0.00547267 0.999983 -0.131456 0.264213 0.176169
FixedParameters: 0 0 0

#Transform 125
Transform: AffineTransform_float_3_3
Parameters: 0.999994 0.00298544 -0.00200774 -0.00297247 0.999977 0.00603686 0.00202542 -0.00603132 0.999979 -0.130404 0.234069 0.143566
FixedParameters: 0 0 0

#Transform 126
Transform: AffineTransform_float_3_3
Parameters: 0.999994 0.00284991 -0.00196972 -0.00283862 0.999979 0.00591364 0.00198627 -0.0059075 0.999981 -0.128756 0.240881 0.175781
FixedParameters: 0 0 0

#Transform 127
Transform: AffineTransform_float_3_3
Parameters: 0.999994 0.00300091 -0.00198416 -0.00298836 0.999976 0.00631658 0.00200293 -0.00631116 0.999978 -0.130557 0.186512 0.145137
FixedParameters: 0 0 0

#Transform 128
Transform: AffineTransform_float_3_3
Parameters: 0.999994 0.0030046 -0.00200874 -0.00299063 0.999973 0.0066626 0.00202854 -0.00665702 0.999975 -0.131199 0.232332 0.169368
FixedParameters: 0 0 0

#Transform 129
Transform: AffineTransform_float_3_3
Parameters: 0.999994 0.00299076 -0.00200804 -0.00297835 0.999976 0.00621104 0.00202605 -0.00620498 0.999979 -0.131248 0.236717 0.170541
FixedParameters: 0 0 0

#Transform 130
Transform: AffineTransform_float_3_3
Parameters: 0.999994 0.00299037 -0.002008 -0.002978 0.999976 0.00619777 0.00202597 -0.00619225 0.999979 -0.135085 0.227256 0.138729
FixedParameters: 0 0 0

#Transform 131
Transform: AffineTransform_float_3_3
Parameters: 0.999993 0.00325033 -0.00163594 -0.00323952 0.999972 0.00681318 0.0016575 -0.00680786 0.999975 -0.14416 0.195493 0.179615
FixedParameters: 0 0 0

#Transform 132
Transform: AffineTransform_float_3_3
Parameters: 0.999993 0.00325477 -0.00164202 -0.003245 0.999975 0.00630211 0.00166241 -0.00629616 0.999979 -0.138004 0.242895 0.181327
FixedParameters: 0 0 0

#Transform 133
Transform: AffineTransform_float_3_3
Parameters: 0.999993 0.00324268 -0.00175984 -0.00323097 0.999974 0.00650019 0.00178033 -0.00649492 0.999977 -0.142871 0.193479 0.167134
FixedParameters: 0 0 0

#Transform 134
Transform: AffineTransform_float_3_3
Parameters: 0.999993 0.00310809 -0.00204102 -0.00309515 0.999975 0.00630564 0.0020601 -0.00629945 0.999978 -0.140759 0.206859 0.205803
FixedParameters: 0 0 0

#Transform 135
Transform: AffineTransform_float_3_3
Parameters: 0.999993 0.0032157 -0.00207189 -0.00320265 0.999975 0.00630247 0.00209141 -0.00629619 0.999978 -0.138871 0.150099 0.167973
FixedParameters: 0 0 0

#Transform 136
Transform: AffineTransform_float_3_3
Parameters: 0.999994 0.00314774 -0.00204977 -0.00313351 0.999973 0.00665746 0.00207054 -0.0066516 0.999975 -0.134924 0.226297 0.197144
FixedParameters: 0 0 0

#Transform 137
Transform: AffineTransform_float_3_3
Parameters: 0.999993 0.0031882 -0.00206322 -0.00317483 0.999974 0.00640953 0.00208301 -0.00640288 0.999978 -0.134322 0.170889 0.149856
FixedParameters: 0 0 0

#Transform 138
Transform: AffineTransform_float_3_3
Parameters: 0.999992 0.0035089 -0.00215219 -0.00349448 0.999971 0.0068008 0.00217611 -0.00679279 0.999975 -0.142662 0.184939 0.217787
FixedParameters: 0 0 0

#Transform 139
Transform: AffineTransform_float_3_3
Parameters: 0.999993 0.00325779 -0.00208427 -0.00324474 0.999975 0.00626458 0.00210406 -0.00625751 0.999978 -0.136241 0.215085 0.159386
FixedParameters: 0 0 0

#Transform 140
Transform: AffineTransform_float_3_3
Parameters: 0.999992 0.00331212 -0.00209551 -0.00329804 0.999971 0.00684436 0.00211795 -0.00683703 0.999975 -0.145515 0.172868 0.183618
FixedParameters: 0 0 0

#Transform 141
Transform: AffineTransform_float_3_3
Parameters: 0.999992 0.00335764 -0.0021099 -0.00334312 0.999972 0.00666616 0.00213154 -0.00665936 0.999976 -0.139876 0.211382 0.218402
FixedParameters: 0 0 0

#Transform 142
Transform: AffineTransform_float_3_3
Parameters: 0.999992 0.00337952 -0.00211574 -0.0033647 0.999972 0.00672125 0.00213804 -0.00671402 0.999975 -0.139091 0.217947 0.179189
FixedParameters: 0 0 0

#Transform 143
Transform: AffineTransform_float_3_3
Parameters: 0.999992 0.00340995 -0.00212121 -0.00339478 0.999969 0.0071486 0.00214502 -0.00714124 0.999972 -0.141563 0.228162 0.249784
FixedParameters: 0 0 0

#Transform 144
Transform: AffineTransform_float_3_3
Parameters: 0.999993 0.00319532 -0.00206772 -0.00318297 0.999976 0.00607719 0.00208657 -0.00607047 0.99998 -0.143919 0.220079 0.170293
FixedParameters: 0 0 0

#Transform 145
Transform: AffineTransform_float_3_3
Parameters: 0.999992 0.0037267 -0.00178581 -0.00371394 0.999968 0.00708613 0.00181203 -0.00707954 0.999973 -0.1483 0.238455 0.222639
FixedParameters: 0 0 0

#Transform 146
Transform: AffineTransform_float_3_3
Parameters: 0.999993 0.00318865 -0.00205977 -0.00317361 0.999971 0.00689473 0.00208151 -0.00688811 0.999974 -0.151357 0.212195 0.22571
FixedParameters: 0 0 0

#Transform 147
Transform: AffineTransform_float_3_3
Parameters: 0.999992 0.00338624 -0.00211434 -0.00337112 0.999969 0.00715924 0.00213789 -0.00715203 0.999972 -0.157457 0.227041 0.174825
FixedParameters: 0 0 0

#Transform 148
Transform: AffineTransform_float_3_3
Parameters: 0.999993 0.00350979 -0.00171859 -0.00349632 0.999965 0.00749547 0.00174533 -0.00748958 0.99997 -0.146505 0.260842 0.230162
FixedParameters: 0 0 0

#Transform 149
Transform: AffineTransform_float_3_3
Parameters: 0.999992 0.00323805 -0.00196492 -0.00322515 0.99997 0.00700848 0.00198732 -0.00700146 0.999974 -0.149391 0.24445 0.163041
FixedParameters: 0 0 0
