#Insight Transform File V1.0
#Transform 0
Transform: AffineTransform_float_3_3
Parameters: 0.999998 0.000482678 -0.00207991 -0.000480613 0.999999 0.00125483 0.00207989 -0.00125389 0.999997 0.0191975 0.0223578 0.154746
FixedParameters: 0 0 0

#Transform 1
Transform: AffineTransform_float_3_3
Parameters: 0.999999 0.000603626 -0.00142549 -0.000601376 0.999997 0.00199606 0.00142663 -0.00199491 0.999997 0.0159781 -0.0216122 0.166986
FixedParameters: 0 0 0

#Transform 2
Transform: AffineTransform_float_3_3
Parameters: 1 -0.000122399 -0.0005315 0.000122702 0.999999 0.00132334 0.000531398 -0.00132344 0.999999 0.0413935 -0.0233445 0.161176
FixedParameters: 0 0 0

#Transform 3
Transform: AffineTransform_float_3_3
Parameters: 0.999999 0.000136285 -0.00135244 -0.00013538 0.999999 0.00112149 0.00135224 -0.00112165 0.999999 0.0379312 0.0245762 0.133546
FixedParameters: 0 0 0

#Transform 4
Transform: AffineTransform_float_3_3
Parameters: 0.999999 0.00046705 -0.00087007 -0.000466826 0.999999 0.000687286 0.000870906 -0.00068604 1 0.0239138 -0.0248359 0.132116
FixedParameters: 0 0 0

#Transform 5
Transform: AffineTransform_float_3_3
Parameters: 0.999999 -4.84869e-05 -0.00090646 4.88952e-05 0.999999 0.000761386 0.00090658 -0.000761041 1 0.041813 -0.0179689 0.127492
FixedParameters: 0 0 0

#Transform 6
Transform: AffineTransform_float_3_3
Parameters: 1 -3.76008e-05 -0.00105184 3.90019e-05 0.999999 0.00121552 0.00105105 -0.00121655 0.999999 0.0489006 -0.0347133 0.146889
FixedParameters: 0 0 0

#Transform 7
Transform: AffineTransform_float_3_3
Parameters: 1 -4.22683e-05 -0.000682667 4.28494e-05 1 0.000425572 0.000682631 -0.000425631 0.999999 0.049872 -0.0210066 0.0985616
FixedParameters: 0 0 0

#Transform 8
Transform: AffineTransform_float_3_3
Parameters: 1 -3.17773e-05 -0.00065225 3.2894e-05 0.999999 0.000858904 0.000652178 -0.000858533 1 0.0559771 -0.0142295 0.111736
FixedParameters: 0 0 0

#Transform 9
Transform: AffineTransform_float_3_3
Parameters: 1 -0.000414793 -0.000504265 0.000414842 0.999999 0.00114283 0.00050354 -0.00114323 0.999999 0.0694557 -0.045138 0.141363
FixedParameters: 0 0 0

#Transform 10
Transform: AffineTransform_float_3_3
Parameters: 0.999999 -0.000504012 -0.00094732 0.000505147 0.999999 0.00177652 0.000945908 -0.00177653 0.999998 0.0806575 -0.00732603 0.130745
FixedParameters: 0 0 0

#Transform 11
Transform: AffineTransform_float_3_3
Parameters: 1 -0.000499263 -0.000164231 0.00049983 0.999999 0.00149824 0.000163722 -0.00149834 0.999999 0.0679247 -0.0279102 0.160867
FixedParameters: 0 0 0

#Transform 12
Transform: AffineTransform_float_3_3
Parameters: 1 -0.000803062 -0.000729301 0.000805268 0.999997 0.00198185 0.000728286 -0.00198287 0.999998 0.0774936 -0.0371749 0.210848
FixedParameters: 0 0 0

#Transform 13
Transform: AffineTransform_float_3_3
Parameters: 0.999999 -0.00094295 -0.00106086 0.000945708 0.999998 0.00215356 0.00105912 -0.00215448 0.999997 0.0801349 -0.0110137 0.209802
FixedParameters: 0 0 0

#Transform 14
Transform: AffineTransform_float_3_3
Parameters: 1 -0.000439261 -0.00110088 0.000441087 0.999999 0.00117317 0.00110103 -0.00117405 0.999998 0.0436162 -0.00508562 0.202428
FixedParameters: 0 0 0

#Transform 15
Transform: AffineTransform_float_3_3
Parameters: 0.999999 -0.000675126 -0.000352907 0.000677156 0.999994 0.00343982 0.000350279 -0.00344016 0.999994 0.0357712 -0.0464988 0.328364
FixedParameters: 0 0 0

#Transform 16
Transform: AffineTransform_float_3_3
Parameters: 0.999999 -0.000732998 -0.000414827 0.000732317 0.999998 -0.00157055 0.000415954 0.00156986 0.999998 0.0572417 0.00968881 0.145395
FixedParameters: 0 0 0

#Transform 17
Transform: AffineTransform_float_3_3
Parameters: 1 -0.00109227 -9.92372e-05 0.0010926 0.999999 -0.00147127 0.000101294 0.00147056 0.999999 0.0554474 -0.00432813 0.0642477
FixedParameters: 0 0 0

#Transform 18
Transform: AffineTransform_float_3_3
Parameters: 1 -0.000555051 -0.000779044 0.000554106 0.999999 -0.00121337 0.000780115 0.0012134 0.999999 0.0381699 -0.00725175 0.0475229
FixedParameters: 0 0 0

#Transform 19
Transform: AffineTransform_float_3_3
Parameters: 0.999999 -7.60932e-05 -0.000753128 7.52462e-05 0.999999 -0.00180758 0.000753981 0.00180749 0.999998 0.0188634 -0.0332009 0.0456863
FixedParameters: 0 0 0

#Transform 20
Transform: AffineTransform_float_3_3
Parameters: 1 0.000251132 -0.000459087 -0.000251207 1 -0.000990615 0.000458392 0.000990826 1 -0.00620244 -0.00741857 0.00375566
FixedParameters: 0 0 0

#Transform 21
Transform: AffineTransform_float_3_3
Parameters: 0.999996 0.00264418 0.000103527 -0.00264581 0.999929 0.0116112 -7.31586e-05 -0.011611 0.999933 -0.112205 0.0703304 0.583201
FixedParameters: 0 0 0

#Transform 22
Transform: AffineTransform_float_3_3
Parameters: 0.999998 0.00183085 0.00126629 -0.00184131 0.999959 0.00886113 -0.00125042 -0.00886341 0.99996 -0.0824849 0.0652547 0.199567
FixedParameters: 0 0 0

#Transform 23
Transform: AffineTransform_float_3_3
Parameters: 0.99999 0.00307638 0.00330376 -0.00312554 0.999884 0.0149266 -0.00325696 -0.0149367 0.999883 -0.131104 -0.0113367 0.102415
FixedParameters: 0 0 0

#Transform 24
Transform: AffineTransform_float_3_3
Parameters: 0.999998 0.00202928 0.000539667 -0.0020344 0.999942 0.0105967 -0.000518443 -0.0105977 0.999944 -0.0496346 0.0259695 0.136816
FixedParameters: 0 0 0

#Transform 25
Transform: AffineTransform_float_3_3
Parameters: 1 0.00114953 0.00065175 -0.00115559 0.999952 0.00980131 -0.000639688 -0.00980135 0.999952 -0.0099751 0.0057683 0.143472
FixedParameters: 0 0 0

#Transform 26
Transform: AffineTransform_float_3_3
Parameters: 0.999999 0.00109318 0.00041692 -0.0010964 0.999962 0.00868473 -0.00040769 -0.00868453 0.999962 -0.00134487 -0.0244712 0.03811
FixedParameters: 0 0 0

#Transform 27
Transform: AffineTransform_float_3_3
Parameters: 0.999999 0.00049511 0.00120761 -0.000504799 0.999966 0.0082201 -0.00120317 -0.00822082 0.999966 0.00866464 -0.0802729 0.110523
FixedParameters: 0 0 0

#Transform 28
Transform: AffineTransform_float_3_3
Parameters: 0.999999 0.000175025 0.00161212 -0.000186547 0.999976 0.00699012 -0.00161034 -0.00699002 0.999974 0.00979679 -0.076847 0.145285
FixedParameters: 0 0 0

#Transform 29
Transform: AffineTransform_float_3_3
Parameters: 0.999998 0.000241243 0.00194843 -0.00025304 0.99998 0.00630967 -0.00194637 -0.00630956 0.999978 -0.00032603 -0.0741236 0.143756
FixedParameters: 0 0 0

#Transform 30
Transform: AffineTransform_float_3_3
Parameters: 0.999997 -0.000161411 0.00233241 0.000146197 0.99998 0.00633449 -0.00233358 -0.00633399 0.999978 -0.00490656 -0.0401689 0.162275
FixedParameters: 0 0 0

#Transform 31
Transform: AffineTransform_float_3_3
Parameters: 0.999997 0.00122102 0.00236745 -0.00124804 0.999936 0.0112104 -0.0023537 -0.0112135 0.999934 -0.0908813 0.0161072 0.173025
FixedParameters: 0 0 0

#Transform 32
Transform: AffineTransform_float_3_3
Parameters: 0.999981 0.00290723 0.00538896 -0.00298981 0.999877 0.0153738 -0.0053433 -0.0153895 0.999868 -0.177295 -0.0785007 0.338354
FixedParameters: 0 0 0

#Transform 33
Transform: AffineTransform_float_3_3
Parameters: 0.999997 0.000350812 0.0021483 -0.000363758 0.999982 0.00600382 -0.00214606 -0.00600435 0.999979 0.0397345 -0.193542 0.241426
FixedParameters: 0 0 0

#Transform 34
Transform: AffineTransform_float_3_3
Parameters: 0.999996 -0.000114486 0.002691 0.000105243 0.999994 0.00358958 -0.00269088 -0.00358916 0.99999 0.0433817 -0.155164 0.136149
FixedParameters: 0 0 0

#Transform 35
Transform: AffineTransform_float_3_3
Parameters: 0.999998 0.000349039 0.00199171 -0.00035577 0.999994 0.00353146 -0.00199089 -0.0035322 0.999991 0.0522682 -0.168166 0.0358307
FixedParameters: 0 0 0

#Transform 36
Transform: AffineTransform_float_3_3
Parameters: 0.999997 -0.00071204 0.00250105 0.000707379 0.999998 0.00202263 -0.00250287 -0.00202095 0.999995 0.0332893 -0.0866869 -0.0709551
FixedParameters: 0 0 0

#Transform 37
Transform: AffineTransform_float_3_3
Parameters: 0.999993 -0.00111803 0.00355074 0.00111131 0.999998 0.00167704 -0.00355206 -0.00167372 0.999993 0.0492839 -0.179882 -0.071562
FixedParameters: 0 0 0

#Transform 38
Transform: AffineTransform_float_3_3
Parameters: 0.999993 -0.00109606 0.00367215 0.001093 0.999999 0.000838393 -0.00367318 -0.000834134 0.999993 0.045033 -0.118403 -0.086249
FixedParameters: 0 0 0

#Transform 39
Transform: AffineTransform_float_3_3
Parameters: 0.999993 -0.000915856 0.00354897 0.000914552 0.999999 0.000449439 -0.00354982 -0.00044586 0.999993 0.0360717 -0.104489 -0.0769841
FixedParameters: 0 0 0

#Transform 40
Transform: AffineTransform_float_3_3
Parameters: 0.999991 -0.00195969 0.00386909 0.00195751 0.999998 0.000693324 -0.00387076 -0.000685497 0.999992 0.0682718 -0.100184 -0.039905
FixedParameters: 0 0 0

#Transform 41
Transform: AffineTransform_float_3_3
Parameters: 0.999993 -0.00159301 0.00326391 0.00158646 0.999997 0.00181192 -0.00326623 -0.0018069 0.999993 0.0582226 -0.0173847 -0.0553357
FixedParameters: 0 0 0

#Transform 42
Transform: AffineTransform_float_3_3
Parameters: 0.999997 -0.000439374 0.00235727 0.000440835 1 -0.000699567 -0.00235714 0.000700624 0.999997 0.029096 -0.00692391 -0.0484406
FixedParameters: 0 0 0

#Transform 43
Transform: AffineTransform_float_3_3
Parameters: 0.999995 -0.000588698 0.00320798 0.000580624 0.999997 0.00233743 -0.00320889 -0.00233559 0.999992 0.0227862 -0.123131 0.0173219
FixedParameters: 0 0 0

#Transform 44
Transform: AffineTransform_float_3_3
Parameters: 0.999993 -0.00121515 0.00346972 0.00120786 0.999998 0.00208694 -0.00347183 -0.00208261 0.999992 0.0293069 -0.076222 0.0316326
FixedParameters: 0 0 0

#Transform 45
Transform: AffineTransform_float_3_3
Parameters: 0.999993 -0.0011731 0.0036429 0.00116165 0.999995 0.00310161 -0.00364701 -0.00309769 0.999988 0.0258956 -0.0704504 0.0726594
FixedParameters: 0 0 0

#Transform 46
Transform: AffineTransform_float_3_3
Parameters: 0.999992 -0.0016114 0.00358064 0.00160207 0.999995 0.0027583 -0.00358509 -0.00275261 0.99999 0.0488287 -0.111186 0.061945
FixedParameters: 0 0 0

#Transform 47
Transform: AffineTransform_float_3_3
Parameters: 0.999992 -0.00162679 0.00353076 0.00161949 0.999996 0.00222532 -0.00353413 -0.00222012 0.999991 0.0407248 -0.0605015 0.0551452
FixedParameters: 0 0 0

#Transform 48
Transform: AffineTransform_float_3_3
Parameters: 0.999992 -0.00157278 0.00377957 0.00156428 0.999996 0.00238324 -0.00378343 -0.00237725 0.99999 0.034072 -0.117315 0.0375718
FixedParameters: 0 0 0

#Transform 49
Transform: AffineTransform_float_3_3
Parameters: 0.999993 -0.0014854 0.00347773 0.00147826 0.999997 0.00208384 -0.00348091 -0.00207851 0.999992 0.0100222 -0.0902708 0.0336461
FixedParameters: 0 0 0

#Transform 50
Transform: AffineTransform_float_3_3
Parameters: 0.999993 -0.00139768 0.00339566 0.00139108 0.999998 0.00189174 -0.00339771 -0.00188765 0.999992 0.00564287 -0.0450731 0.0204936
FixedParameters: 0 0 0

#Transform 51
Transform: AffineTransform_float_3_3
Parameters: 0.999994 -0.00169151 0.0029635 0.00168723 0.999997 0.00174944 -0.00296621 -0.0017443 0.999994 0.0353342 -0.0841852 0.0265737
FixedParameters: 0 0 0

#Transform 52
Transform: AffineTransform_float_3_3
Parameters: 0.999993 -0.00174219 0.00319331 0.00173696 0.999997 0.00161292 -0.00319644 -0.00160764 0.999994 0.0380978 -0.0739436 0.0219466
FixedParameters: 0 0 0

#Transform 53
Transform: AffineTransform_float_3_3
Parameters: 0.999994 -0.00156191 0.0031645 0.00155682 0.999997 0.00147332 -0.00316643 -0.00146885 0.999994 0.0325992 -0.0394442 0.0199581
FixedParameters: 0 0 0

#Transform 54
Transform: AffineTransform_float_3_3
Parameters: 0.99998 -0.00247067 0.00593881 0.00245482 0.999994 0.00256139 -0.00594491 -0.00254671 0.999979 0.103785 -0.0423342 0.0316079
FixedParameters: 0 0 0

#Transform 55
Transform: AffineTransform_float_3_3
Parameters: 0.999978 -0.00309388 0.00575881 0.00307907 0.999992 0.0026431 -0.00576662 -0.00262547 0.99998 0.0994155 -0.0393095 0.0542386
FixedParameters: 0 0 0

#Transform 56
Transform: AffineTransform_float_3_3
Parameters: 0.99998 -0.0035247 0.00527167 0.00351365 0.999991 0.00220039 -0.00527995 -0.00218201 0.999984 0.109685 -0.0284876 0.0484089
FixedParameters: 0 0 0

#Transform 57
Transform: AffineTransform_float_3_3
Parameters: 0.999982 -0.00306779 0.00507994 0.00305463 0.999993 0.00245692 -0.00508797 -0.0024414 0.999984 0.103135 -0.0106604 0.0229432
FixedParameters: 0 0 0

#Transform 58
Transform: AffineTransform_float_3_3
Parameters: 0.999977 -0.0033999 0.00583389 0.00338227 0.99999 0.00297307 -0.00584366 -0.00295353 0.999979 0.122766 -0.0618805 0.0432913
FixedParameters: 0 0 0

#Transform 59
Transform: AffineTransform_float_3_3
Parameters: 0.999979 -0.00318212 0.00552041 0.00316686 0.999991 0.00278232 -0.00552961 -0.00276469 0.999981 0.117079 -0.0755715 0.0148707
FixedParameters: 0 0 0

#Transform 60
Transform: AffineTransform_float_3_3
Parameters: 0.999974 -0.00325214 0.00653183 0.00323546 0.999992 0.00251911 -0.00654041 -0.00249843 0.999975 0.172288 -0.0478223 -0.0133777
FixedParameters: 0 0 0

#Transform 61
Transform: AffineTransform_float_3_3
Parameters: 0.999978 -0.00344362 0.00565139 0.00343517 0.999993 0.00155623 -0.00565619 -0.00153625 0.999983 0.150888 -0.0225086 -0.00547439
FixedParameters: 0 0 0

#Transform 62
Transform: AffineTransform_float_3_3
Parameters: 0.999978 -0.00306235 0.005832 0.00304951 0.999993 0.00216809 -0.00583808 -0.00215044 0.999981 0.123366 -0.0458433 0.0249768
FixedParameters: 0 0 0

#Transform 63
Transform: AffineTransform_float_3_3
Parameters: 0.999974 -0.00395701 0.00594047 0.00390119 0.99995 0.00926972 -0.00597654 -0.00924641 0.999939 0.180759 -0.0662615 0.437646
FixedParameters: 0 0 0

#Transform 64
Transform: AffineTransform_float_3_3
Parameters: 0.999982 -0.00387405 0.0045748 0.0038378 0.999961 0.00791151 -0.00460581 -0.00789341 0.999959 0.119068 -0.018609 0.391967
FixedParameters: 0 0 0

#Transform 65
Transform: AffineTransform_float_3_3
Parameters: 0.999983 -0.00359408 0.00470997 0.00355981 0.999967 0.00727121 -0.00473557 -0.00725412 0.999963 0.09779 -0.04743 0.324062
FixedParameters: 0 0 0

#Transform 66
Transform: AffineTransform_float_3_3
Parameters: 0.999982 -0.00417872 0.00449625 0.0041367 0.999948 0.00928974 -0.00453455 -0.00927067 0.999947 0.118984 -0.0543659 0.440235
FixedParameters: 0 0 0

#Transform 67
Transform: AffineTransform_float_3_3
Parameters: 0.999983 -0.00376478 0.00445571 0.0037381 0.999974 0.00605014 -0.00447819 -0.00603383 0.999971 0.111613 -0.0551768 0.298161
FixedParameters: 0 0 0

#Transform 68
Transform: AffineTransform_float_3_3
Parameters: 0.999982 -0.00424334 0.00425206 0.00421658 0.999972 0.00616257 -0.00427784 -0.00614471 0.999972 0.134124 -0.0437187 0.279523
FixedParameters: 0 0 0

#Transform 69
Transform: AffineTransform_float_3_3
Parameters: 0.999981 -0.00429 0.00450119 0.00426288 0.999973 0.00598899 -0.00452621 -0.00596953 0.999972 0.135629 -0.0364187 0.245455
FixedParameters: 0 0 0

#Transform 70
Transform: AffineTransform_float_3_3
Parameters: 0.999982 -0.00405131 0.00430963 0.0040277 0.999977 0.00553057 -0.00433268 -0.00551376 0.999976 0.116183 -0.043263 0.200292
FixedParameters: 0 0 0

#Transform 71
Transform: AffineTransform_float_3_3
Parameters: 0.999983 -0.0041146 0.00417848 0.00409514 0.999981 0.00447911 -0.00419636 -0.00446249 0.999981 0.135023 -0.0496908 0.167185
FixedParameters: 0 0 0

#Transform 72
Transform: AffineTransform_float_3_3
Parameters: 0.999983 -0.0041759 0.00406628 0.00415803 0.999981 0.00452303 -0.00408536 -0.00450593 0.999982 0.135154 -0.0697668 0.163883
FixedParameters: 0 0 0

#Transform 73
Transform: AffineTransform_float_3_3
Parameters: 0.999982 -0.00424576 0.00428981 0.00422854 0.999983 0.00397537 -0.00430634 -0.00395722 0.999983 0.134325 -0.0688219 0.161172
FixedParameters: 0 0 0

#Transform 74
Transform: AffineTransform_float_3_3
Parameters: 0.999983 -0.00419323 0.00401002 0.00417664 0.999983 0.00404569 -0.00402667 -0.00402808 0.999984 0.124413 -0.0894338 0.158053
FixedParameters: 0 0 0

#Transform 75
Transform: AffineTransform_float_3_3
Parameters: 0.999984 -0.00417185 0.00397593 0.00415652 0.999983 0.00404307 -0.00399259 -0.00402634 0.999983 0.122388 -0.0691238 0.1299
FixedParameters: 0 0 0

#Transform 76
Transform: AffineTransform_float_3_3
Parameters: 0.999985 -0.00371376 0.00389956 0.00369876 0.999986 0.0038544 -0.00391393 -0.00384034 0.999985 0.115637 -0.0898101 0.125579
FixedParameters: 0 0 0

#Transform 77
Transform: AffineTransform_float_3_3
Parameters: 0.999986 -0.00394948 0.00359051 0.00393865 0.999988 0.00301317 -0.00360228 -0.00299882 0.999989 0.127089 -0.0548339 0.0972177
FixedParameters: 0 0 0

#Transform 78
Transform: AffineTransform_float_3_3
Parameters: 0.999986 -0.00379495 0.00352789 0.00378269 0.999987 0.00341531 -0.00354102 -0.00340209 0.999988 0.138273 -0.0486691 0.131949
FixedParameters: 0 0 0

#Transform 79
Transform: AffineTransform_float_3_3
Parameters: 0.999987 -0.00389476 0.00353373 0.00388214 0.999986 0.00362502 -0.0035484 -0.003611 0.999987 0.120998 -0.0837799 0.143293
FixedParameters: 0 0 0

#Transform 80
Transform: AffineTransform_float_3_3
Parameters: 0.999986 -0.00379514 0.00352654 0.00378273 0.999987 0.00343421 -0.00353987 -0.00342009 0.999987 0.129092 -0.0878708 0.112463
FixedParameters: 0 0 0

#Transform 81
Transform: AffineTransform_float_3_3
Parameters: 0.999984 -0.00429103 0.0034687 0.00427087 0.999975 0.00564231 -0.00349255 -0.00562799 0.999978 0.16267 -0.0999383 0.352162
FixedParameters: 0 0 0

#Transform 82
Transform: AffineTransform_float_3_3
Parameters: 0.999981 -0.00523594 0.00328279 0.00522058 0.999975 0.00469885 -0.00330752 -0.00468233 0.999984 0.204898 -0.0419274 0.265024
FixedParameters: 0 0 0

#Transform 83
Transform: AffineTransform_float_3_3
Parameters: 0.999981 -0.00507685 0.00332862 0.00506313 0.999979 0.00403298 -0.00334871 -0.00401596 0.999986 0.19864 -0.0777139 0.222377
FixedParameters: 0 0 0

#Transform 84
Transform: AffineTransform_float_3_3
Parameters: 0.999982 -0.00504001 0.00350915 0.0050263 0.999981 0.00378958 -0.00352839 -0.00377204 0.999987 0.194807 -0.0840615 0.173127
FixedParameters: 0 0 0

#Transform 85
Transform: AffineTransform_float_3_3
Parameters: 0.99998 -0.00498372 0.00378545 0.00497085 0.999982 0.00336191 -0.00380284 -0.00334362 0.999987 0.184685 -0.0830548 0.161152
FixedParameters: 0 0 0

#Transform 86
Transform: AffineTransform_float_3_3
Parameters: 0.999981 -0.00503635 0.00353552 0.0050238 0.999981 0.00344078 -0.00355301 -0.0034227 0.999988 0.172854 -0.0568712 0.168238
FixedParameters: 0 0 0

#Transform 87
Transform: AffineTransform_float_3_3
Parameters: 0.999981 -0.00504446 0.00350791 0.00503333 0.999982 0.00306551 -0.00352346 -0.00304727 0.999989 0.171289 -0.0293253 0.169705
FixedParameters: 0 0 0

#Transform 88
Transform: AffineTransform_float_3_3
Parameters: 0.999979 -0.00513094 0.00382039 0.00511842 0.999982 0.0033148 -0.0038373 -0.00329538 0.999987 0.171872 -0.039424 0.183424
FixedParameters: 0 0 0

#Transform 89
Transform: AffineTransform_float_3_3
Parameters: 0.999979 -0.00552966 0.00338256 0.00551711 0.999979 0.00349269 -0.00340183 -0.00347338 0.999988 0.18077 -0.025635 0.168916
FixedParameters: 0 0 0

#Transform 90
Transform: AffineTransform_float_3_3
Parameters: 0.99998 -0.00559637 0.00306796 0.00558472 0.999978 0.00351653 -0.00308781 -0.00349936 0.99999 0.192363 -0.0350092 0.164991
FixedParameters: 0 0 0

#Transform 91
Transform: AffineTransform_float_3_3
Parameters: 0.999983 -0.00448222 0.00390615 0.00446577 0.999982 0.00402198 -0.00392367 -0.00400413 0.999984 0.159889 -0.0550338 0.193192
FixedParameters: 0 0 0

#Transform 92
Transform: AffineTransform_float_3_3
Parameters: 0.999982 -0.00474916 0.00364021 0.00473326 0.999979 0.00439099 -0.0036616 -0.00437385 0.999984 0.163106 -0.0116514 0.203834
FixedParameters: 0 0 0

#Transform 93
Transform: AffineTransform_float_3_3
Parameters: 0.999982 -0.00473906 0.00367896 0.00472128 0.999978 0.00474955 -0.00370186 -0.00473242 0.999982 0.162257 -0.0517525 0.243908
FixedParameters: 0 0 0

#Transform 94
Transform: AffineTransform_float_3_3
Parameters: 0.999979 -0.00519226 0.003838 0.00517522 0.999977 0.00451097 -0.00386158 -0.00449183 0.999982 0.170886 -0.0473571 0.218923
FixedParameters: 0 0 0

#Transform 95
Transform: AffineTransform_float_3_3
Parameters: 0.999978 -0.00510824 0.00422473 0.00508755 0.999974 0.0049521 -0.00424964 -0.00493012 0.999979 0.163373 -0.0638045 0.211457
FixedParameters: 0 0 0

#Transform 96
Transform: AffineTransform_float_3_3
Parameters: 0.999979 -0.00519038 0.00384242 0.0051724 0.999975 0.0046789 -0.00386585 -0.00465828 0.999981 0.174222 -0.0714899 0.178848
FixedParameters: 0 0 0

#Transform 97
Transform: AffineTransform_float_3_3
Parameters: 0.999978 -0.00509915 0.00428845 0.00508183 0.999979 0.00407722 -0.00430865 -0.00405536 0.999983 0.168513 -0.0485198 0.166988
FixedParameters: 0 0 0

#Transform 98
Transform: AffineTransform_float_3_3
Parameters: 0.999977 -0.00519037 0.00438959 0.00517283 0.999978 0.00402634 -0.00440995 -0.00400355 0.999982 0.179199 -0.0687389 0.147089
FixedParameters: 0 0 0

#Transform 99
Transform: AffineTransform_float_3_3
Parameters: 0.999973 -0.00541078 0.00494494 0.00538972 0.999977 0.0040668 -0.00496745 -0.00403973 0.99998 0.222817 -0.0716829 0.138755
FixedParameters: 0 0 0

#Transform 100
Transform: AffineTransform_float_3_3
Parameters: 0.999971 -0.00590458 0.00465414 0.00588913 0.999977 0.00348833 -0.00467439 -0.00346096 0.999983 0.219479 -0.0311219 0.130689
FixedParameters: 0 0 0

#Transform 101
Transform: AffineTransform_float_3_3
Parameters: 0.999974 -0.00548634 0.00459087 0.00547015 0.999979 0.003552 -0.00461097 -0.00352721 0.999984 0.216432 -0.0932207 0.135196
FixedParameters: 0 0 0

#Transform 102
Transform: AffineTransform_float_3_3
Parameters: 0.999976 -0.00539672 0.00449969 0.00538394 0.999981 0.00302618 -0.00451521 -0.00300107 0.999985 0.206417 -0.0628674 0.12747
FixedParameters: 0 0 0

#Transform 103
Transform: AffineTransform_float_3_3
Parameters: 0.999974 -0.00531002 0.00491177 0.0052966 0.999983 0.00279505 -0.00492707 -0.00276886 0.999984 0.195555 -0.0476124 0.141474
FixedParameters: 0 0 0

#Transform 104
Transform: AffineTransform_float_3_3
Parameters: 0.999974 -0.00531573 0.00487395 0.00529989 0.999981 0.00331266 -0.00489225 -0.00328666 0.999983 0.1927 -0.0463846 0.126029
FixedParameters: 0 0 0

#Transform 105
Transform: AffineTransform_float_3_3
Parameters: 0.999977 -0.00549979 0.00402242 0.00548918 0.999981 0.00278102 -0.0040375 -0.00275931 0.999989 0.210106 -0.0714565 0.126821
FixedParameters: 0 0 0

#Transform 106
Transform: AffineTransform_float_3_3
Parameters: 0.999975 -0.00542114 0.00469788 0.00540754 0.99998 0.00298257 -0.00471393 -0.00295698 0.999984 0.206901 -0.0527132 0.133374
FixedParameters: 0 0 0

#Transform 107
Transform: AffineTransform_float_3_3
Parameters: 0.999972 -0.00568505 0.00476938 0.00567165 0.99998 0.00278357 -0.00478538 -0.00275646 0.999985 0.215403 -0.0642768 0.0979
FixedParameters: 0 0 0

#Transform 108
Transform: AffineTransform_float_3_3
Parameters: 0.999976 -0.00541022 0.00434789 0.0054042 0.999985 0.00132429 -0.00435443 -0.00130079 0.99999 0.237847 -0.0538206 0.0492847
FixedParameters: 0 0 0

#Transform 109
Transform: AffineTransform_float_3_3
Parameters: 0.999971 -0.00598541 0.00480803 0.00597867 0.999981 0.00131465 -0.00481566 -0.00128551 0.999988 0.239889 -0.0311051 0.055276
FixedParameters: 0 0 0

#Transform 110
Transform: AffineTransform_float_3_3
Parameters: 0.99997 -0.00594124 0.00501336 0.00593505 0.999981 0.0013219 -0.00502104 -0.00129258 0.999986 0.236047 -0.0291329 0.0449546
FixedParameters: 0 0 0

#Transform 111
Transform: AffineTransform_float_3_3
Parameters: 0.999968 -0.00597261 0.00516879 0.00596652 0.999981 0.00125536 -0.00517668 -0.00122443 0.999986 0.235097 -0.0511348 0.0498603
FixedParameters: 0 0 0

#Transform 112
Transform: AffineTransform_float_3_3
Parameters: 0.99997 -0.00594276 0.00500328 0.00593543 0.999981 0.00145873 -0.00501164 -0.00142905 0.999987 0.241662 -0.0875005 0.0732216
FixedParameters: 0 0 0

#Transform 113
Transform: AffineTransform_float_3_3
Parameters: 0.999969 -0.00588309 0.0052693 0.00587251 0.999981 0.00205323 -0.00528108 -0.00202222 0.999984 0.239009 -0.0615754 0.105042
FixedParameters: 0 0 0

#Transform 114
Transform: AffineTransform_float_3_3
Parameters: 0.999967 -0.00632884 0.00511277 0.0063149 0.999976 0.00271029 -0.00513011 -0.00267791 0.999983 0.239952 0.0322327 0.155272
FixedParameters: 0 0 0

#Transform 115
Transform: AffineTransform_float_3_3
Parameters: 0.999964 -0.00603837 0.00604973 0.00601892 0.999977 0.00314801 -0.00606931 -0.00311157 0.999977 0.240992 -0.043982 0.174624
FixedParameters: 0 0 0

#Transform 116
Transform: AffineTransform_float_3_3
Parameters: 0.999968 -0.00604369 0.00524768 0.00602838 0.999978 0.0028834 -0.00526478 -0.00285235 0.999982 0.240576 -0.0404103 0.144712
FixedParameters: 0 0 0

#Transform 117
Transform: AffineTransform_float_3_3
Parameters: 0.999966 -0.00629881 0.00526435 0.00628717 0.999978 0.00218633 -0.0052774 -0.00215301 0.999984 0.245138 -0.0201553 0.122329
FixedParameters: 0 0 0

#Transform 118
Transform: AffineTransform_float_3_3
Parameters: 0.999967 -0.00616936 0.00524582 0.00615884 0.999979 0.00206469 -0.00525786 -0.00203212 0.999984 0.24344 -0.0195284 0.120016
FixedParameters: 0 0 0

#Transform 119
Transform: AffineTransform_float_3_3
Parameters: 0.999964 -0.00619046 0.00577608 0.0061797 0.999979 0.00189573 -0.00578776 -0.00186064 0.999982 0.250502 -0.0516047 0.121724
FixedParameters: 0 0 0

#Transform 120
Transform: AffineTransform_float_3_3
Parameters: 0.999966 -0.00638435 0.00529961 0.00637394 0.999977 0.00193899 -0.00531161 -0.00190483 0.999984 0.269558 -0.0170177 0.117263
FixedParameters: 0 0 0

#Transform 121
Transform: AffineTransform_float_3_3
Parameters: 0.999966 -0.00628442 0.00533303 0.00627329 0.999978 0.00210624 -0.00534594 -0.00207318 0.999984 0.268929 -0.0372193 0.031588
FixedParameters: 0 0 0

#Transform 122
Transform: AffineTransform_float_3_3
Parameters: 0.999966 -0.00641618 0.00505949 0.00641335 0.999979 0.000462656 -0.00506225 -0.000430863 0.999987 0.270662 0.0114264 0.0638463
FixedParameters: 0 0 0

#Transform 123
Transform: AffineTransform_float_3_3
Parameters: 0.999967 -0.00613424 0.00540442 0.0061305 0.999982 0.000654564 -0.00540852 -0.000621019 0.999985 0.265679 -0.0175718 0.0764262
FixedParameters: 0 0 0

#Transform 124
Transform: AffineTransform_float_3_3
Parameters: 0.999967 -0.00607372 0.00544034 0.00606866 0.999981 0.00102071 -0.00544629 -0.000987305 0.999985 0.260797 -0.0341531 0.116981
FixedParameters: 0 0 0

#Transform 125
Transform: AffineTransform_float_3_3
Parameters: 0.999967 -0.00611619 0.00542129 0.0061096 0.99998 0.00139007 -0.0054293 -0.0013567 0.999984 0.266773 -0.0463537 0.140587
FixedParameters: 0 0 0

#Transform 126
Transform: AffineTransform_float_3_3
Parameters: 0.999962 -0.00668861 0.00556043 0.00668283 0.999977 0.00118576 -0.00556776 -0.00114873 0.999984 0.262511 -0.0760727 0.105092
FixedParameters: 0 0 0

#Transform 127
Transform: AffineTransform_float_3_3
Parameters: 0.999954 -0.00639821 0.00718738 0.00635682 0.999963 0.00576521 -0.00722422 -0.00571895 0.999957 0.247099 -0.0629966 0.371076
FixedParameters: 0 0 0

#Transform 128
Transform: AffineTransform_float_3_3
Parameters: 0.999959 -0.00657401 0.00614652 0.00656371 0.999977 0.0016993 -0.00615657 -0.00165936 0.99998 0.268762 -0.0119483 0.214126
FixedParameters: 0 0 0

#Transform 129
Transform: AffineTransform_float_3_3
Parameters: 0.999954 -0.00724099 0.00633098 0.00723421 0.999973 0.00117378 -0.00633884 -0.00112796 0.99998 0.314093 -0.0423569 0.209565
FixedParameters: 0 0 0

#Transform 130
Transform: AffineTransform_float_3_3
Parameters: 0.999958 -0.00670826 0.00618573 0.00669929 0.999977 0.00156565 -0.00619539 -0.001524 0.99998 0.30225 -0.0455573 0.159286
FixedParameters: 0 0 0

#Transform 131
Transform: AffineTransform_float_3_3
Parameters: 0.999958 -0.00649545 0.00652392 0.00648574 0.999977 0.00156061 -0.00653373 -0.00151835 0.999978 0.275941 -0.0380824 0.152698
FixedParameters: 0 0 0

#Transform 132
Transform: AffineTransform_float_3_3
Parameters: 0.999958 -0.00649969 0.00646033 0.00649555 0.999979 0.000719091 -0.0064653 -0.000676977 0.999978 0.283381 -0.0265523 0.177958
FixedParameters: 0 0 0

#Transform 133
Transform: AffineTransform_float_3_3
Parameters: 0.999951 -0.00703816 0.00695057 0.00703501 0.999975 0.000477796 -0.00695298 -0.000428549 0.999975 0.314615 -0.043097 0.174138
FixedParameters: 0 0 0

#Transform 134
Transform: AffineTransform_float_3_3
Parameters: 0.999946 -0.00771715 0.0069275 0.00771312 0.99997 0.000541463 -0.00693117 -0.000488741 0.999976 0.322035 -0.0373119 0.157443
FixedParameters: 0 0 0

#Transform 135
Transform: AffineTransform_float_3_3
Parameters: 0.999955 -0.00751154 0.00582605 0.00750391 0.999971 0.00133339 -0.00583614 -0.00128966 0.999982 0.334273 -0.0661479 0.11965
FixedParameters: 0 0 0

#Transform 136
Transform: AffineTransform_float_3_3
Parameters: 0.999953 -0.00746007 0.00609648 0.00746253 0.999972 -0.000345795 -0.00609351 0.000391657 0.999982 0.332892 -0.037215 0.0153163
FixedParameters: 0 0 0

#Transform 137
Transform: AffineTransform_float_3_3
Parameters: 0.999963 -0.00646699 0.00569322 0.00647845 0.999977 -0.00204906 -0.00567972 0.0020862 0.999982 0.309147 -0.0567839 0.0348673
FixedParameters: 0 0 0

#Transform 138
Transform: AffineTransform_float_3_3
Parameters: 0.999955 -0.00728526 0.00613189 0.00729362 0.999973 -0.00129057 -0.00612224 0.00133478 0.999981 0.325694 -0.0661741 0.0716928
FixedParameters: 0 0 0

#Transform 139
Transform: AffineTransform_float_3_3
Parameters: 0.999958 -0.00704987 0.0059869 0.00705056 0.999975 -8.24012e-05 -0.00598637 0.000124392 0.999983 0.318933 -0.0596252 0.0390978
FixedParameters: 0 0 0

#Transform 140
Transform: AffineTransform_float_3_3
Parameters: 0.999949 -0.00783645 0.00642014 0.00784308 0.999969 -0.000982906 -0.00641274 0.00103275 0.999979 0.329185 -0.0480828 0.0258351
FixedParameters: 0 0 0

#Transform 141
Transform: AffineTransform_float_3_3
Parameters: 0.99995 -0.00774871 0.00634861 0.00774703 0.99997 0.000342663 -0.00635055 -0.000293908 0.999979 0.318822 -0.0257301 0.00640201
FixedParameters: 0 0 0

#Transform 142
Transform: AffineTransform_float_3_3
Parameters: 0.999949 -0.00657594 0.00772378 0.00655464 0.999975 0.00277019 -0.00774099 -0.00271901 0.999967 0.224064 -0.0652641 0.0575506
FixedParameters: 0 0 0

#Transform 143
Transform: AffineTransform_float_3_3
Parameters: 0.999961 -0.006571 0.00593859 0.00655863 0.999976 0.00211394 -0.00595265 -0.00207485 0.99998 0.219678 0.0135606 0.128836
FixedParameters: 0 0 0

#Transform 144
Transform: AffineTransform_float_3_3
Parameters: 0.999958 -0.00694443 0.00600662 0.00693037 0.999973 0.00227188 -0.0060223 -0.00223032 0.999979 0.220423 -0.0617233 0.0768961
FixedParameters: 0 0 0

#Transform 145
Transform: AffineTransform_float_3_3
Parameters: 0.999955 -0.00698423 0.0063172 0.00695305 0.999963 0.00504711 -0.00635229 -0.00500276 0.999967 0.176389 -0.0573913 0.191171
FixedParameters: 0 0 0

#Transform 146
Transform: AffineTransform_float_3_3
Parameters: 0.99996 -0.00693114 0.00556494 0.00690144 0.999961 0.00537853 -0.00560206 -0.00534003 0.99997 0.217213 -0.108965 0.357037
FixedParameters: 0 0 0

#Transform 147
Transform: AffineTransform_float_3_3
Parameters: 0.999963 -0.006307 0.00585246 0.00628966 0.999976 0.00297934 -0.00587139 -0.00294243 0.999979 0.193304 -0.0897327 0.277346
FixedParameters: 0 0 0

#Transform 148
Transform: AffineTransform_float_3_3
Parameters: 0.999965 -0.0062156 0.00562001 0.0062006 0.999977 0.00267931 -0.00563635 -0.00264462 0.999981 0.224804 -0.0661167 0.201057
FixedParameters: 0 0 0

#Transform 149
Transform: AffineTransform_float_3_3
Parameters: 0.999969 -0.00601093 0.00517561 0.00600169 0.99998 0.00173212 -0.00518562 -0.00170048 0.999985 0.212889 -0.0399031 0.0971829
FixedParameters: 0 0 0
