# transform file /out/sourcedata/freesurfer/sub-v1s17x0050234_ses-1/mri/transforms/cc_up.lta
# created by oesteban on Mon Mar  9 02:33:45 2026

type      = 0 # LINEAR_VOX_TO_VOX
nxforms   = 1
mean      = 128.0000 113.0000 119.0000
sigma     = 10000.0000
1 4 4
9.982175230979919e-01 5.015048012137413e-02 -3.234967589378357e-02 -1.875604033470154e+00 
-5.012416467070580e-02 9.987416267395020e-01 1.624396070837975e-03 4.140435791015625e+01 
3.239043429493904e-02 -1.164153079491470e-10 9.994752407073975e-01 1.387934875488281e+01 
0.000000000000000e+00 0.000000000000000e+00 0.000000000000000e+00 1.000000000000000e+00 
src volume info
valid = 1  # volume info valid
filename = /out/sourcedata/freesurfer/sub-v1s17x0050234_ses-1/mri/norm.mgz
volume = 256 256 256
voxelsize = 1.000000000000000e+00 1.000000000000000e+00 1.000000000000000e+00
xras   = -1.000000000000000e+00 1.316948328167200e-09 -4.656612873077393e-10
yras   = 0.000000000000000e+00 9.313225746154785e-10 -9.999999403953552e-01
zras   = -5.042238626629114e-09 1.000000000000000e+00 0.000000000000000e+00
cras   = 2.078559875488281e+00 -3.761154174804688e+00 -1.796028137207031e+01
dst volume info
valid = 1  # volume info valid
filename = /out/sourcedata/freesurfer/sub-v1s17x0050234_ses-1/mri/norm.mgz
volume = 256 256 256
voxelsize = 1.000000000000000e+00 1.000000000000000e+00 1.000000000000000e+00
xras   = -1.000000000000000e+00 1.316948328167200e-09 -4.656612873077393e-10
yras   = 0.000000000000000e+00 9.313225746154785e-10 -9.999999403953552e-01
zras   = -5.042238626629114e-09 1.000000000000000e+00 0.000000000000000e+00
cras   = 2.078559875488281e+00 -3.761154174804688e+00 -1.796028137207031e+01
