type      = 1 # LINEAR_RAS_TO_RAS
nxforms   = 1
mean      = 0.0000 0.0000 0.0000
sigma     = 1.0000
1 4 4
1.021002054214478e+00 4.340000078082085e-02 2.627200074493885e-02 -3.425600007176399e-02 
-1.967499963939190e-02 1.071174025535583e+00 3.214440047740936e-01 -3.380050063133240e-01 
-2.279499918222427e-02 -3.780049979686737e-01 1.033674001693726e+00 -4.531478881835938e+00 
0.000000000000000e+00 0.000000000000000e+00 0.000000000000000e+00 1.000000000000000e+00 
src volume info
valid = 1  # volume info valid
filename = /out/sourcedata/freesurfer/sub-v1s17x0050234_ses-1/mri/orig_nu.mgz
volume = 256 256 256
voxelsize = 1.000000000000000e+00 1.000000000000000e+00 1.000000000000000e+00
xras   = -1.000000000000000e+00 1.316948328167200e-09 -4.656612873077393e-10
yras   = 0.000000000000000e+00 9.313225746154785e-10 -9.999999403953552e-01
zras   = -5.042238626629114e-09 1.000000000000000e+00 0.000000000000000e+00
cras   = 2.078559875488281e+00 -3.761154174804688e+00 -1.796028137207031e+01
dst volume info
valid = 1  # volume info valid
filename = /opt/freesurfer/average/mni305.cor.mgz
volume = 256 256 256
voxelsize = 1.000000000000000e+00 1.000000000000000e+00 1.000000000000000e+00
xras   = -1.000000000000000e+00 0.000000000000000e+00 0.000000000000000e+00
yras   = 0.000000000000000e+00 0.000000000000000e+00 -1.000000000000000e+00
zras   = 0.000000000000000e+00 1.000000000000000e+00 0.000000000000000e+00
cras   = 0.000000000000000e+00 0.000000000000000e+00 0.000000000000000e+00
subject fsaverage
fscale 0.100000
