# transform file transforms/talairach.lta
# created by oesteban on Mon Mar  9 01:14:12 2026

type      = 0 # LINEAR_VOX_TO_VOX
nxforms   = 1
mean      = 127.0000 112.0000 119.0000
sigma     = 10000.0000
1 4 4
9.342438578605652e-01 5.995033681392670e-02 -8.815883845090866e-02 8.831938743591309e+00 
-4.088023677468300e-02 1.059367895126343e+00 1.877470761537552e-01 -9.154785156250000e+00 
8.960439264774323e-02 -1.479389667510986e-01 9.481343030929565e-01 3.080425739288330e+00 
0.000000000000000e+00 0.000000000000000e+00 0.000000000000000e+00 1.000000000000000e+00 
src volume info
valid = 1  # volume info valid
filename = nu.mgz
volume = 256 256 256
voxelsize = 1.000000000000000e+00 1.000000000000000e+00 1.000000000000000e+00
xras   = -1.000000000000000e+00 1.316948328167200e-09 -4.656612873077393e-10
yras   = 0.000000000000000e+00 9.313225746154785e-10 -9.999999403953552e-01
zras   = -5.042238626629114e-09 1.000000000000000e+00 0.000000000000000e+00
cras   = 2.078559875488281e+00 -3.761154174804688e+00 -1.796028137207031e+01
dst volume info
valid = 1  # volume info valid
filename = /opt/freesurfer/average/RB_all_2020-01-02.gca
volume = 256 256 256
voxelsize = 1.000000000000000e+00 1.000000000000000e+00 1.000000000000000e+00
xras   = -1.000000000000000e+00 0.000000000000000e+00 0.000000000000000e+00
yras   = 0.000000000000000e+00 0.000000000000000e+00 -1.000000000000000e+00
zras   = 0.000000000000000e+00 1.000000000000000e+00 0.000000000000000e+00
cras   = 0.000000000000000e+00 0.000000000000000e+00 0.000000000000000e+00
