# transform file /out/sourcedata/freesurfer/sub-v1s17x0050235_ses-1/mri/transforms/cc_up.lta
# created by oesteban on Mon Mar  9 02:23:18 2026

type      = 0 # LINEAR_VOX_TO_VOX
nxforms   = 1
mean      = 129.0000 113.0000 112.0000
sigma     = 10000.0000
1 4 4
9.999669194221497e-01 5.070402752608061e-03 -6.372851785272360e-03 -7.662906050682068e-01 
-5.070299841463566e-03 9.999871850013733e-01 3.231333539588377e-05 3.564664840698242e+01 
6.372933741658926e-03 3.637979240772582e-12 9.999797344207764e-01 1.718649482727051e+01 
0.000000000000000e+00 0.000000000000000e+00 0.000000000000000e+00 1.000000000000000e+00 
src volume info
valid = 1  # volume info valid
filename = /out/sourcedata/freesurfer/sub-v1s17x0050235_ses-1/mri/norm.mgz
volume = 256 256 256
voxelsize = 1.000000000000000e+00 1.000000000000000e+00 1.000000000000000e+00
xras   = -1.000000000000000e+00 8.003553375601768e-11 0.000000000000000e+00
yras   = 0.000000000000000e+00 0.000000000000000e+00 -1.000000000000000e+00
zras   = -8.003553375601768e-11 1.000000000000000e+00 0.000000000000000e+00
cras   = -1.809692382812500e-02 1.515838623046875e+00 -7.343566894531250e+00
dst volume info
valid = 1  # volume info valid
filename = /out/sourcedata/freesurfer/sub-v1s17x0050235_ses-1/mri/norm.mgz
volume = 256 256 256
voxelsize = 1.000000000000000e+00 1.000000000000000e+00 1.000000000000000e+00
xras   = -1.000000000000000e+00 8.003553375601768e-11 0.000000000000000e+00
yras   = 0.000000000000000e+00 0.000000000000000e+00 -1.000000000000000e+00
zras   = -8.003553375601768e-11 1.000000000000000e+00 0.000000000000000e+00
cras   = -1.809692382812500e-02 1.515838623046875e+00 -7.343566894531250e+00
