# transform file transforms/talairach.lta
# created by oesteban on Mon Mar  9 01:14:35 2026

type      = 0 # LINEAR_VOX_TO_VOX
nxforms   = 1
mean      = 129.0000 113.0000 112.0000
sigma     = 10000.0000
1 4 4
1.017371892929077e+00 1.517329365015030e-03 -1.753333210945129e-02 -3.049461364746094e+00 
9.721928508952260e-04 1.086765766143799e+00 7.940274663269520e-03 -1.459346771240234e+00 
1.713476888835430e-02 -8.247677236795425e-03 1.035717844963074e+00 -6.225010871887207e+00 
0.000000000000000e+00 0.000000000000000e+00 0.000000000000000e+00 1.000000000000000e+00 
src volume info
valid = 1  # volume info valid
filename = nu.mgz
volume = 256 256 256
voxelsize = 1.000000000000000e+00 1.000000000000000e+00 1.000000000000000e+00
xras   = -1.000000000000000e+00 8.003553375601768e-11 0.000000000000000e+00
yras   = 0.000000000000000e+00 0.000000000000000e+00 -1.000000000000000e+00
zras   = -8.003553375601768e-11 1.000000000000000e+00 0.000000000000000e+00
cras   = -1.809692382812500e-02 1.515838623046875e+00 -7.343566894531250e+00
dst volume info
valid = 1  # volume info valid
filename = /opt/freesurfer/average/RB_all_2020-01-02.gca
volume = 256 256 256
voxelsize = 1.000000000000000e+00 1.000000000000000e+00 1.000000000000000e+00
xras   = -1.000000000000000e+00 0.000000000000000e+00 0.000000000000000e+00
yras   = 0.000000000000000e+00 0.000000000000000e+00 -1.000000000000000e+00
zras   = 0.000000000000000e+00 1.000000000000000e+00 0.000000000000000e+00
cras   = 0.000000000000000e+00 0.000000000000000e+00 0.000000000000000e+00
