#Insight Transform File V1.0
#Transform 0
Transform: AffineTransform_float_3_3
Parameters: 0.999999 0.000582305 -0.000761493 -0.000582006 0.999999 0.00104296 0.000762017 -0.00104302 1 -0.00144983 -0.0705462 0.0697461
FixedParameters: 0 0 0

#Transform 1
Transform: AffineTransform_float_3_3
Parameters: 0.999999 0.000489296 -0.000706139 -0.000488764 0.999999 0.000524813 0.000705677 -0.000524187 0.999999 -0.00140768 -0.0461465 0.0266765
FixedParameters: 0 0 0

#Transform 2
Transform: AffineTransform_float_3_3
Parameters: 0.999999 0.000322801 -0.00073586 -0.000321936 0.999999 0.00147987 0.00073606 -0.00147944 0.999998 0.00275764 -0.0543123 0.0750156
FixedParameters: 0 0 0

#Transform 3
Transform: AffineTransform_float_3_3
Parameters: 0.999999 0.000532595 -0.00073608 -0.000532691 1 0.000826791 0.000736206 -0.00082605 1 -0.00343277 -0.0269697 0.0424344
FixedParameters: 0 0 0

#Transform 4
Transform: AffineTransform_float_3_3
Parameters: 0.999999 0.000531419 -0.000750962 -0.000531157 1 0.00104829 0.000751321 -0.00104753 0.999999 -0.00345291 -0.026559 0.0438054
FixedParameters: 0 0 0

#Transform 5
Transform: AffineTransform_float_3_3
Parameters: 1 0.000441025 -0.000506168 -0.000440364 0.999999 0.000630191 0.000506788 -0.000630654 1 -0.00172966 -0.0532875 0.0294757
FixedParameters: 0 0 0

#Transform 6
Transform: AffineTransform_float_3_3
Parameters: 1 0.000125247 -0.00058315 -0.000125395 1 -0.000126852 0.000583118 0.000126998 1 0.000165374 0.0398211 -0.00306799
FixedParameters: 0 0 0

#Transform 7
Transform: AffineTransform_float_3_3
Parameters: 1 0.000120325 -0.000643855 -0.000119545 0.999999 0.000771286 0.000643048 -0.000770786 1 0.0077342 -0.0673082 0.0562672
FixedParameters: 0 0 0

#Transform 8
Transform: AffineTransform_float_3_3
Parameters: 1 0.000159762 -0.000425689 -0.000159804 1 -4.98314e-05 0.000425673 4.99674e-05 1 -0.00086668 0.0200181 -0.0125001
FixedParameters: 0 0 0

#Transform 9
Transform: AffineTransform_float_3_3
Parameters: 1 0.000119665 -0.000652151 -0.000119681 0.999999 0.000894009 0.000651583 -0.000893487 1 -0.00656313 -0.0313912 0.0567315
FixedParameters: 0 0 0

#Transform 10
Transform: AffineTransform_float_3_3
Parameters: 1 0.000228668 -0.000119645 -0.000228591 1 0.000323078 0.000119792 -0.000323024 1 -0.00273856 -0.01877 0.0188792
FixedParameters: 0 0 0

#Transform 11
Transform: AffineTransform_float_3_3
Parameters: 1 0.000175525 -0.000510918 -0.000175899 0.999999 0.000558972 0.000511388 -0.000559681 1 -0.016119 0.0113396 0.0266978
FixedParameters: 0 0 0

#Transform 12
Transform: AffineTransform_float_3_3
Parameters: 0.999999 0.000579755 -0.000538106 -0.000579656 1 9.17012e-05 0.000538212 -9.10773e-05 1 -0.00993635 0.0306754 -0.00529209
FixedParameters: 0 0 0

#Transform 13
Transform: AffineTransform_float_3_3
Parameters: 1 -2.48648e-05 -0.00060639 2.56888e-05 1 0.000679428 0.000606355 -0.000679458 0.999999 0.0101642 -0.0612801 0.0383375
FixedParameters: 0 0 0

#Transform 14
Transform: AffineTransform_float_3_3
Parameters: 1 5.63058e-05 -0.000215672 -5.61355e-05 1 0.000394692 0.000215717 -0.000394667 1 0.00163898 -0.0146697 0.0237459
FixedParameters: 0 0 0

#Transform 15
Transform: AffineTransform_float_3_3
Parameters: 1 9.94474e-05 -0.000425358 -9.9871e-05 1 0.000640386 0.000425694 -0.000640281 0.999999 0.00882329 -0.104792 0.047512
FixedParameters: 0 0 0

#Transform 16
Transform: AffineTransform_float_3_3
Parameters: 1 -2.24312e-05 -0.000576381 2.27038e-05 1 0.000236453 0.00057637 -0.000236479 1 0.00926149 -0.0490467 0.0266263
FixedParameters: 0 0 0

#Transform 17
Transform: AffineTransform_float_3_3
Parameters: 1 1.59662e-05 -0.000397878 -1.57682e-05 1 0.000248795 0.000397886 -0.000248782 1 0.00556443 -0.0325525 0.0239672
FixedParameters: 0 0 0

#Transform 18
Transform: AffineTransform_float_3_3
Parameters: 1 -2.19402e-05 -0.000570366 2.21087e-05 1 0.000147659 0.00057036 -0.000147684 1 0.00709008 -0.0187976 0.00459535
FixedParameters: 0 0 0

#Transform 19
Transform: AffineTransform_float_3_3
Parameters: 1 8.41404e-05 -0.000599241 -8.38581e-05 1 0.000235619 0.00059928 -0.000235518 1 0.00724906 -0.0531793 -0.00339865
FixedParameters: 0 0 0

#Transform 20
Transform: AffineTransform_float_3_3
Parameters: 1 5.69639e-05 -0.000263178 -5.70913e-05 1 -0.000241974 0.00026315 0.000242004 1 0.00144234 0.000760475 -0.00502343
FixedParameters: 0 0 0

#Transform 21
Transform: AffineTransform_float_3_3
Parameters: 1 5.0573e-05 -0.000280287 -5.08834e-05 1 -0.000553887 0.000280231 0.000553915 1 -0.000472774 0.0361366 -0.013124
FixedParameters: 0 0 0

#Transform 22
Transform: AffineTransform_float_3_3
Parameters: 1 -0.000174602 -5.85729e-05 0.000174611 1 7.11318e-05 5.85481e-05 -7.11523e-05 1 -0.00367711 -0.0425345 0.0122595
FixedParameters: 0 0 0

#Transform 23
Transform: AffineTransform_float_3_3
Parameters: 1 0.000154413 0.000199607 -0.000155185 1 -0.000492727 -0.000199551 0.000492686 1 -0.0199863 0.0566507 -0.0308302
FixedParameters: 0 0 0

#Transform 24
Transform: AffineTransform_float_3_3
Parameters: 1 9.57028e-05 -7.49291e-05 -9.57697e-05 1 -0.000446496 7.48436e-05 0.000446511 1 -0.00938905 0.018199 -0.0174844
FixedParameters: 0 0 0

#Transform 25
Transform: AffineTransform_float_3_3
Parameters: 1 7.67847e-06 0.000195076 -7.51119e-06 1 -0.000428763 -0.000195082 0.00042876 1 -0.00523221 0.0502042 -0.0376629
FixedParameters: 0 0 0

#Transform 26
Transform: AffineTransform_float_3_3
Parameters: 1 1.28359e-05 0.000215064 -1.275e-05 1 -0.000199855 -0.000215069 0.000199849 1 -0.00319669 0.0150479 -0.0156174
FixedParameters: 0 0 0

#Transform 27
Transform: AffineTransform_float_3_3
Parameters: 1 0.000191666 0.000369804 -0.000192327 1 -0.000415865 -0.000369755 0.000415743 1 -0.0084339 0.0131278 -0.0409513
FixedParameters: 0 0 0

#Transform 28
Transform: AffineTransform_float_3_3
Parameters: 1 3.5695e-05 0.000260341 -3.56454e-05 1 -9.54223e-05 -0.000260347 9.54037e-05 1 -0.0049851 0.0249107 -0.0314671
FixedParameters: 0 0 0

#Transform 29
Transform: AffineTransform_float_3_3
Parameters: 1 2.85969e-06 0.000120591 -2.75506e-06 1 -0.000433835 -0.000120593 0.000433834 1 -0.00116103 0.00082982 -0.0572574
FixedParameters: 0 0 0

#Transform 30
Transform: AffineTransform_float_3_3
Parameters: 1 0.00015271 0.000158385 -0.00015283 1 0.000378477 -0.00015827 -0.000378525 1 -0.0041482 -0.0144798 0.00134836
FixedParameters: 0 0 0

#Transform 31
Transform: AffineTransform_float_3_3
Parameters: 1 8.29338e-05 -0.000140611 -8.30144e-05 1 -0.000286641 0.000140564 0.000286664 1 0.000546671 0.037052 -0.0451313
FixedParameters: 0 0 0

#Transform 32
Transform: AffineTransform_float_3_3
Parameters: 1 0.000108405 -3.45268e-05 -0.000108403 1 2.83978e-05 3.45329e-05 -2.83903e-05 1 -0.00460593 0.0359749 -0.0282549
FixedParameters: 0 0 0

#Transform 33
Transform: AffineTransform_float_3_3
Parameters: 1 -8.22624e-05 9.20958e-05 8.23022e-05 1 -0.000215771 -9.20603e-05 0.000215786 1 -0.00156982 0.0391036 -0.0263255
FixedParameters: 0 0 0

#Transform 34
Transform: AffineTransform_float_3_3
Parameters: 1 6.6334e-05 -0.000223209 -6.64019e-05 1 -0.00015201 0.000223189 0.00015204 1 0.000634638 0.00276705 -0.00612615
FixedParameters: 0 0 0

#Transform 35
Transform: AffineTransform_float_3_3
Parameters: 1 0.000141887 0.000130655 -0.000141832 1 -0.000211812 -0.000130715 0.000211775 1 -0.00436361 0.00229727 -0.0122682
FixedParameters: 0 0 0

#Transform 36
Transform: AffineTransform_float_3_3
Parameters: 1 0.000134109 9.45673e-05 -0.000134068 1 -0.000214297 -9.46247e-05 0.000214272 1 -0.00497453 0.0192544 -0.00835276
FixedParameters: 0 0 0

#Transform 37
Transform: AffineTransform_float_3_3
Parameters: 1 4.17965e-05 -0.00033076 -4.20048e-05 1 -0.000314801 0.000330734 0.000314829 1 0.00433908 -0.0270417 -0.0109342
FixedParameters: 0 0 0

#Transform 38
Transform: AffineTransform_float_3_3
Parameters: 1 0.000146722 0.000153088 -0.000146658 1 -0.000210267 -0.000153149 0.000210222 1 -0.00141744 -0.0448262 0.010869
FixedParameters: 0 0 0

#Transform 39
Transform: AffineTransform_float_3_3
Parameters: 1 0.000107767 -0.000388951 -0.000108036 1 -0.000346373 0.000388876 0.000346457 1 0.0043847 -0.0423568 -0.0167825
FixedParameters: 0 0 0

#Transform 40
Transform: AffineTransform_float_3_3
Parameters: 1 5.40025e-05 -0.000277035 -5.41354e-05 1 -0.000239924 0.000277009 0.000239954 1 0.00557933 -0.0551973 0.0232296
FixedParameters: 0 0 0

#Transform 41
Transform: AffineTransform_float_3_3
Parameters: 1 5.07027e-05 -0.000557995 -5.00231e-05 1 -0.000258962 0.00055776 0.000258998 1 0.00687455 -0.0374466 -0.00278757
FixedParameters: 0 0 0

#Transform 42
Transform: AffineTransform_float_3_3
Parameters: 1 4.60118e-05 -0.000314097 -4.61641e-05 1 -0.000242483 0.000314075 0.000242512 1 0.00681686 -0.062948 0.0485266
FixedParameters: 0 0 0

#Transform 43
Transform: AffineTransform_float_3_3
Parameters: 1 0.000163604 -0.000408908 -0.000164098 1 -0.000603944 0.00040871 0.000604078 0.999999 0.00351898 -0.0396711 0.0169039
FixedParameters: 0 0 0

#Transform 44
Transform: AffineTransform_float_3_3
Parameters: 1 0.000237633 -0.00031469 -0.000237529 1 0.00016464 0.000314768 -0.000164491 1 0.00134403 -0.0485469 0.0759537
FixedParameters: 0 0 0

#Transform 45
Transform: AffineTransform_float_3_3
Parameters: 1 0.000196695 -0.000309024 -0.000197118 0.999999 -0.000684182 0.000308754 0.000684304 0.999999 0.00270165 -0.055207 -0.0275941
FixedParameters: 0 0 0

#Transform 46
Transform: AffineTransform_float_3_3
Parameters: 1 0.000178498 -0.000217667 -0.000178746 1 -0.00056888 0.000217464 0.000568958 1 -0.00274784 0.0158249 -0.0373073
FixedParameters: 0 0 0

#Transform 47
Transform: AffineTransform_float_3_3
Parameters: 1 0.000139257 -0.000379715 -0.000140194 1 -0.00105617 0.000379432 0.00105628 1 0.00116023 -0.00123807 -0.0551567
FixedParameters: 0 0 0

#Transform 48
Transform: AffineTransform_float_3_3
Parameters: 1 0.00016902 -0.000264455 -0.000169284 1 -0.000499936 0.000264286 0.000500025 1 -0.00390554 0.0425375 -0.032605
FixedParameters: 0 0 0

#Transform 49
Transform: AffineTransform_float_3_3
Parameters: 1 0.000106835 -0.000553039 -0.000107395 1 -0.000506815 0.00055293 0.000506933 0.999999 0.00306245 9.80144e-05 -0.0385862
FixedParameters: 0 0 0

#Transform 50
Transform: AffineTransform_float_3_3
Parameters: 1 0.000105454 -0.000569767 -0.000105749 1 -0.000259385 0.000569712 0.000259505 1 0.00332118 -0.00130032 -0.00888953
FixedParameters: 0 0 0

#Transform 51
Transform: AffineTransform_float_3_3
Parameters: 1 2.16688e-05 -0.000536148 -2.21891e-05 1 -0.000485194 0.000536127 0.000485217 0.999999 0.0047166 0.00328743 -0.0212767
FixedParameters: 0 0 0

#Transform 52
Transform: AffineTransform_float_3_3
Parameters: 1 0.000599984 -0.000240316 -0.000599888 1 -0.000233961 0.00024101 0.000234315 1 -0.00891066 -0.0283388 0.00877777
FixedParameters: 0 0 0

#Transform 53
Transform: AffineTransform_float_3_3
Parameters: 1 0.000247802 -0.000559268 -0.000249248 1 -0.00117281 0.000558697 0.00117309 0.999999 -0.00730213 0.0288166 -0.0429006
FixedParameters: 0 0 0

#Transform 54
Transform: AffineTransform_float_3_3
Parameters: 1 0.000314378 -9.42828e-05 -0.000314443 1 -0.000344207 9.40663e-05 0.000344266 1 0.00195902 -0.0675815 -0.00344492
FixedParameters: 0 0 0

#Transform 55
Transform: AffineTransform_float_3_3
Parameters: 1 0.000241988 -0.000169897 -0.000242222 0.999999 -0.000687532 0.000169564 0.000687614 0.999999 -0.0113736 0.0455396 -0.00125089
FixedParameters: 0 0 0

#Transform 56
Transform: AffineTransform_float_3_3
Parameters: 1 0.000159811 -0.000550243 -0.000160573 0.999999 -0.000713701 0.000550078 0.000712968 0.999999 0.00121403 0.0124778 -0.0342845
FixedParameters: 0 0 0

#Transform 57
Transform: AffineTransform_float_3_3
Parameters: 1 0.000157961 -0.000572483 -0.000158401 1 -0.000384503 0.000572361 0.000384684 1 0.00157954 0.00661094 -0.0398768
FixedParameters: 0 0 0

#Transform 58
Transform: AffineTransform_float_3_3
Parameters: 1 6.25389e-05 -0.000348602 -6.25672e-05 1 -0.001237 0.00034825 0.00123702 0.999999 0.0114328 0.0173777 -0.0589439
FixedParameters: 0 0 0

#Transform 59
Transform: AffineTransform_float_3_3
Parameters: 1 4.36144e-05 -0.00012758 -4.3693e-05 1 -0.000308056 0.000127553 0.000308067 1 0.00321789 -0.0394635 0.000731705
FixedParameters: 0 0 0

#Transform 60
Transform: AffineTransform_float_3_3
Parameters: 1 0.000162156 -0.000521255 -0.000163482 1 -0.00114276 0.000520895 0.00114293 0.999999 0.000332508 0.0235125 -0.0589366
FixedParameters: 0 0 0

#Transform 61
Transform: AffineTransform_float_3_3
Parameters: 1 0.000159811 -0.000550243 -0.000160573 0.999999 -0.000713701 0.000550078 0.000712968 0.999999 0.000657177 0.0194948 -0.0492885
FixedParameters: 0 0 0

#Transform 62
Transform: AffineTransform_float_3_3
Parameters: 1 0.000236057 -0.000566674 -0.000236844 0.999999 -0.000714298 0.0005664 0.000713656 0.999999 0.000660878 -0.00359974 -0.0443635
FixedParameters: 0 0 0

#Transform 63
Transform: AffineTransform_float_3_3
Parameters: 1 0.000162068 -0.000522403 -0.000163356 0.999999 -0.00112575 0.000522113 0.00112501 1 0.00308479 -0.0143354 -0.0235455
FixedParameters: 0 0 0

#Transform 64
Transform: AffineTransform_float_3_3
Parameters: 1 0.000183944 -0.000458963 -0.000184135 1 -0.000208278 0.000458886 0.000208447 1 0.0153794 -0.0525408 0.0191855
FixedParameters: 0 0 0

#Transform 65
Transform: AffineTransform_float_3_3
Parameters: 0.999999 0.000543976 -0.00063303 -0.000544861 0.999999 -0.000716682 0.000632314 0.000716461 0.999999 0.00552913 0.0298638 0.013148
FixedParameters: 0 0 0

#Transform 66
Transform: AffineTransform_float_3_3
Parameters: 0.999999 0.000605814 -0.000691866 -0.000605885 1 -5.07429e-05 0.000691804 5.15812e-05 1 0.0195486 -0.114178 0.110665
FixedParameters: 0 0 0

#Transform 67
Transform: AffineTransform_float_3_3
Parameters: 0.999999 0.000666488 -0.00065453 -0.000667653 1 -0.000789703 0.000653504 0.000790166 0.999999 0.0248843 -0.0544653 0.0871428
FixedParameters: 0 0 0

#Transform 68
Transform: AffineTransform_float_3_3
Parameters: 0.999999 0.000613596 -0.000657367 -0.00061436 0.999999 -0.000580576 0.000656653 0.000581383 0.999999 0.0191303 -0.0698942 0.098475
FixedParameters: 0 0 0

#Transform 69
Transform: AffineTransform_float_3_3
Parameters: 0.999999 0.000656179 -0.000671984 -0.00065683 0.999999 -0.000501041 0.00067139 0.000501014 1 0.0103085 -0.0781602 0.0523003
FixedParameters: 0 0 0

#Transform 70
Transform: AffineTransform_float_3_3
Parameters: 0.999999 0.000533367 -0.00070066 -0.00053405 0.999999 -0.000503805 0.000700186 0.000503644 0.999999 0.0177772 -0.0460822 0.0549717
FixedParameters: 0 0 0

#Transform 71
Transform: AffineTransform_float_3_3
Parameters: 0.999999 0.000632053 -0.000662841 -0.000631803 0.999999 -0.00055873 0.000661989 0.000558638 0.999999 0.00815672 -0.0588296 -0.00581019
FixedParameters: 0 0 0

#Transform 72
Transform: AffineTransform_float_3_3
Parameters: 0.999999 0.000522352 -0.000604908 -0.000522777 0.999999 -0.00105973 0.000603668 0.00105943 1 0.00755122 -0.0436334 0.0434629
FixedParameters: 0 0 0

#Transform 73
Transform: AffineTransform_float_3_3
Parameters: 0.999999 0.000751892 -0.000620455 -0.000753753 0.999998 -0.00156037 0.000619092 0.00156137 0.999998 -0.00653173 0.0198082 0.00238439
FixedParameters: 0 0 0

#Transform 74
Transform: AffineTransform_float_3_3
Parameters: 0.999999 0.00067787 -0.000619152 -0.000677684 1 -0.000713051 0.000619045 0.000712616 0.999999 0.00107269 -0.0414431 0.0451297
FixedParameters: 0 0 0

#Transform 75
Transform: AffineTransform_float_3_3
Parameters: 0.999999 0.000792681 -0.000960281 -0.000793807 1 -0.000599788 0.000959409 0.00059999 0.999999 -0.0101456 0.0155192 0.0217175
FixedParameters: 0 0 0

#Transform 76
Transform: AffineTransform_float_3_3
Parameters: 1 0.000819293 -0.000842812 -0.000819997 0.999999 -0.00112975 0.00084179 0.00113027 0.999999 -0.0102076 -0.00387317 0.0155036
FixedParameters: 0 0 0

#Transform 77
Transform: AffineTransform_float_3_3
Parameters: 0.999999 0.000797465 -0.000942496 -0.000798457 0.999999 -0.00116263 0.000941471 0.00116327 0.999999 -0.00471797 -0.0635283 0.0272433
FixedParameters: 0 0 0

#Transform 78
Transform: AffineTransform_float_3_3
Parameters: 1 0.00088056 -0.000576607 -0.000880373 1 -0.000700814 0.000575245 0.000700488 0.999999 -0.0122801 -0.0323489 0.0747333
FixedParameters: 0 0 0

#Transform 79
Transform: AffineTransform_float_3_3
Parameters: 1 0.000883338 -0.000543545 -0.000883437 0.999999 -0.0011955 0.000542263 0.00119559 0.999999 -0.0182039 0.0476183 -0.0316287
FixedParameters: 0 0 0

#Transform 80
Transform: AffineTransform_float_3_3
Parameters: 1 0.000883668 -0.000539542 -0.000883844 0.999999 -0.0012554 0.000538089 0.0012564 0.999999 -0.0191918 -0.00586633 0.0184949
FixedParameters: 0 0 0

#Transform 81
Transform: AffineTransform_float_3_3
Parameters: 1 0.000857623 -0.000658596 -0.000858145 0.999999 -0.0012916 0.000657145 0.00129277 0.999999 -0.0163233 -0.0176345 0.0198531
FixedParameters: 0 0 0

#Transform 82
Transform: AffineTransform_float_3_3
Parameters: 0.999999 0.000703238 -0.000518605 -0.000704398 1 -0.000989612 0.000517224 0.000990342 1 -0.0142061 0.0499709 0.0707798
FixedParameters: 0 0 0

#Transform 83
Transform: AffineTransform_float_3_3
Parameters: 1 0.000480441 -0.000422502 -0.000481924 0.999999 -0.00168945 0.000421892 0.00168951 0.999998 -0.00869891 0.0283391 -0.0236407
FixedParameters: 0 0 0

#Transform 84
Transform: AffineTransform_float_3_3
Parameters: 1 0.000885494 -0.000517396 -0.000886065 0.999999 -0.00158682 0.000515444 0.00158646 0.999998 -0.016175 0.0235743 0.0446503
FixedParameters: 0 0 0

#Transform 85
Transform: AffineTransform_float_3_3
Parameters: 1 0.000885415 -0.000518329 -0.000885974 0.999999 -0.00157285 0.000516402 0.00157249 0.999999 -0.0101552 0.0325609 0.00934704
FixedParameters: 0 0 0

#Transform 86
Transform: AffineTransform_float_3_3
Parameters: 1 0.000448275 -0.000438369 -0.000448628 0.999999 -0.00135577 0.000436956 0.00135614 0.999999 -0.0045233 -0.021463 0.0251447
FixedParameters: 0 0 0

#Transform 87
Transform: AffineTransform_float_3_3
Parameters: 1 0.000888907 -0.000476924 -0.000889851 0.999997 -0.00219246 0.000474871 0.00219209 0.999997 -0.0150521 0.0049702 0.0232581
FixedParameters: 0 0 0

#Transform 88
Transform: AffineTransform_float_3_3
Parameters: 1 0.000466694 -0.000421098 -0.000467239 0.999998 -0.00166615 0.00041941 0.00166561 0.999998 -0.0130517 0.00158722 0.0588263
FixedParameters: 0 0 0

#Transform 89
Transform: AffineTransform_float_3_3
Parameters: 1 0.000885956 -0.000511995 -0.000886592 0.999998 -0.00166764 0.000509899 0.00166727 0.999998 -0.0207957 0.0234123 0.0261993
FixedParameters: 0 0 0

#Transform 90
Transform: AffineTransform_float_3_3
Parameters: 1 0.00045335 -0.000401949 -0.000453949 0.999998 -0.00190349 0.000401077 0.00190299 0.999998 -0.00815552 0.0317353 0.0223258
FixedParameters: 0 0 0

#Transform 91
Transform: AffineTransform_float_3_3
Parameters: 1 0.000889903 -0.000465332 -0.000890983 0.999997 -0.0023659 0.000462884 0.00236684 0.999997 -0.0247252 0.00704966 0.018013
FixedParameters: 0 0 0

#Transform 92
Transform: AffineTransform_float_3_3
Parameters: 0.999999 0.000712235 -0.000459151 -0.000713036 0.999998 -0.00188957 0.000457312 0.00188936 0.999998 -0.0303726 0.0119089 0.0789391
FixedParameters: 0 0 0

#Transform 93
Transform: AffineTransform_float_3_3
Parameters: 0.999999 0.000786433 -0.000965133 -0.000787725 0.999998 -0.00181975 0.000963812 0.00182136 0.999998 -0.0235646 -0.00753049 0.0292745
FixedParameters: 0 0 0

#Transform 94
Transform: AffineTransform_float_3_3
Parameters: 1 0.000645369 -0.000938994 -0.00064642 0.999998 -0.00175382 0.000938337 0.00175421 0.999998 -0.0115255 -0.0222858 0.0498997
FixedParameters: 0 0 0

#Transform 95
Transform: AffineTransform_float_3_3
Parameters: 0.999999 0.000787343 -0.000953718 -0.000788895 0.999997 -0.00199032 0.000952189 0.001991 0.999997 -0.0235286 -0.0130872 0.0774769
FixedParameters: 0 0 0

#Transform 96
Transform: AffineTransform_float_3_3
Parameters: 0.999999 0.000787243 -0.000954987 -0.000788764 0.999997 -0.00197136 0.000953488 0.00197204 0.999997 -0.00591281 -0.0272509 0.0881004
FixedParameters: 0 0 0

#Transform 97
Transform: AffineTransform_float_3_3
Parameters: 0.999999 0.000788141 -0.000969193 -0.000788902 0.999999 -0.00153958 0.000968325 0.00154079 0.999998 -0.00463762 -0.0489124 0.0944038
FixedParameters: 0 0 0

#Transform 98
Transform: AffineTransform_float_3_3
Parameters: 1 0.000811891 -0.000828883 -0.000813526 0.999997 -0.00226042 0.00082683 0.00226094 0.999997 -0.0088919 -0.00890508 0.0495131
FixedParameters: 0 0 0

#Transform 99
Transform: AffineTransform_float_3_3
Parameters: 0.999999 0.000715271 -0.000571015 -0.000717111 0.999999 -0.00158253 0.000569828 0.00158209 0.999998 -0.00585288 -0.0621397 0.112269
FixedParameters: 0 0 0

#Transform 100
Transform: AffineTransform_float_3_3
Parameters: 1 0.000880454 -0.000529763 -0.000881144 0.999998 -0.00185608 0.000528312 0.00185621 0.999998 -0.0162546 -0.00150694 0.0520689
FixedParameters: 0 0 0

#Transform 101
Transform: AffineTransform_float_3_3
Parameters: 0.999999 0.000430917 -0.000511992 -0.000431911 0.999998 -0.00185797 0.000511179 0.00185846 0.999998 -0.00550924 0.016813 0.050975
FixedParameters: 0 0 0

#Transform 102
Transform: AffineTransform_float_3_3
Parameters: 1 0.000678417 -0.000878092 -0.00068036 0.999998 -0.0018197 0.000877372 0.001821 0.999998 -0.00788651 0.0232038 0.0450678
FixedParameters: 0 0 0

#Transform 103
Transform: AffineTransform_float_3_3
Parameters: 0.999999 0.000646958 -0.000524356 -0.000648126 0.999997 -0.00200362 0.000522616 0.00200344 0.999998 -0.00850716 -0.00842468 0.0305909
FixedParameters: 0 0 0

#Transform 104
Transform: AffineTransform_float_3_3
Parameters: 1 0.000881333 -0.000519496 -0.000882144 0.999997 -0.00200973 0.00051777 0.00200985 0.999998 -0.0122798 -0.0256399 0.0748922
FixedParameters: 0 0 0

#Transform 105
Transform: AffineTransform_float_3_3
Parameters: 1 0.000882073 -0.000510013 -0.000882936 0.999998 -0.00215166 0.000508973 0.00215233 0.999997 -0.0166818 0.034179 0.00247543
FixedParameters: 0 0 0

#Transform 106
Transform: AffineTransform_float_3_3
Parameters: 0.999999 0.000654679 -0.000468649 -0.000655467 0.999998 -0.00203296 0.000467751 0.00203368 0.999998 -0.007561 -0.0318233 0.0355053
FixedParameters: 0 0 0

#Transform 107
Transform: AffineTransform_float_3_3
Parameters: 1 0.000883238 -0.000496488 -0.000884247 0.999997 -0.002354 0.000495068 0.00235505 0.999997 -0.0133507 -0.013746 0.0251051
FixedParameters: 0 0 0

#Transform 108
Transform: AffineTransform_float_3_3
Parameters: 0.999999 0.000641741 -0.000444925 -0.000642816 0.999997 -0.0023391 0.000443763 0.00233888 0.999998 -0.0117966 -0.025352 0.0110986
FixedParameters: 0 0 0

#Transform 109
Transform: AffineTransform_float_3_3
Parameters: 0.999999 0.000664919 -0.000429455 -0.000666335 0.999997 -0.00263964 0.000427731 0.00264032 0.999997 -0.0100546 0.000247458 0.00271427
FixedParameters: 0 0 0

#Transform 110
Transform: AffineTransform_float_3_3
Parameters: 0.999999 0.000400836 -0.000527172 -0.000401944 0.999997 -0.00210976 0.000527244 0.0021103 0.999997 -0.00418616 0.0105963 0.0156302
FixedParameters: 0 0 0

#Transform 111
Transform: AffineTransform_float_3_3
Parameters: 0.999999 0.000679101 -0.00048573 -0.000679768 0.999998 -0.0018605 0.000485033 0.00186036 0.999998 -0.00476739 -0.0067196 0.0358875
FixedParameters: 0 0 0

#Transform 112
Transform: AffineTransform_float_3_3
Parameters: 1 0.000412132 -0.000383356 -0.00041305 0.999996 -0.00250789 0.000383129 0.00250741 0.999997 -0.00766058 0.0418117 -0.00203473
FixedParameters: 0 0 0

#Transform 113
Transform: AffineTransform_float_3_3
Parameters: 1 0.000464675 -0.000443912 -0.000465356 0.999999 -0.00179102 0.000443037 0.00179148 0.999999 -0.0016726 -0.0590132 0.0742738
FixedParameters: 0 0 0

#Transform 114
Transform: AffineTransform_float_3_3
Parameters: 1 0.000481064 -0.000392052 -0.00048212 0.999996 -0.00260027 0.000391326 0.00260076 0.999996 -0.00900122 0.0399725 -0.00540563
FixedParameters: 0 0 0

#Transform 115
Transform: AffineTransform_float_3_3
Parameters: 0.999999 0.000516651 -0.000441514 -0.000517291 0.999998 -0.00199097 0.000441221 0.00199154 0.999998 0.00158981 -0.0116979 0.0347773
FixedParameters: 0 0 0

#Transform 116
Transform: AffineTransform_float_3_3
Parameters: 0.999999 0.000694518 -0.000467686 -0.000695564 0.999998 -0.00217415 0.000466458 0.0021745 0.999997 -0.0106988 0.00431853 0.0443417
FixedParameters: 0 0 0

#Transform 117
Transform: AffineTransform_float_3_3
Parameters: 1 0.000364487 -0.000217864 -0.00036542 0.999998 -0.00200298 0.000217401 0.0020032 0.999998 -0.00488776 -0.00879509 0.0534337
FixedParameters: 0 0 0

#Transform 118
Transform: AffineTransform_float_3_3
Parameters: 1 0.000545972 -2.72254e-05 -0.00054614 0.999998 -0.00200804 2.60322e-05 0.00200814 0.999998 -0.00983308 -0.0224657 0.0666711
FixedParameters: 0 0 0

#Transform 119
Transform: AffineTransform_float_3_3
Parameters: 1 0.000499869 -0.000244052 -0.000499886 0.999998 -0.00190063 0.000242942 0.00190092 0.999998 -0.0195445 0.0284639 0.0095252
FixedParameters: 0 0 0

#Transform 120
Transform: AffineTransform_float_3_3
Parameters: 1 0.00054235 -5.59237e-05 -0.000542596 0.999999 -0.00169749 5.50981e-05 0.00169721 0.999998 -0.0121114 0.00971578 0.0341554
FixedParameters: 0 0 0

#Transform 121
Transform: AffineTransform_float_3_3
Parameters: 1 0.000572928 0.000110297 -0.000572394 0.999997 -0.00234944 -0.000111 0.00234945 0.999997 -0.020511 0.0577888 0.0167082
FixedParameters: 0 0 0

#Transform 122
Transform: AffineTransform_float_3_3
Parameters: 1 0.000460487 -0.000411025 -0.000461361 0.999998 -0.0022579 0.000410722 0.0022584 0.999998 -0.00714914 0.0200024 0.0220968
FixedParameters: 0 0 0

#Transform 123
Transform: AffineTransform_float_3_3
Parameters: 1 0.000316834 -0.000527895 -0.000317026 0.999999 -0.00119024 0.000527983 0.00118971 1 -0.000788475 -0.0216625 0.0367197
FixedParameters: 0 0 0

#Transform 124
Transform: AffineTransform_float_3_3
Parameters: 1 0.000415219 -0.000373086 -0.000415882 0.999999 -0.00182968 0.000371381 0.00182997 0.999999 -0.00619461 0.00757473 0.00240753
FixedParameters: 0 0 0

#Transform 125
Transform: AffineTransform_float_3_3
Parameters: 1 0.000487845 -0.000297584 -0.000488096 0.999998 -0.00194941 0.000296472 0.00194975 0.999998 -0.0156841 0.00262342 0.0395272
FixedParameters: 0 0 0

#Transform 126
Transform: AffineTransform_float_3_3
Parameters: 1 0.000475527 -0.00033357 -0.000476187 0.999997 -0.00246307 0.000333004 0.0024635 0.999997 -0.0146589 0.0117813 0.0328943
FixedParameters: 0 0 0

#Transform 127
Transform: AffineTransform_float_3_3
Parameters: 1 0.000621847 -0.000163705 -0.000622559 0.999998 -0.00223342 0.00016293 0.00223334 0.999997 -0.0151005 0.0567493 0.101831
FixedParameters: 0 0 0

#Transform 128
Transform: AffineTransform_float_3_3
Parameters: 0.999999 0.000888801 -0.000381931 -0.000890298 0.999996 -0.00290978 0.000378573 0.00291016 0.999995 -0.0175928 0.0397543 0.064822
FixedParameters: 0 0 0

#Transform 129
Transform: AffineTransform_float_3_3
Parameters: 1 0.000972919 -1.66753e-05 -0.000973813 0.999996 -0.0023815 1.42234e-05 0.00238168 0.999997 -0.0235591 0.047288 0.100885
FixedParameters: 0 0 0

#Transform 130
Transform: AffineTransform_float_3_3
Parameters: 1 0.000799367 -0.000832107 -0.000801429 0.999997 -0.00199215 0.000830671 0.0019936 0.999997 -0.0104664 0.0164687 0.0483531
FixedParameters: 0 0 0

#Transform 131
Transform: AffineTransform_float_3_3
Parameters: 1 0.000923297 -0.000264079 -0.000924017 0.999998 -0.00190323 0.000262526 0.00190385 0.999998 -0.0170538 -0.00515217 0.0756899
FixedParameters: 0 0 0

#Transform 132
Transform: AffineTransform_float_3_3
Parameters: 1 0.000904114 -0.000338117 -0.000905491 0.999997 -0.00226109 0.000336 0.00226183 0.999998 -0.0161528 0.00346285 0.0918973
FixedParameters: 0 0 0

#Transform 133
Transform: AffineTransform_float_3_3
Parameters: 0.999999 0.000687358 -0.000369674 -0.000688136 0.999997 -0.00238491 0.000368172 0.00238553 0.999997 -0.0115678 0.00957591 0.074527
FixedParameters: 0 0 0

#Transform 134
Transform: AffineTransform_float_3_3
Parameters: 0.999999 0.000846674 -0.000298839 -0.000847067 0.999997 -0.00230796 0.000296707 0.00230858 0.999998 -0.0152654 0.00147472 0.0802511
FixedParameters: 0 0 0

#Transform 135
Transform: AffineTransform_float_3_3
Parameters: 1 0.000653368 4.27699e-05 -0.000653368 0.999998 -0.0022332 -4.46761e-05 0.00223321 0.999998 -0.0156649 0.0200604 0.0645253
FixedParameters: 0 0 0

#Transform 136
Transform: AffineTransform_float_3_3
Parameters: 0.999999 0.000973361 -1.05301e-05 -0.000974493 0.999997 -0.0024735 7.93716e-06 0.00247326 0.999997 -0.0233895 0.0389958 0.0555673
FixedParameters: 0 0 0

#Transform 137
Transform: AffineTransform_float_3_3
Parameters: 1 0.00094696 -0.00015025 -0.000947281 0.999997 -0.00202376 0.000148379 0.00202418 0.999998 -0.0172694 -0.0246865 0.0778472
FixedParameters: 0 0 0

#Transform 138
Transform: AffineTransform_float_3_3
Parameters: 0.999999 0.000793625 2.85335e-05 -0.000793672 0.999996 -0.00247181 -3.1445e-05 0.00247183 0.999997 -0.0395579 0.0585261 0.0316294
FixedParameters: 0 0 0

#Transform 139
Transform: AffineTransform_float_3_3
Parameters: 0.999999 0.000970078 -4.71017e-05 -0.000971283 0.999997 -0.00192552 4.45723e-05 0.0019257 0.999998 -0.0189239 -0.0295103 0.0367965
FixedParameters: 0 0 0

#Transform 140
Transform: AffineTransform_float_3_3
Parameters: 0.999999 0.00088181 -0.000445841 -0.000883666 0.999997 -0.00212928 0.00044415 0.00212888 0.999998 -0.0135085 -0.0180838 0.0664667
FixedParameters: 0 0 0

#Transform 141
Transform: AffineTransform_float_3_3
Parameters: 1 0.000879093 -0.000468353 -0.000880583 0.999998 -0.00189512 0.00046698 0.00189607 0.999998 -0.0143807 -0.00184369 0.0677244
FixedParameters: 0 0 0

#Transform 142
Transform: AffineTransform_float_3_3
Parameters: 1 0.000857513 -0.000555942 -0.000858815 0.999998 -0.00218196 0.000553979 0.00218261 0.999997 -0.0103463 -0.038161 0.0867795
FixedParameters: 0 0 0

#Transform 143
Transform: AffineTransform_float_3_3
Parameters: 0.999999 0.0011255 -0.000496392 -0.00112737 0.999996 -0.00227112 0.00049429 0.00227153 0.999998 -0.024725 0.0786741 0.0707081
FixedParameters: 0 0 0

#Transform 144
Transform: AffineTransform_float_3_3
Parameters: 1 0.00088409 -0.000409608 -0.000885144 0.999995 -0.0027741 0.000407518 0.00277409 0.999996 -0.0158199 0.0206564 0.0789285
FixedParameters: 0 0 0

#Transform 145
Transform: AffineTransform_float_3_3
Parameters: 0.999999 0.000965678 -0.00021239 -0.000966693 0.999996 -0.0024367 0.000209668 0.00243724 0.999997 -0.0199914 0.0238835 0.121655
FixedParameters: 0 0 0

#Transform 146
Transform: AffineTransform_float_3_3
Parameters: 0.999999 0.00129165 -0.000496159 -0.00129314 0.999995 -0.00280939 0.000492719 0.00280959 0.999996 -0.0344577 0.015932 0.0838104
FixedParameters: 0 0 0

#Transform 147
Transform: AffineTransform_float_3_3
Parameters: 0.999999 0.000877032 -0.000421049 -0.000878144 0.999997 -0.00258373 0.000419296 0.00258424 0.999996 -0.0154492 0.0135694 0.0767395
FixedParameters: 0 0 0

#Transform 148
Transform: AffineTransform_float_3_3
Parameters: 0.999999 0.000880258 -0.000383717 -0.000880771 0.999994 -0.00314227 0.000380752 0.00314311 0.999995 -0.0158874 0.0191084 0.0642472
FixedParameters: 0 0 0

#Transform 149
Transform: AffineTransform_float_3_3
Parameters: 0.999999 0.00127493 -0.000116639 -0.00127524 0.999997 -0.00233133 0.000113672 0.00233141 0.999998 -0.0270811 0.0343415 0.133171
FixedParameters: 0 0 0
