#Insight Transform File V1.0
#Transform 0
Transform: AffineTransform_float_3_3
Parameters: 1 0.000904709 -0.000731415 -0.000904021 0.999999 0.0013993 0.000733296 -0.00139926 0.999999 -0.00604044 -0.0994747 0.084638
FixedParameters: 0 0 0

#Transform 1
Transform: AffineTransform_float_3_3
Parameters: 0.999999 0.000613584 -0.000638747 -0.000612646 1 0.00100565 0.000639134 -0.00100491 1 -0.00274191 -0.0688101 0.0664511
FixedParameters: 0 0 0

#Transform 2
Transform: AffineTransform_float_3_3
Parameters: 0.999999 0.000633908 -0.00061669 -0.000633227 1 0.000676826 0.00061758 -0.000676446 0.999999 -0.0119399 -0.0973263 0.0695291
FixedParameters: 0 0 0

#Transform 3
Transform: AffineTransform_float_3_3
Parameters: 0.999999 0.00072067 -0.000602603 -0.00072034 0.999999 0.000273747 0.000602997 -0.000272879 1 -0.00581612 -0.048959 0.0582891
FixedParameters: 0 0 0

#Transform 4
Transform: AffineTransform_float_3_3
Parameters: 0.999999 0.000646559 -0.000603048 -0.000645988 0.999999 0.000473888 0.00060366 -0.000473109 0.999999 -0.0167163 -0.0523516 0.0467707
FixedParameters: 0 0 0

#Transform 5
Transform: AffineTransform_float_3_3
Parameters: 0.999999 0.000770526 -0.000629632 -0.000770076 1 0.000479733 0.000630403 -0.000479164 0.999999 -0.00765508 -0.0453604 0.0540341
FixedParameters: 0 0 0

#Transform 6
Transform: AffineTransform_float_3_3
Parameters: 0.999999 0.000524638 -0.000600746 -0.000523874 1 0.000764391 0.00060158 -0.000764162 0.999999 -0.00155529 -0.0766388 0.0411909
FixedParameters: 0 0 0

#Transform 7
Transform: AffineTransform_float_3_3
Parameters: 0.999999 0.000543027 -0.000580845 -0.000542483 0.999999 0.000468848 0.000581353 -0.000468218 0.999999 -0.0193851 -0.0146865 0.0531636
FixedParameters: 0 0 0

#Transform 8
Transform: AffineTransform_float_3_3
Parameters: 0.999999 0.000537477 -0.000586879 -0.000536821 0.999999 0.000558467 0.000587479 -0.000557837 0.999999 -0.0236751 -0.0255568 0.0269845
FixedParameters: 0 0 0

#Transform 9
Transform: AffineTransform_float_3_3
Parameters: 1 0.000594657 -0.000290723 -0.000594255 0.999999 0.000690453 0.000291544 -0.000690107 0.999999 -0.0101596 -0.07839 0.0748121
FixedParameters: 0 0 0

#Transform 10
Transform: AffineTransform_float_3_3
Parameters: 1 0.000261475 -0.000261744 -0.000261007 1 0.0011495 0.000262469 -0.00114936 1 0.00175564 -0.0732766 0.0461434
FixedParameters: 0 0 0

#Transform 11
Transform: AffineTransform_float_3_3
Parameters: 1 0.000281806 -0.00022455 -0.00028152 1 0.000635112 0.000224908 -0.000634986 1 0.00179224 -0.0764291 0.0390649
FixedParameters: 0 0 0

#Transform 12
Transform: AffineTransform_float_3_3
Parameters: 1 0.000204608 -0.000172501 -0.000204542 1 0.000191934 0.000172579 -0.000191863 1 0.00176822 -0.0568446 0.0257087
FixedParameters: 0 0 0

#Transform 13
Transform: AffineTransform_float_3_3
Parameters: 1 7.0687e-05 -0.000166776 -7.05302e-05 1 0.00047013 0.000166842 -0.000470106 1 0.0130832 -0.101666 0.0432548
FixedParameters: 0 0 0

#Transform 14
Transform: AffineTransform_float_3_3
Parameters: 1 5.22521e-05 -0.000186833 -5.19659e-05 0.999999 0.000765871 0.000186913 -0.000765852 0.999999 0.000904534 -0.00733327 0.0270362
FixedParameters: 0 0 0

#Transform 15
Transform: AffineTransform_float_3_3
Parameters: 1 7.7642e-05 -0.000159215 -7.75278e-05 1 0.000358604 0.000159271 -0.00035858 1 0.00520384 -0.0565164 0.0422488
FixedParameters: 0 0 0

#Transform 16
Transform: AffineTransform_float_3_3
Parameters: 1 6.12509e-05 -0.000177039 -6.10308e-05 1 0.000621486 0.000177115 -0.000621464 1 -0.00490963 -0.0614011 0.0359525
FixedParameters: 0 0 0

#Transform 17
Transform: AffineTransform_float_3_3
Parameters: 1 5.46722e-05 -0.000184198 -5.44043e-05 0.999999 0.000727036 0.000184278 -0.000727016 0.999999 0.00913412 -0.0789762 0.0150852
FixedParameters: 0 0 0

#Transform 18
Transform: AffineTransform_float_3_3
Parameters: 1 0.000129671 -0.000102761 -0.000129769 1 -0.000474853 0.000102638 0.00047488 1 -0.00587479 -0.0135162 -0.0170773
FixedParameters: 0 0 0

#Transform 19
Transform: AffineTransform_float_3_3
Parameters: 1 0.000118468 -4.27024e-05 -0.000118466 1 2.86202e-05 4.27092e-05 -2.86101e-05 1 -0.0152652 -0.0359528 -0.0074143
FixedParameters: 0 0 0

#Transform 20
Transform: AffineTransform_float_3_3
Parameters: 1 7.98158e-05 -0.000156853 -7.97142e-05 1 0.000323753 0.000156904 -0.000323728 1 -0.000297717 -0.00541859 0.00970774
FixedParameters: 0 0 0

#Transform 21
Transform: AffineTransform_float_3_3
Parameters: 1 -0.00017915 -0.000116754 0.000179268 1 0.000502059 0.000116574 -0.000502101 1 0.00893268 -0.0800644 -0.00575532
FixedParameters: 0 0 0

#Transform 22
Transform: AffineTransform_float_3_3
Parameters: 1 -0.000313419 2.88717e-05 0.000313399 1 0.000344904 -2.90879e-05 -0.000344886 1 0.00974395 -0.0363707 0.0159236
FixedParameters: 0 0 0

#Transform 23
Transform: AffineTransform_float_3_3
Parameters: 1 -0.000306537 3.11596e-07 0.000306537 1 7.32389e-05 -3.56496e-07 -7.32387e-05 1 0.0088791 -0.0214671 0.0108801
FixedParameters: 0 0 0

#Transform 24
Transform: AffineTransform_float_3_3
Parameters: 1 -0.000479275 -6.80954e-05 0.00047958 0.999999 0.000680398 6.84125e-05 -0.000680411 0.999999 0.0114608 -0.0380468 -0.0149889
FixedParameters: 0 0 0

#Transform 25
Transform: AffineTransform_float_3_3
Parameters: 1 -0.000289097 0.000116228 0.000289044 1 0.000228852 -0.000116361 -0.000228785 1 0.00544118 -0.000503592 -0.000237514
FixedParameters: 0 0 0

#Transform 26
Transform: AffineTransform_float_3_3
Parameters: 1 -0.000320169 3.05254e-05 0.000320352 1 0.000493214 -2.98717e-05 -0.000493142 1 0.0135049 -0.0847296 -0.0087786
FixedParameters: 0 0 0

#Transform 27
Transform: AffineTransform_float_3_3
Parameters: 1 -0.000313544 -4.78786e-05 0.000313545 1 3.23425e-06 4.78766e-05 -3.26427e-06 1 0.00228141 -0.020737 -0.00357638
FixedParameters: 0 0 0

#Transform 28
Transform: AffineTransform_float_3_3
Parameters: 0.999999 -0.000740789 4.93743e-06 0.000740997 0.999999 0.000460152 -4.64969e-06 -0.000460092 1 0.0195831 -0.0518078 0.00804017
FixedParameters: 0 0 0

#Transform 29
Transform: AffineTransform_float_3_3
Parameters: 0.999999 -0.000715502 3.26685e-05 0.000715499 0.999999 5.59021e-05 -3.27485e-05 -5.58553e-05 1 0.012785 0.0296757 -0.0113209
FixedParameters: 0 0 0

#Transform 30
Transform: AffineTransform_float_3_3
Parameters: 0.999999 -0.000679091 0.000284874 0.000678849 0.999999 0.000425967 -0.000285452 -0.00042558 1 0.0172393 -0.0777023 -0.0114498
FixedParameters: 0 0 0

#Transform 31
Transform: AffineTransform_float_3_3
Parameters: 1 -0.000699296 5.04147e-05 0.000699316 0.999999 -0.000202986 -5.01307e-05 0.000203056 1 0.00975416 -0.00878733 -0.00654706
FixedParameters: 0 0 0

#Transform 32
Transform: AffineTransform_float_3_3
Parameters: 1 -0.000735932 1.02661e-05 0.000736136 0.999999 0.000382486 -9.85956e-06 -0.000382418 1 0.00754814 -0.0155178 -0.00914664
FixedParameters: 0 0 0

#Transform 33
Transform: AffineTransform_float_3_3
Parameters: 0.999999 -0.000735841 0.000471066 0.000736417 0.999999 0.000414058 -0.000471875 -0.000413438 1 0.0159509 -0.0350356 0.011712
FixedParameters: 0 0 0

#Transform 34
Transform: AffineTransform_float_3_3
Parameters: 0.999999 -0.000893238 8.24178e-05 0.000893254 0.999999 -9.33985e-05 -8.22508e-05 9.35456e-05 1 0.0198325 -0.0286773 -0.0252098
FixedParameters: 0 0 0

#Transform 35
Transform: AffineTransform_float_3_3
Parameters: 0.999999 -0.00120127 0.000565775 0.00120089 0.999999 0.000317251 -0.000566628 -0.000316301 1 0.0214156 0.00128433 -0.0197034
FixedParameters: 0 0 0

#Transform 36
Transform: AffineTransform_float_3_3
Parameters: 1 -0.00109985 0.000470446 0.00109995 1 -0.000129975 -0.000470251 0.0001306 1 0.0202521 0.0229543 -0.000893501
FixedParameters: 0 0 0

#Transform 37
Transform: AffineTransform_float_3_3
Parameters: 0.999999 -0.00122098 0.00043534 0.00122077 0.999999 0.000208591 -0.00043594 -0.000207938 1 0.0261337 -0.0209879 0.00761329
FixedParameters: 0 0 0

#Transform 38
Transform: AffineTransform_float_3_3
Parameters: 0.999998 -0.00151063 0.000626093 0.00151014 0.999999 0.000376589 -0.00062732 -0.000375106 1 0.0328563 -0.039997 0.0154273
FixedParameters: 0 0 0

#Transform 39
Transform: AffineTransform_float_3_3
Parameters: 0.999999 -0.00120081 0.000488187 0.00120076 1 2.5678e-05 -0.000488339 -2.49155e-05 1 0.0277328 -0.00887522 -0.00948513
FixedParameters: 0 0 0

#Transform 40
Transform: AffineTransform_float_3_3
Parameters: 0.999998 -0.0015733 0.000688069 0.00157336 0.999998 -0.000212556 -0.000688459 0.000214259 1 0.0320207 0.00163064 0.016843
FixedParameters: 0 0 0

#Transform 41
Transform: AffineTransform_float_3_3
Parameters: 0.999998 -0.00167655 0.000227823 0.00167641 0.999998 -0.000124434 -0.000228552 0.000125645 1 0.037155 -0.0200596 -0.0001892
FixedParameters: 0 0 0

#Transform 42
Transform: AffineTransform_float_3_3
Parameters: 0.999998 -0.00169179 0.000211006 0.00169172 0.999998 0.000117544 -0.000211495 -0.000117239 1 0.048852 -0.0648603 0.0285174
FixedParameters: 0 0 0

#Transform 43
Transform: AffineTransform_float_3_3
Parameters: 0.999998 -0.00165857 0.000281405 0.00165848 0.999998 -0.000260156 -0.000281602 0.000260627 1 0.0439592 0.0173499 -0.0112086
FixedParameters: 0 0 0

#Transform 44
Transform: AffineTransform_float_3_3
Parameters: 0.999997 -0.00206299 0.000555292 0.00206301 0.999997 0.000112279 -0.00055488 -0.000111666 1 0.0557827 -0.0789006 0.0148211
FixedParameters: 0 0 0

#Transform 45
Transform: AffineTransform_float_3_3
Parameters: 0.999998 -0.00207199 0.00043323 0.00207216 0.999998 -0.000246385 -0.000432389 0.000247358 1 0.0440725 -0.0106016 -0.00438216
FixedParameters: 0 0 0

#Transform 46
Transform: AffineTransform_float_3_3
Parameters: 0.999998 -0.0019864 0.000552841 0.0019864 0.999998 -6.493e-05 -0.000552678 6.53966e-05 1 0.0518872 -0.0647092 0.0360207
FixedParameters: 0 0 0

#Transform 47
Transform: AffineTransform_float_3_3
Parameters: 0.999997 -0.00208004 0.000465351 0.00208016 0.999998 6.57136e-05 -0.000464835 -6.4546e-05 1 0.0449162 -0.0173971 0.0102851
FixedParameters: 0 0 0

#Transform 48
Transform: AffineTransform_float_3_3
Parameters: 0.999997 -0.00209189 0.000329795 0.00209183 0.999997 -0.000296023 -0.000329708 0.000296529 1 0.0455079 0.0139485 -0.011025
FixedParameters: 0 0 0

#Transform 49
Transform: AffineTransform_float_3_3
Parameters: 0.999997 -0.00204302 0.000622996 0.00204295 0.999998 -2.5932e-07 -0.00062309 1.0756e-06 1 0.0509764 -0.0111867 0.01822
FixedParameters: 0 0 0

#Transform 50
Transform: AffineTransform_float_3_3
Parameters: 0.999997 -0.00205697 0.000476758 0.00205707 0.999998 -0.000363931 -0.000476411 0.000365019 1 0.0408305 0.0217959 -0.0137044
FixedParameters: 0 0 0

#Transform 51
Transform: AffineTransform_float_3_3
Parameters: 0.999997 -0.00203517 0.000675036 0.00203501 0.999998 6.91517e-05 -0.000675411 -6.81329e-05 1 0.046816 -0.0518892 0.0373974
FixedParameters: 0 0 0

#Transform 52
Transform: AffineTransform_float_3_3
Parameters: 0.999997 -0.00208913 0.000332858 0.00208911 0.999997 -0.000339831 -0.00033259 0.000340348 1 0.0442586 0.0117205 0.00632481
FixedParameters: 0 0 0

#Transform 53
Transform: AffineTransform_float_3_3
Parameters: 0.999997 -0.00209101 0.00033077 0.00209097 0.999997 -0.000309962 -0.000330625 0.000310472 1 0.0475832 0.00746687 0.0544695
FixedParameters: 0 0 0

#Transform 54
Transform: AffineTransform_float_3_3
Parameters: 0.999998 -0.00203298 0.000463011 0.00203277 0.999998 0.000183993 -0.00046394 -0.000182929 1 0.0494612 -0.0730964 0.0406462
FixedParameters: 0 0 0

#Transform 55
Transform: AffineTransform_float_3_3
Parameters: 0.999997 -0.00195105 0.000881531 0.00195077 0.999998 -0.000753057 -0.000880393 0.000754332 0.999999 0.044112 0.057858 0.0247106
FixedParameters: 0 0 0

#Transform 56
Transform: AffineTransform_float_3_3
Parameters: 0.999997 -0.00210072 0.000414014 0.00210067 0.999997 0.000266744 -0.000414346 -0.000265772 1 0.0612967 -0.0793949 0.0678129
FixedParameters: 0 0 0

#Transform 57
Transform: AffineTransform_float_3_3
Parameters: 0.999997 -0.00200325 0.000796986 0.00200329 0.999998 -4.79617e-05 -0.000796972 5.03346e-05 0.999999 0.0409193 0.000582588 0.0207809
FixedParameters: 0 0 0

#Transform 58
Transform: AffineTransform_float_3_3
Parameters: 0.999997 -0.00207475 0.000528749 0.00207446 0.999998 0.000239232 -0.000529921 -0.000237856 1 0.049624 -0.0578163 0.0528766
FixedParameters: 0 0 0

#Transform 59
Transform: AffineTransform_float_3_3
Parameters: 0.999998 -0.00223643 0.000584294 0.00223655 0.999998 -0.000153812 -0.000583878 0.000155194 1 0.0669063 -0.0132143 0.0451376
FixedParameters: 0 0 0

#Transform 60
Transform: AffineTransform_float_3_3
Parameters: 0.999997 -0.00208951 0.00033244 0.00208948 0.999997 -0.000333857 -0.000332197 0.000334373 1 0.0448145 -0.00472047 -0.00312991
FixedParameters: 0 0 0

#Transform 61
Transform: AffineTransform_float_3_3
Parameters: 0.999997 -0.00204209 0.000665838 0.00204182 0.999998 0.000172496 -0.000666721 -0.000170596 1 0.0534443 -0.0220109 0.0626058
FixedParameters: 0 0 0

#Transform 62
Transform: AffineTransform_float_3_3
Parameters: 0.999997 -0.00247023 0.00062475 0.00247007 0.999997 0.000247359 -0.000625272 -0.000245449 1 0.0609378 -0.00392069 0.0362076
FixedParameters: 0 0 0

#Transform 63
Transform: AffineTransform_float_3_3
Parameters: 0.999996 -0.00284228 0.000434651 0.00284212 0.999996 0.000343266 -0.000435996 -0.000342379 1 0.0808319 -0.0575439 0.0771156
FixedParameters: 0 0 0

#Transform 64
Transform: AffineTransform_float_3_3
Parameters: 0.999997 -0.0023945 0.000337872 0.0023944 0.999997 0.000372512 -0.00033896 -0.000372069 1 0.0642889 -0.00819087 0.0591654
FixedParameters: 0 0 0

#Transform 65
Transform: AffineTransform_float_3_3
Parameters: 0.999997 -0.00241719 0.00025482 0.00241728 0.999997 0.000196472 -0.000255159 -0.000195508 1 0.0641157 -0.00467099 0.00628118
FixedParameters: 0 0 0

#Transform 66
Transform: AffineTransform_float_3_3
Parameters: 0.999997 -0.00239799 0.000436888 0.00239803 0.999997 0.0001412 -0.000436868 -0.000140282 1 0.0628298 -0.00399847 0.031034
FixedParameters: 0 0 0

#Transform 67
Transform: AffineTransform_float_3_3
Parameters: 0.999997 -0.00239155 0.000334655 0.00239144 0.999997 0.000403607 -0.000335889 -0.000403181 1 0.0620805 -0.0104015 0.0185986
FixedParameters: 0 0 0

#Transform 68
Transform: AffineTransform_float_3_3
Parameters: 0.999998 -0.0021071 0.000266161 0.002107 0.999997 0.000507104 -0.000267511 -0.000506747 1 0.0661492 -0.0504261 0.0279096
FixedParameters: 0 0 0

#Transform 69
Transform: AffineTransform_float_3_3
Parameters: 0.999998 -0.00223916 0.000436029 0.0022391 0.999998 0.000241406 -0.000436413 -0.00024063 1 0.0660128 0.0346441 0.000698148
FixedParameters: 0 0 0

#Transform 70
Transform: AffineTransform_float_3_3
Parameters: 0.999997 -0.00232529 0.000569558 0.00232494 0.999997 0.000628109 -0.00057081 -0.000626582 0.999999 0.073517 -0.0304212 0.0194803
FixedParameters: 0 0 0

#Transform 71
Transform: AffineTransform_float_3_3
Parameters: 0.999997 -0.00234387 0.000673037 0.00234353 0.999997 0.000369064 -0.000674067 -0.000367084 0.999999 0.0692793 0.0311127 0.0155886
FixedParameters: 0 0 0

#Transform 72
Transform: AffineTransform_float_3_3
Parameters: 0.999997 -0.0023662 0.000549792 0.00236566 0.999997 0.000624199 -0.000552047 -0.00062277 0.999999 0.0725597 -0.0173585 0.00242159
FixedParameters: 0 0 0

#Transform 73
Transform: AffineTransform_float_3_3
Parameters: 0.999997 -0.00233703 0.000649454 0.0023368 0.999997 0.000462237 -0.000649945 -0.000460324 0.999999 0.0742318 -0.0396576 0.0182057
FixedParameters: 0 0 0

#Transform 74
Transform: AffineTransform_float_3_3
Parameters: 0.999997 -0.00219258 0.000304553 0.00219241 0.999997 0.000262375 -0.000305971 -0.000260947 1 0.0677516 0.0229916 0.00107819
FixedParameters: 0 0 0

#Transform 75
Transform: AffineTransform_float_3_3
Parameters: 0.999998 -0.00228608 0.000295105 0.00228587 0.999997 0.000611291 -0.000297204 -0.000611114 1 0.062537 -0.0422261 0.023559
FixedParameters: 0 0 0

#Transform 76
Transform: AffineTransform_float_3_3
Parameters: 0.999997 -0.00241402 0.000322545 0.00241378 0.999997 0.000605258 -0.000324771 -0.000604873 1 0.0732067 0.0247677 0.0224577
FixedParameters: 0 0 0

#Transform 77
Transform: AffineTransform_float_3_3
Parameters: 0.999997 -0.00241402 0.000322545 0.00241378 0.999997 0.000605258 -0.000324771 -0.000604873 1 0.0630808 -0.0277643 0.0222944
FixedParameters: 0 0 0

#Transform 78
Transform: AffineTransform_float_3_3
Parameters: 0.999997 -0.0024239 0.000311481 0.00242379 0.999996 0.000762553 -0.000313512 -0.000762163 0.999999 0.0685592 -0.0297393 0.0285696
FixedParameters: 0 0 0

#Transform 79
Transform: AffineTransform_float_3_3
Parameters: 0.999997 -0.00235839 0.000586851 0.00235802 0.999997 0.000627273 -0.000588141 -0.000625627 0.999999 0.0554946 -0.0282242 0.0232274
FixedParameters: 0 0 0

#Transform 80
Transform: AffineTransform_float_3_3
Parameters: 0.999997 -0.00242346 0.000379991 0.0024231 0.999997 0.00105868 -0.000382362 -0.00105789 1 0.0696039 -0.051328 0.0374337
FixedParameters: 0 0 0

#Transform 81
Transform: AffineTransform_float_3_3
Parameters: 0.999997 -0.00236517 0.000585277 0.00236485 0.999997 0.000761326 -0.00058624 -0.000759627 0.999999 0.070208 0.0372227 0.0326586
FixedParameters: 0 0 0

#Transform 82
Transform: AffineTransform_float_3_3
Parameters: 0.999997 -0.0024209 0.000314841 0.00242082 0.999997 0.000714764 -0.000316637 -0.000714359 0.999999 0.0688204 -0.0114305 0.0197778
FixedParameters: 0 0 0

#Transform 83
Transform: AffineTransform_float_3_3
Parameters: 0.999997 -0.0026807 0.000559023 0.00268054 0.999997 0.000263639 -0.000559829 -0.000262227 1 0.0702392 -0.00361625 0.0391583
FixedParameters: 0 0 0

#Transform 84
Transform: AffineTransform_float_3_3
Parameters: 0.999997 -0.00247193 0.00050469 0.00247145 0.999996 0.0006205 -0.000507059 -0.000619176 0.999999 0.0562765 0.0265173 0.019996
FixedParameters: 0 0 0

#Transform 85
Transform: AffineTransform_float_3_3
Parameters: 0.999997 -0.00243141 0.000643519 0.00243088 0.999996 0.000672986 -0.000645037 -0.000671887 0.999999 0.0594358 -0.00596531 0.0468898
FixedParameters: 0 0 0

#Transform 86
Transform: AffineTransform_float_3_3
Parameters: 0.999996 -0.00258883 0.000539866 0.00258822 0.999996 0.000972292 -0.000542137 -0.000970555 1 0.0684663 -0.0227816 0.0393196
FixedParameters: 0 0 0

#Transform 87
Transform: AffineTransform_float_3_3
Parameters: 0.999996 -0.00282009 0.00061813 0.00281944 0.999996 0.00084959 -0.000620341 -0.000847981 0.999999 0.0706346 0.0268731 0.0493409
FixedParameters: 0 0 0

#Transform 88
Transform: AffineTransform_float_3_3
Parameters: 0.999995 -0.00287983 0.000713626 0.00287922 0.999996 0.00055835 -0.00071523 -0.000556171 0.999999 0.0819008 0.0227042 0.0295292
FixedParameters: 0 0 0

#Transform 89
Transform: AffineTransform_float_3_3
Parameters: 0.999994 -0.00317404 0.000844458 0.00317301 0.999995 0.000957316 -0.000846894 -0.000954688 1 0.0840491 -0.00367388 0.071313
FixedParameters: 0 0 0

#Transform 90
Transform: AffineTransform_float_3_3
Parameters: 0.999996 -0.00298536 0.000632663 0.00298489 0.999996 0.000626443 -0.000634916 -0.000624604 0.999999 0.0759366 0.0176785 0.0203868
FixedParameters: 0 0 0

#Transform 91
Transform: AffineTransform_float_3_3
Parameters: 0.999994 -0.00312308 0.00105896 0.00312162 0.999995 0.000852198 -0.00106153 -0.000849279 1 0.09039 -0.0200037 0.0699887
FixedParameters: 0 0 0

#Transform 92
Transform: AffineTransform_float_3_3
Parameters: 0.999994 -0.00316244 0.000823105 0.00316181 0.999995 0.000621774 -0.000824544 -0.000618857 0.999999 0.0878889 0.0137694 0.0266823
FixedParameters: 0 0 0

#Transform 93
Transform: AffineTransform_float_3_3
Parameters: 0.999994 -0.00323326 0.000569236 0.00323278 0.999994 0.000964172 -0.000571919 -0.000962313 1 0.0988243 -0.0462102 0.0950128
FixedParameters: 0 0 0

#Transform 94
Transform: AffineTransform_float_3_3
Parameters: 0.999994 -0.00317105 0.000773116 0.00317049 0.999994 0.000579728 -0.000775301 -0.000576763 0.999999 0.0856669 0.0473562 0.0803208
FixedParameters: 0 0 0

#Transform 95
Transform: AffineTransform_float_3_3
Parameters: 0.999994 -0.00321108 0.000626215 0.00321051 0.999995 0.000755449 -0.000628577 -0.000753714 0.999999 0.104676 -0.0579546 0.0741818
FixedParameters: 0 0 0

#Transform 96
Transform: AffineTransform_float_3_3
Parameters: 0.999994 -0.00317632 0.000705402 0.0031761 0.999995 0.000386746 -0.000706369 -0.000384207 0.999999 0.0878703 0.0591139 0.0557415
FixedParameters: 0 0 0

#Transform 97
Transform: AffineTransform_float_3_3
Parameters: 0.999995 -0.00322342 0.000504325 0.00322231 0.999994 0.000469042 -0.000505663 -0.000467657 1 0.100042 0.0268774 0.0314445
FixedParameters: 0 0 0

#Transform 98
Transform: AffineTransform_float_3_3
Parameters: 0.999994 -0.00318493 0.000711465 0.00318426 0.999995 0.000591369 -0.000713711 -0.000589177 0.999999 0.0893959 0.0287439 0.0495805
FixedParameters: 0 0 0

#Transform 99
Transform: AffineTransform_float_3_3
Parameters: 0.999994 -0.00316096 0.000784517 0.00316038 0.999994 0.000419493 -0.000786564 -0.000417434 1 0.0864852 0.0541782 0.0420916
FixedParameters: 0 0 0

#Transform 100
Transform: AffineTransform_float_3_3
Parameters: 0.999994 -0.0032313 0.000495483 0.00322995 0.999995 0.000593246 -0.000497682 -0.000591399 0.999999 0.0971236 -0.0132419 0.0892847
FixedParameters: 0 0 0

#Transform 101
Transform: AffineTransform_float_3_3
Parameters: 0.999995 -0.00315532 0.000749825 0.00315522 0.999995 0.000148121 -0.000750239 -0.000145385 1 0.0890137 0.0596948 0.0793954
FixedParameters: 0 0 0

#Transform 102
Transform: AffineTransform_float_3_3
Parameters: 0.999994 -0.00317055 0.000799915 0.00316981 0.999995 0.000685969 -0.000801688 -0.000684095 0.999999 0.100252 0.00545803 0.108951
FixedParameters: 0 0 0

#Transform 103
Transform: AffineTransform_float_3_3
Parameters: 0.999994 -0.00322645 0.000500847 0.00322532 0.999994 0.000517782 -0.000502585 -0.000515506 0.999999 0.0937871 0.0383183 0.0947697
FixedParameters: 0 0 0

#Transform 104
Transform: AffineTransform_float_3_3
Parameters: 0.999994 -0.00323412 0.000560829 0.00323367 0.999994 0.000944435 -0.000563386 -0.00094263 1 0.092186 0.00840135 0.0498451
FixedParameters: 0 0 0

#Transform 105
Transform: AffineTransform_float_3_3
Parameters: 0.999995 -0.00316267 0.000722971 0.00316253 0.999995 0.000180917 -0.000723596 -0.00017834 1 0.0940836 0.0883469 0.101216
FixedParameters: 0 0 0

#Transform 106
Transform: AffineTransform_float_3_3
Parameters: 0.999994 -0.00319581 0.000535473 0.00319567 0.999995 3.0953e-05 -0.000536124 -2.95789e-05 1 0.096658 0.0880275 0.0565541
FixedParameters: 0 0 0

#Transform 107
Transform: AffineTransform_float_3_3
Parameters: 0.999995 -0.00322348 0.000504255 0.00322237 0.999994 0.000470038 -0.000505598 -0.000468653 1 0.0962849 0.0177555 0.111039
FixedParameters: 0 0 0

#Transform 108
Transform: AffineTransform_float_3_3
Parameters: 0.999994 -0.00324404 0.000450608 0.00324289 0.999995 0.000658561 -0.000452278 -0.000656941 0.999999 0.0941324 0.0657273 0.0537896
FixedParameters: 0 0 0

#Transform 109
Transform: AffineTransform_float_3_3
Parameters: 0.999994 -0.00337563 0.000676566 0.00337511 0.999994 0.000762913 -0.000679349 -0.000760638 0.999999 0.11626 -0.00710251 0.13315
FixedParameters: 0 0 0

#Transform 110
Transform: AffineTransform_float_3_3
Parameters: 0.999995 -0.00335783 0.000528218 0.00335685 0.999994 0.000496347 -0.000528987 -0.000495024 1 0.101908 0.0738521 0.0733719
FixedParameters: 0 0 0

#Transform 111
Transform: AffineTransform_float_3_3
Parameters: 0.999994 -0.00324911 0.000473962 0.00324794 0.999994 0.000869079 -0.00047586 -0.000867749 1 0.102697 0.021589 0.0725475
FixedParameters: 0 0 0

#Transform 112
Transform: AffineTransform_float_3_3
Parameters: 0.999995 -0.00331819 0.000530937 0.00331813 0.999995 0.000365305 -0.000532052 -0.000363223 1 0.10534 0.0755132 0.0909506
FixedParameters: 0 0 0

#Transform 113
Transform: AffineTransform_float_3_3
Parameters: 0.999993 -0.00355858 0.000552273 0.00355837 0.999994 0.000711366 -0.000553969 -0.00071008 0.999999 0.0993269 0.0395375 0.0788934
FixedParameters: 0 0 0

#Transform 114
Transform: AffineTransform_float_3_3
Parameters: 0.999994 -0.00325045 0.000472394 0.00324928 0.999995 0.000890938 -0.00047452 -0.000888707 1 0.100853 0.0474356 0.118638
FixedParameters: 0 0 0

#Transform 115
Transform: AffineTransform_float_3_3
Parameters: 0.999995 -0.00334057 0.000499166 0.00334052 0.999994 0.000797834 -0.00050107 -0.000796332 1 0.108557 0.0667551 0.0595041
FixedParameters: 0 0 0

#Transform 116
Transform: AffineTransform_float_3_3
Parameters: 0.999994 -0.00341493 0.000797301 0.00341405 0.999994 0.000924789 -0.000800152 -0.000921575 1 0.109669 0.0333257 0.128076
FixedParameters: 0 0 0

#Transform 117
Transform: AffineTransform_float_3_3
Parameters: 0.999994 -0.00343659 0.00061705 0.00343611 0.999994 0.000636376 -0.000620027 -0.000634479 0.999999 0.1077 0.0268709 0.0848626
FixedParameters: 0 0 0

#Transform 118
Transform: AffineTransform_float_3_3
Parameters: 0.999994 -0.00341363 0.000525505 0.00341348 0.999994 0.000667373 -0.000527781 -0.00066517 0.999999 0.117045 0.0555939 0.105672
FixedParameters: 0 0 0

#Transform 119
Transform: AffineTransform_float_3_3
Parameters: 0.999994 -0.00362168 0.000606999 0.0036217 0.999994 0.000222182 -0.000607304 -0.000220549 1 0.113489 0.0876179 0.0895272
FixedParameters: 0 0 0

#Transform 120
Transform: AffineTransform_float_3_3
Parameters: 0.999994 -0.00350793 0.000513558 0.00350769 0.999994 0.00104338 -0.000516534 -0.00104104 0.999999 0.120714 0.00789954 0.106692
FixedParameters: 0 0 0

#Transform 121
Transform: AffineTransform_float_3_3
Parameters: 0.999993 -0.00345703 0.000964249 0.00345647 0.999993 0.000437926 -0.000965788 -0.000434518 0.999999 0.11126 0.0726764 0.111892
FixedParameters: 0 0 0

#Transform 122
Transform: AffineTransform_float_3_3
Parameters: 0.999993 -0.00374023 0.000566124 0.00373992 0.999993 0.00099839 -0.000569338 -0.000995832 0.999999 0.123706 0.0226996 0.133412
FixedParameters: 0 0 0

#Transform 123
Transform: AffineTransform_float_3_3
Parameters: 0.999993 -0.00368415 0.000835304 0.00368357 0.999993 0.000647509 -0.000837794 -0.000644058 0.999999 0.118475 0.0425221 0.1086
FixedParameters: 0 0 0

#Transform 124
Transform: AffineTransform_float_3_3
Parameters: 0.999993 -0.0036085 0.000866873 0.00360786 0.999993 0.000534905 -0.000869422 -0.000531405 0.999999 0.119072 0.0160552 0.111795
FixedParameters: 0 0 0

#Transform 125
Transform: AffineTransform_float_3_3
Parameters: 0.999991 -0.00391714 0.00136862 0.00391627 0.999992 0.000776758 -0.00137241 -0.000771029 0.999999 0.139336 -0.00180154 0.12807
FixedParameters: 0 0 0

#Transform 126
Transform: AffineTransform_float_3_3
Parameters: 0.99999 -0.00443981 0.00130937 0.00443796 0.999989 0.0010144 -0.00131424 -0.00100841 0.999999 0.155697 0.0670539 0.0527794
FixedParameters: 0 0 0

#Transform 127
Transform: AffineTransform_float_3_3
Parameters: 0.999988 -0.00455891 0.0014709 0.00455841 0.999989 0.00076262 -0.00147382 -0.000755835 0.999999 0.168398 0.0108852 0.105046
FixedParameters: 0 0 0

#Transform 128
Transform: AffineTransform_float_3_3
Parameters: 0.999986 -0.00493624 0.0015935 0.0049358 0.999988 0.000177297 -0.00159428 -0.000168606 0.999998 0.172535 0.137566 0.0584575
FixedParameters: 0 0 0

#Transform 129
Transform: AffineTransform_float_3_3
Parameters: 0.999985 -0.00517358 0.001934 0.00517151 0.999986 0.00106263 -0.0019392 -0.00105259 0.999997 0.190502 0.0124855 0.102669
FixedParameters: 0 0 0

#Transform 130
Transform: AffineTransform_float_3_3
Parameters: 0.999985 -0.00534684 0.00165259 0.00534702 0.999986 0.000374975 -0.00165408 -0.000366446 0.999998 0.193095 0.0547807 0.0866874
FixedParameters: 0 0 0

#Transform 131
Transform: AffineTransform_float_3_3
Parameters: 0.999983 -0.00558611 0.00175902 0.00558499 0.999984 0.000438458 -0.00176119 -0.000429192 0.999998 0.199581 0.027101 0.0850378
FixedParameters: 0 0 0

#Transform 132
Transform: AffineTransform_float_3_3
Parameters: 0.999982 -0.00566152 0.00196716 0.00565998 0.999984 0.00044518 -0.00197043 -0.00043334 0.999998 0.201592 0.042817 0.128431
FixedParameters: 0 0 0

#Transform 133
Transform: AffineTransform_float_3_3
Parameters: 0.999981 -0.00585565 0.00163014 0.00585508 0.999983 0.000697547 -0.00163398 -0.000687383 0.999999 0.201552 0.0920808 0.0955621
FixedParameters: 0 0 0

#Transform 134
Transform: AffineTransform_float_3_3
Parameters: 0.99998 -0.00603229 0.0020735 0.00603097 0.999981 0.000789831 -0.00207767 -0.000776835 0.999998 0.20512 0.0671203 0.103557
FixedParameters: 0 0 0

#Transform 135
Transform: AffineTransform_float_3_3
Parameters: 0.999978 -0.00617071 0.00216006 0.0061696 0.999981 0.000649068 -0.00216368 -0.000635805 0.999998 0.20982 0.0520912 0.113828
FixedParameters: 0 0 0

#Transform 136
Transform: AffineTransform_float_3_3
Parameters: 0.999978 -0.00619464 0.00216679 0.00619175 0.99998 0.00116738 -0.00217392 -0.00115415 0.999997 0.211356 0.0293864 0.119627
FixedParameters: 0 0 0

#Transform 137
Transform: AffineTransform_float_3_3
Parameters: 0.999977 -0.00655771 0.0018997 0.00655628 0.999978 0.000954257 -0.00190524 -0.000941967 0.999998 0.223127 0.0627042 0.117681
FixedParameters: 0 0 0

#Transform 138
Transform: AffineTransform_float_3_3
Parameters: 0.999976 -0.00669256 0.00196759 0.00669032 0.999977 0.00112177 -0.00197572 -0.00110845 0.999997 0.239507 0.00925744 0.128511
FixedParameters: 0 0 0

#Transform 139
Transform: AffineTransform_float_3_3
Parameters: 0.999974 -0.00685732 0.00224381 0.00685499 0.999976 0.0010098 -0.00225071 -0.000995196 0.999997 0.226082 0.0535653 0.152086
FixedParameters: 0 0 0

#Transform 140
Transform: AffineTransform_float_3_3
Parameters: 0.999973 -0.0069662 0.00237559 0.00696439 0.999975 0.000798875 -0.00238082 -0.000782424 0.999997 0.242676 0.050423 0.113325
FixedParameters: 0 0 0

#Transform 141
Transform: AffineTransform_float_3_3
Parameters: 0.999974 -0.00681039 0.00222747 0.00680875 0.999977 0.000793319 -0.00223226 -0.0007783 0.999997 0.244074 0.0357865 0.147736
FixedParameters: 0 0 0

#Transform 142
Transform: AffineTransform_float_3_3
Parameters: 0.999975 -0.00659463 0.002403 0.00659254 0.999978 0.00102162 -0.0024104 -0.00100672 0.999996 0.240796 0.0769985 0.135544
FixedParameters: 0 0 0

#Transform 143
Transform: AffineTransform_float_3_3
Parameters: 0.999973 -0.00702716 0.00253747 0.00702439 0.999975 0.00124644 -0.00254628 -0.00122822 0.999996 0.24863 0.028845 0.177044
FixedParameters: 0 0 0

#Transform 144
Transform: AffineTransform_float_3_3
Parameters: 0.999972 -0.00706379 0.00220489 0.007063 0.999975 0.000538005 -0.00220862 -0.000522705 0.999998 0.242704 0.122998 0.12479
FixedParameters: 0 0 0

#Transform 145
Transform: AffineTransform_float_3_3
Parameters: 0.999974 -0.00676946 0.00251341 0.00676708 0.999977 0.00110476 -0.00252142 -0.00108747 0.999997 0.239415 0.0684075 0.181585
FixedParameters: 0 0 0

#Transform 146
Transform: AffineTransform_float_3_3
Parameters: 0.999972 -0.00710583 0.00207803 0.00710442 0.999975 0.000842209 -0.00208328 -0.00082785 0.999998 0.242022 0.100646 0.14821
FixedParameters: 0 0 0

#Transform 147
Transform: AffineTransform_float_3_3
Parameters: 0.999974 -0.00697757 0.00192162 0.00697462 0.999975 0.00118109 -0.00192925 -0.00116794 0.999997 0.230186 0.0647988 0.163312
FixedParameters: 0 0 0

#Transform 148
Transform: AffineTransform_float_3_3
Parameters: 0.999973 -0.00714483 0.00190584 0.00714359 0.999975 0.000887124 -0.00191197 -0.000873239 0.999998 0.233304 0.0849449 0.170069
FixedParameters: 0 0 0

#Transform 149
Transform: AffineTransform_float_3_3
Parameters: 0.999972 -0.00720443 0.00192588 0.00720288 0.999973 0.000895124 -0.00193313 -0.000881677 0.999998 0.240151 0.0735575 0.152651
FixedParameters: 0 0 0
