#Insight Transform File V1.0
#Transform 0
Transform: AffineTransform_float_3_3
Parameters: 1 -0.000169674 -0.000510885 0.000170196 1 0.000511206 0.000510711 -0.000511379 0.999999 0.0228384 -0.0782798 0.0592613
FixedParameters: 0 0 0

#Transform 1
Transform: AffineTransform_float_3_3
Parameters: 1 -4.75824e-05 -0.000140864 4.76659e-05 1 0.000296495 0.000140836 -0.000296508 1 0.0351964 -0.0802126 0.0385001
FixedParameters: 0 0 0

#Transform 2
Transform: AffineTransform_float_3_3
Parameters: 1 0.000114689 0.000365329 -0.000115379 0.999999 0.000948723 -0.000365102 -0.000948215 1 0.0231502 -0.0382168 0.0310748
FixedParameters: 0 0 0

#Transform 3
Transform: AffineTransform_float_3_3
Parameters: 1 2.79802e-05 9.52192e-05 -2.81025e-05 1 0.000642302 -9.51832e-05 -0.000642307 1 0.0313405 -0.0839344 0.0447247
FixedParameters: 0 0 0

#Transform 4
Transform: AffineTransform_float_3_3
Parameters: 1 3.82928e-05 0.000133988 -3.87132e-05 1 0.00109511 -0.000133853 -0.00109512 1 0.0241162 0.00226259 0.0208919
FixedParameters: 0 0 0

#Transform 5
Transform: AffineTransform_float_3_3
Parameters: 1 -8.61842e-06 -1.49731e-05 8.64107e-06 0.999999 0.000756612 1.49601e-05 -0.000756612 0.999999 0.0302947 -0.0389065 0.0494772
FixedParameters: 0 0 0

#Transform 6
Transform: AffineTransform_float_3_3
Parameters: 1 0.000363083 5.86444e-05 -0.000363161 0.999999 0.000669644 -5.8158e-05 -0.000669687 1 0.022181 -0.0674835 0.0190707
FixedParameters: 0 0 0

#Transform 7
Transform: AffineTransform_float_3_3
Parameters: 1 0.000520558 -0.000153361 -0.000520766 1 0.000335524 0.000152762 -0.000335417 1 0.0131433 -0.0623408 0.0398999
FixedParameters: 0 0 0

#Transform 8
Transform: AffineTransform_float_3_3
Parameters: 1 0.00045021 -4.08323e-05 -0.000450496 1 0.000307753 4.01616e-05 -0.000307769 1 0.0182509 -0.0351386 0.00124877
FixedParameters: 0 0 0

#Transform 9
Transform: AffineTransform_float_3_3
Parameters: 1 7.96108e-05 -0.000181384 -7.93018e-05 0.999999 0.000851518 0.000181519 -0.000851489 0.999999 0.0236576 -0.0276168 0.010047
FixedParameters: 0 0 0

#Transform 10
Transform: AffineTransform_float_3_3
Parameters: 1 0.000150452 -7.04343e-05 -0.000149387 0.999999 0.000878445 7.03897e-05 -0.000878468 0.999999 0.0265868 -0.0564341 0.0198451
FixedParameters: 0 0 0

#Transform 11
Transform: AffineTransform_float_3_3
Parameters: 1 3.37894e-05 0.000112862 -3.39326e-05 1 0.000634556 -0.000112819 -0.000634564 1 0.023966 -0.00300081 -0.00266442
FixedParameters: 0 0 0

#Transform 12
Transform: AffineTransform_float_3_3
Parameters: 1 0.000284209 2.16205e-05 -0.000284242 0.999999 0.000765495 -2.11853e-05 -0.000765507 0.999999 0.0264511 -0.10442 0.0415803
FixedParameters: 0 0 0

#Transform 13
Transform: AffineTransform_float_3_3
Parameters: 1 0.000317015 4.93225e-05 -0.000317038 1 0.000231844 -4.91755e-05 -0.000231875 1 0.0131229 -0.0274754 -0.00281738
FixedParameters: 0 0 0

#Transform 14
Transform: AffineTransform_float_3_3
Parameters: 1 0.000376881 2.97167e-05 -0.000375953 1 0.000232119 -2.98499e-05 -0.000232185 1 0.0225822 -0.0775605 0.0228025
FixedParameters: 0 0 0

#Transform 15
Transform: AffineTransform_float_3_3
Parameters: 1 5.19288e-05 -0.000215149 -5.22502e-05 0.999999 -0.000747112 0.000215071 0.000747134 0.999999 0.0254463 0.0315425 -0.0224243
FixedParameters: 0 0 0

#Transform 16
Transform: AffineTransform_float_3_3
Parameters: 1 -8.52191e-05 -0.000264665 8.50445e-05 1 -0.000329856 0.000264721 0.000329811 1 0.0281753 0.033069 -0.0333185
FixedParameters: 0 0 0

#Transform 17
Transform: AffineTransform_float_3_3
Parameters: 1 -2.95952e-05 -9.051e-05 2.95926e-05 1 -1.4565e-05 9.05109e-05 1.45596e-05 1 0.00982926 -0.0607656 0.0287094
FixedParameters: 0 0 0

#Transform 18
Transform: AffineTransform_float_3_3
Parameters: 1 3.82115e-05 0.000114288 -3.81774e-05 1 -0.000149092 -0.000114299 0.000149084 1 0.0142754 0.0412032 -0.0328628
FixedParameters: 0 0 0

#Transform 19
Transform: AffineTransform_float_3_3
Parameters: 1 -0.000104153 0.00011637 0.000104045 1 0.000465844 -0.000116467 -0.000465819 1 0.000425823 -0.0510603 0.00982474
FixedParameters: 0 0 0

#Transform 20
Transform: AffineTransform_float_3_3
Parameters: 1 -0.000223463 0.000120486 0.00022347 1 -2.71261e-05 -0.000120474 2.71799e-05 1 -0.000910552 0.0149406 -0.00641399
FixedParameters: 0 0 0

#Transform 21
Transform: AffineTransform_float_3_3
Parameters: 1 0.000149081 0.000456907 -0.000149194 1 0.000124171 -0.00045687 -0.000124308 1 -0.00698646 -0.0629804 0.0263829
FixedParameters: 0 0 0

#Transform 22
Transform: AffineTransform_float_3_3
Parameters: 1 0.000135199 -0.000461851 -0.000135156 1 -0.000308502 0.000462782 0.000307875 1 0.00172912 -0.0553331 0.0289202
FixedParameters: 0 0 0

#Transform 23
Transform: AffineTransform_float_3_3
Parameters: 1 0.000150789 0.000438077 -0.00015068 0.999999 -0.00134443 -0.000438123 0.00134435 0.999999 -0.00171664 0.00884614 -0.0269161
FixedParameters: 0 0 0

#Transform 24
Transform: AffineTransform_float_3_3
Parameters: 1 7.88918e-05 0.000222801 -7.85069e-05 1 -0.00114851 -0.00022293 0.00114848 1 -0.015997 -0.0694296 0.0317179
FixedParameters: 0 0 0

#Transform 25
Transform: AffineTransform_float_3_3
Parameters: 1 3.86486e-05 -0.000356162 -3.86076e-05 1 -0.00108625 0.000355821 0.00108624 1 0.0112365 0.0476948 -0.0111234
FixedParameters: 0 0 0

#Transform 26
Transform: AffineTransform_float_3_3
Parameters: 1 7.41066e-05 0.000220743 -7.39566e-05 1 -0.000339849 -0.000220794 0.000339817 1 -0.0108083 0.049655 -0.0176339
FixedParameters: 0 0 0

#Transform 27
Transform: AffineTransform_float_3_3
Parameters: 1 -0.000120034 -0.000368845 0.000119894 1 -0.000190081 0.000368891 0.000189992 1 0.004771 -0.024796 0.0296555
FixedParameters: 0 0 0

#Transform 28
Transform: AffineTransform_float_3_3
Parameters: 1 8.19603e-05 0.000241245 -8.16915e-05 1 -0.000556857 -0.000241336 0.000556818 1 -0.0089593 0.0251166 -0.00149097
FixedParameters: 0 0 0

#Transform 29
Transform: AffineTransform_float_3_3
Parameters: 1 -0.000201626 0.000186564 0.000201649 1 -6.24277e-05 -0.000186539 6.25029e-05 1 0.00161711 -0.0258072 0.0318597
FixedParameters: 0 0 0

#Transform 30
Transform: AffineTransform_float_3_3
Parameters: 1 3.46621e-05 -0.000516614 -3.51147e-05 1 -0.000438021 0.000516584 0.000438057 1 0.00784429 -0.0529286 0.0339025
FixedParameters: 0 0 0

#Transform 31
Transform: AffineTransform_float_3_3
Parameters: 1 -0.000272423 -0.00035413 0.000271381 0.999999 -0.00129074 0.000354884 0.00129055 0.999999 0.00524681 0.015848 -0.0336503
FixedParameters: 0 0 0

#Transform 32
Transform: AffineTransform_float_3_3
Parameters: 1 -0.000139258 -0.000435356 0.000138584 0.999999 -0.000773205 0.000435571 0.000773084 0.999999 0.0102064 -0.0768479 0.0461905
FixedParameters: 0 0 0

#Transform 33
Transform: AffineTransform_float_3_3
Parameters: 1 7.64496e-05 0.000208198 -7.59074e-05 0.999998 -0.00160658 -0.000208392 0.00160655 0.999998 -0.00538863 -0.00414306 -0.000356497
FixedParameters: 0 0 0

#Transform 34
Transform: AffineTransform_float_3_3
Parameters: 1 -0.000317222 0.000402092 0.000318144 0.999998 -0.00169248 -0.000401913 0.00169269 0.999998 0.00319465 -0.0270704 -0.00999429
FixedParameters: 0 0 0

#Transform 35
Transform: AffineTransform_float_3_3
Parameters: 1 0.000122755 0.000346483 -0.000121669 0.999998 -0.00174464 -0.000346849 0.00174515 0.999999 -0.00351226 -0.0609049 0.0157923
FixedParameters: 0 0 0

#Transform 36
Transform: AffineTransform_float_3_3
Parameters: 1 0.00028503 3.8674e-05 -0.00028483 0.999998 -0.00186157 -3.8684e-05 0.00186161 0.999999 0.0186476 0.015519 -0.0229235
FixedParameters: 0 0 0

#Transform 37
Transform: AffineTransform_float_3_3
Parameters: 1 0.000316094 9.46121e-05 -0.000315685 0.999998 -0.00185722 -9.47346e-05 0.00185721 0.999999 0.0149459 -0.113615 0.0579079
FixedParameters: 0 0 0

#Transform 38
Transform: AffineTransform_float_3_3
Parameters: 1 9.65216e-05 0.00024809 -9.55509e-05 0.999995 -0.00297877 -0.000248457 0.00297873 0.999995 0.0278387 -0.044475 0.0379726
FixedParameters: 0 0 0

#Transform 39
Transform: AffineTransform_float_3_3
Parameters: 1 9.20393e-05 0.000237228 -9.12145e-05 0.999996 -0.00280817 -0.000237537 0.00280814 0.999996 0.0229816 0.00824671 -0.0193591
FixedParameters: 0 0 0

#Transform 40
Transform: AffineTransform_float_3_3
Parameters: 1 0.000603158 1.64002e-05 -0.00060272 0.999997 -0.00208527 -1.69162e-05 0.00208537 0.999998 0.0189924 -0.071263 0.042379
FixedParameters: 0 0 0

#Transform 41
Transform: AffineTransform_float_3_3
Parameters: 1 0.000413694 4.22195e-05 -0.000414052 0.999992 -0.00402507 -4.41918e-05 0.00402511 0.999992 0.0199589 0.0266509 -0.0545677
FixedParameters: 0 0 0

#Transform 42
Transform: AffineTransform_float_3_3
Parameters: 1 0.000313615 0.00020185 -0.000312718 0.999995 -0.00333295 -0.000202681 0.00333289 0.999995 0.00152913 -0.0148538 -0.0371185
FixedParameters: 0 0 0

#Transform 43
Transform: AffineTransform_float_3_3
Parameters: 1 0.000338837 -0.00041377 -0.00033997 0.999994 -0.00347764 0.000412998 0.00347796 0.999994 -0.00159292 0.0334182 -0.0619158
FixedParameters: 0 0 0

#Transform 44
Transform: AffineTransform_float_3_3
Parameters: 1 -4.83852e-05 -0.000187518 4.77555e-05 0.999996 -0.00283291 0.000187689 0.00283286 0.999996 0.00503495 0.0313373 -0.0509276
FixedParameters: 0 0 0

#Transform 45
Transform: AffineTransform_float_3_3
Parameters: 1 -7.48081e-06 -7.38362e-05 7.13684e-06 0.999994 -0.00354027 7.38887e-05 0.00354025 0.999993 -0.00111807 -0.0194804 -0.0464122
FixedParameters: 0 0 0

#Transform 46
Transform: AffineTransform_float_3_3
Parameters: 1 0.000238154 0.000147262 -0.000237589 0.999994 -0.00344462 -0.000147644 0.00344462 0.999994 -0.00600475 0.0505556 -0.0867648
FixedParameters: 0 0 0

#Transform 47
Transform: AffineTransform_float_3_3
Parameters: 1 -8.95909e-05 0.000470602 9.09139e-05 0.999993 -0.00368302 -0.000470217 0.00368312 0.999993 -0.00511958 -0.0431805 -0.037885
FixedParameters: 0 0 0

#Transform 48
Transform: AffineTransform_float_3_3
Parameters: 1 -2.38565e-05 -0.000122171 2.31874e-05 0.999994 -0.00346861 0.000122335 0.00346858 0.999994 0.000979502 0.0712532 -0.0936015
FixedParameters: 0 0 0

#Transform 49
Transform: AffineTransform_float_3_3
Parameters: 1 7.50189e-05 0.000178153 -7.44725e-05 0.999994 -0.00331455 -0.000178391 0.00331454 0.999994 -0.0186679 0.0247765 -0.0586905
FixedParameters: 0 0 0

#Transform 50
Transform: AffineTransform_float_3_3
Parameters: 1 -0.000198322 -0.000226021 0.00019802 0.999992 -0.00397703 0.000226137 0.00397679 0.999992 -0.02084 0.025822 -0.0635455
FixedParameters: 0 0 0

#Transform 51
Transform: AffineTransform_float_3_3
Parameters: 1 0.000106642 0.0002718 -0.000105533 0.999994 -0.00344009 -0.000272221 0.00344005 0.999994 -0.020634 -0.00575526 -0.0684988
FixedParameters: 0 0 0

#Transform 52
Transform: AffineTransform_float_3_3
Parameters: 1 0.000103133 0.000263138 -0.000102028 0.999994 -0.00330441 -0.000263559 0.00330437 0.999994 -0.0180892 0.00540808 -0.0537279
FixedParameters: 0 0 0

#Transform 53
Transform: AffineTransform_float_3_3
Parameters: 1 0.000102357 0.000678964 -9.9444e-05 0.999994 -0.00340022 -0.000679033 0.00340015 0.999994 -0.0229359 0.0265347 -0.0786285
FixedParameters: 0 0 0

#Transform 54
Transform: AffineTransform_float_3_3
Parameters: 1 9.48687e-05 0.000643609 -9.34431e-05 0.999994 -0.00340263 -0.000644273 0.00340257 0.999994 -0.0122502 -0.04048 -0.0331842
FixedParameters: 0 0 0

#Transform 55
Transform: AffineTransform_float_3_3
Parameters: 1 6.9049e-05 0.000153263 -6.87764e-05 0.999993 -0.00378941 -0.000153425 0.00378941 0.999993 0.00854184 0.0432929 -0.0913974
FixedParameters: 0 0 0

#Transform 56
Transform: AffineTransform_float_3_3
Parameters: 1 -4.00408e-06 -7.78763e-05 3.77141e-06 0.99999 -0.00460898 7.78622e-05 0.00460893 0.99999 0.00478497 0.0255661 -0.0769674
FixedParameters: 0 0 0

#Transform 57
Transform: AffineTransform_float_3_3
Parameters: 1 -1.52279e-05 -0.000105716 1.5085e-05 0.999992 -0.00417302 0.00010569 0.00417296 0.999992 0.00475019 0.0294547 -0.0680181
FixedParameters: 0 0 0

#Transform 58
Transform: AffineTransform_float_3_3
Parameters: 1 -9.89175e-06 -9.24626e-05 9.69395e-06 0.999991 -0.00438053 9.24471e-05 0.00438047 0.999991 -0.0165385 0.0188233 -0.0490069
FixedParameters: 0 0 0

#Transform 59
Transform: AffineTransform_float_3_3
Parameters: 1 6.38418e-05 0.000122197 -6.3234e-05 0.999988 -0.00486809 -0.000122506 0.00486807 0.999988 -7.83073e-05 -0.00390072 -0.0425727
FixedParameters: 0 0 0

#Transform 60
Transform: AffineTransform_float_3_3
Parameters: 1 -6.48788e-07 -6.96753e-05 4.73921e-07 0.999989 -0.00473767 6.96308e-05 0.00473762 0.999989 0.00192615 0.00838261 -0.0529109
FixedParameters: 0 0 0

#Transform 61
Transform: AffineTransform_float_3_3
Parameters: 1 -0.000115661 -0.00041795 0.000113743 0.999987 -0.00497246 0.000418477 0.00497223 0.999987 0.000846107 -0.00733545 -0.0447736
FixedParameters: 0 0 0

#Transform 62
Transform: AffineTransform_float_3_3
Parameters: 1 1.93936e-05 -4.35239e-06 -1.97612e-05 0.999991 -0.00437512 4.38767e-06 0.00437511 0.999991 -0.0045472 0.0700576 -0.094109
FixedParameters: 0 0 0

#Transform 63
Transform: AffineTransform_float_3_3
Parameters: 1 0.000161101 0.000418971 -0.000159506 0.999989 -0.00454092 -0.000419605 0.00454086 0.999989 -0.0203794 -0.0189256 -0.0245371
FixedParameters: 0 0 0

#Transform 64
Transform: AffineTransform_float_3_3
Parameters: 1 -0.000446116 0.000451779 0.000447983 0.999989 -0.00465568 -0.000449894 0.00465596 0.999989 0.00136872 0.0219771 -0.0541422
FixedParameters: 0 0 0

#Transform 65
Transform: AffineTransform_float_3_3
Parameters: 1 -0.000181996 0.000709746 0.000185668 0.999989 -0.00467549 -0.000709049 0.00467573 0.999989 -0.0185689 -0.00714396 -0.0455595
FixedParameters: 0 0 0

#Transform 66
Transform: AffineTransform_float_3_3
Parameters: 1 -0.00017444 0.000521053 0.000176482 0.999987 -0.00504922 -0.0005202 0.00504938 0.999987 -0.00975757 -0.0201171 -0.0356833
FixedParameters: 0 0 0

#Transform 67
Transform: AffineTransform_float_3_3
Parameters: 1 -0.000170294 0.000661605 0.000174191 0.999984 -0.00576486 -0.000660332 0.00576508 0.999983 -0.00174597 0.0332823 -0.0803761
FixedParameters: 0 0 0

#Transform 68
Transform: AffineTransform_float_3_3
Parameters: 1 0.000253834 0.000680894 -0.000250125 0.999984 -0.00559341 -0.000682274 0.00559321 0.999984 -0.0268918 -0.00643161 -0.0643052
FixedParameters: 0 0 0

#Transform 69
Transform: AffineTransform_float_3_3
Parameters: 1 0.000283095 0.000756335 -0.000277907 0.999979 -0.00634666 -0.00075825 0.00634639 0.999979 -0.0239982 -0.0345533 -0.027187
FixedParameters: 0 0 0

#Transform 70
Transform: AffineTransform_float_3_3
Parameters: 1 0.000205474 0.000525272 -0.00020233 0.99998 -0.00630019 -0.000526504 0.00630009 0.99998 -0.0111682 0.0259481 -0.0758258
FixedParameters: 0 0 0

#Transform 71
Transform: AffineTransform_float_3_3
Parameters: 1 0.00030145 0.000268051 -0.00030034 0.999979 -0.00644637 -0.000269902 0.00644633 0.999979 -0.0209116 -0.0736392 -0.0290625
FixedParameters: 0 0 0

#Transform 72
Transform: AffineTransform_float_3_3
Parameters: 1 0.000122826 0.000437446 -0.000120186 0.99998 -0.00641317 -0.000438872 0.00641308 0.99998 -0.0275917 -0.0245065 -0.0347222
FixedParameters: 0 0 0

#Transform 73
Transform: AffineTransform_float_3_3
Parameters: 1 0.000137636 0.000320964 -0.000135235 0.99998 -0.00642022 -0.000321943 0.00642016 0.99998 -0.0296023 0.00218123 -0.0740676
FixedParameters: 0 0 0

#Transform 74
Transform: AffineTransform_float_3_3
Parameters: 1 0.000152314 0.000356531 -0.000149437 0.999975 -0.00697889 -0.00035771 0.00697882 0.999975 -0.0287057 -0.0142811 -0.0800815
FixedParameters: 0 0 0

#Transform 75
Transform: AffineTransform_float_3_3
Parameters: 1 0.000146505 0.000342502 -0.000143849 0.999977 -0.00675842 -0.000343588 0.00675835 0.999977 -0.0205342 0.00820755 -0.0828739
FixedParameters: 0 0 0

#Transform 76
Transform: AffineTransform_float_3_3
Parameters: 1 0.000318682 0.000102517 -0.000317516 0.99998 -0.0064294 -0.000104247 0.00642942 0.99998 -0.00521386 -0.0100235 -0.0982749
FixedParameters: 0 0 0

#Transform 77
Transform: AffineTransform_float_3_3
Parameters: 1 3.68354e-05 1.72383e-05 -3.65765e-05 0.999978 -0.00662063 -1.75161e-05 0.00662057 0.999978 0.000687903 0.0425958 -0.118799
FixedParameters: 0 0 0

#Transform 78
Transform: AffineTransform_float_3_3
Parameters: 1 0.000558389 -1.66844e-05 -0.000558391 0.999978 -0.00669558 1.35572e-05 0.0066952 0.999977 -0.00861562 0.0112475 -0.107617
FixedParameters: 0 0 0

#Transform 79
Transform: AffineTransform_float_3_3
Parameters: 1 0.000465374 0.000131136 -0.000464088 0.999977 -0.00687681 -0.000135013 0.00687678 0.999977 -0.00150394 0.0126411 -0.11473
FixedParameters: 0 0 0

#Transform 80
Transform: AffineTransform_float_3_3
Parameters: 0.999999 0.00077765 0.000464653 -0.000774854 0.999974 -0.00707511 -0.000469943 0.00707477 0.999975 -0.0116484 0.0155184 -0.115397
FixedParameters: 0 0 0

#Transform 81
Transform: AffineTransform_float_3_3
Parameters: 1 0.00060843 -9.24484e-05 -0.000609567 0.99997 -0.00774218 8.74294e-05 0.00774247 0.99997 -0.00716524 -0.00114309 -0.111548
FixedParameters: 0 0 0

#Transform 82
Transform: AffineTransform_float_3_3
Parameters: 1 0.000340608 3.13247e-07 -0.000340442 0.999974 -0.00718006 -2.89357e-06 0.00718012 0.999974 -0.00666574 0.0475903 -0.152808
FixedParameters: 0 0 0

#Transform 83
Transform: AffineTransform_float_3_3
Parameters: 1 0.000428612 -2.52172e-05 -0.000429576 0.999973 -0.00730865 2.25618e-05 0.00730882 0.999974 -0.00664509 0.0360357 -0.118313
FixedParameters: 0 0 0

#Transform 84
Transform: AffineTransform_float_3_3
Parameters: 1 0.000334191 6.13989e-05 -0.000333361 0.999972 -0.00751314 -6.40018e-05 0.00751317 0.999972 -0.0150831 0.0613792 -0.141909
FixedParameters: 0 0 0

#Transform 85
Transform: AffineTransform_float_3_3
Parameters: 1 0.000486837 0.00035766 -0.000484373 0.999974 -0.00715658 -0.000361377 0.00715642 0.999975 -0.0194851 0.00449908 -0.107089
FixedParameters: 0 0 0

#Transform 86
Transform: AffineTransform_float_3_3
Parameters: 1 0.000471263 0.00036317 -0.000468678 0.999975 -0.00704337 -0.000366608 0.00704321 0.999975 -0.0116312 0.0431184 -0.108903
FixedParameters: 0 0 0

#Transform 87
Transform: AffineTransform_float_3_3
Parameters: 1 0.000587874 0.00053945 -0.000584767 0.999977 -0.00673148 -0.000543649 0.00673112 0.999977 -0.00991835 0.0400119 -0.124008
FixedParameters: 0 0 0

#Transform 88
Transform: AffineTransform_float_3_3
Parameters: 1 0.000496389 0.000253675 -0.000494306 0.999971 -0.00762099 -0.000257197 0.00762095 0.999971 -0.00744371 0.012622 -0.0661631
FixedParameters: 0 0 0

#Transform 89
Transform: AffineTransform_float_3_3
Parameters: 1 0.000127552 -1.94383e-05 -0.000127582 0.99997 -0.00773121 1.87255e-05 0.00773119 0.99997 -0.000924183 0.0613676 -0.12335
FixedParameters: 0 0 0

#Transform 90
Transform: AffineTransform_float_3_3
Parameters: 1 1.58549e-05 0.000407411 -1.26586e-05 0.999971 -0.00751545 -0.00040744 0.00751543 0.999971 -0.0113198 0.0138709 -0.0902272
FixedParameters: 0 0 0

#Transform 91
Transform: AffineTransform_float_3_3
Parameters: 1 -5.08195e-05 1.33147e-05 5.05424e-05 0.999969 -0.00785209 -1.31033e-05 0.00785197 0.999969 0.00408935 0.046629 -0.117994
FixedParameters: 0 0 0

#Transform 92
Transform: AffineTransform_float_3_3
Parameters: 1 0.000509938 0.000296596 -0.000508123 0.999972 -0.0074435 -0.00029989 0.00744345 0.999972 -0.0226107 0.0130442 -0.0921695
FixedParameters: 0 0 0

#Transform 93
Transform: AffineTransform_float_3_3
Parameters: 1 0.000564611 0.000453633 -0.00056143 0.999969 -0.00782306 -0.000457696 0.00782285 0.999969 -0.0128904 0.0311448 -0.109786
FixedParameters: 0 0 0

#Transform 94
Transform: AffineTransform_float_3_3
Parameters: 1 0.000511717 0.000300816 -0.000509799 0.999971 -0.00751034 -0.000304204 0.00751028 0.999971 -0.0093241 0.0083368 -0.113521
FixedParameters: 0 0 0

#Transform 95
Transform: AffineTransform_float_3_3
Parameters: 1 0.000439426 9.08621e-05 -0.0004389 0.999975 -0.00715067 -9.45252e-05 0.00715069 0.999975 -0.00273678 -0.0375192 -0.0905907
FixedParameters: 0 0 0

#Transform 96
Transform: AffineTransform_float_3_3
Parameters: 1 0.000508662 0.000293568 -0.000506924 0.999973 -0.00739591 -0.000296804 0.00739526 0.999972 -0.0088335 0.0553821 -0.14757
FixedParameters: 0 0 0

#Transform 97
Transform: AffineTransform_float_3_3
Parameters: 1 0.000520114 0.000321237 -0.00051806 0.999969 -0.00783259 -0.00032493 0.00783251 0.999969 -0.00833076 -0.00640564 -0.110916
FixedParameters: 0 0 0

#Transform 98
Transform: AffineTransform_float_3_3
Parameters: 1 0.000449125 0.00010542 -0.000448751 0.999966 -0.00817487 -0.000108834 0.00817496 0.999966 -0.0062666 0.0191419 -0.123411
FixedParameters: 0 0 0

#Transform 99
Transform: AffineTransform_float_3_3
Parameters: 1 0.000399937 0.000336008 -0.000397828 0.999972 -0.00747794 -0.000338637 0.00747787 0.999972 -0.0074937 0.0137253 -0.115604
FixedParameters: 0 0 0

#Transform 100
Transform: AffineTransform_float_3_3
Parameters: 1 0.000500316 0.000256798 -0.000498506 0.999966 -0.0082251 -0.000260729 0.00822507 0.999966 0.00562008 -0.0302914 -0.0740512
FixedParameters: 0 0 0

#Transform 101
Transform: AffineTransform_float_3_3
Parameters: 1 0.000555744 0.000423838 -0.000553083 0.999968 -0.00805771 -0.000427924 0.00805755 0.999968 -0.00237337 0.0159722 -0.11967
FixedParameters: 0 0 0

#Transform 102
Transform: AffineTransform_float_3_3
Parameters: 1 0.000652539 0.000548573 -0.000648793 0.999969 -0.00783382 -0.000553713 0.00783345 0.999969 -0.0119395 0.0157968 -0.106973
FixedParameters: 0 0 0

#Transform 103
Transform: AffineTransform_float_3_3
Parameters: 1 0.000513281 4.8876e-05 -0.000512579 0.999967 -0.00814472 -5.26658e-05 0.00814485 0.999967 0.00425268 -0.00559734 -0.0825908
FixedParameters: 0 0 0

#Transform 104
Transform: AffineTransform_float_3_3
Parameters: 1 0.000487605 0.000222654 -0.000486219 0.999968 -0.00797099 -0.000226234 0.00797099 0.999968 0.00469962 0.0364711 -0.12418
FixedParameters: 0 0 0

#Transform 105
Transform: AffineTransform_float_3_3
Parameters: 1 0.000442308 8.35733e-05 -0.000441455 0.999965 -0.00829473 -8.72348e-05 0.00829479 0.999965 -0.0035884 -0.028208 -0.0657438
FixedParameters: 0 0 0

#Transform 106
Transform: AffineTransform_float_3_3
Parameters: 1 0.000726451 0.000141669 -0.000725137 0.999964 -0.00846202 -0.000147977 0.0084621 0.999964 -0.0130435 0.0277966 -0.116991
FixedParameters: 0 0 0

#Transform 107
Transform: AffineTransform_float_3_3
Parameters: 1 0.000544248 0.000392476 -0.00054105 0.999969 -0.00786255 -0.000396571 0.00786238 0.999969 -0.0244954 0.00560017 -0.119062
FixedParameters: 0 0 0

#Transform 108
Transform: AffineTransform_float_3_3
Parameters: 1 0.000496115 0.000249743 -0.000494234 0.999969 -0.00784377 -0.000253381 0.00784373 0.999969 -0.00994824 0.0318841 -0.12696
FixedParameters: 0 0 0

#Transform 109
Transform: AffineTransform_float_3_3
Parameters: 1 -0.000138274 0.00071682 0.000143797 0.999968 -0.00800384 -0.000715451 0.00800404 0.999967 -0.0097444 0.0670458 -0.141556
FixedParameters: 0 0 0

#Transform 110
Transform: AffineTransform_float_3_3
Parameters: 1 0.000499688 0.000258399 -0.000497726 0.999968 -0.00798045 -0.000262177 0.0079804 0.999968 -0.0242271 -0.00426468 -0.0941564
FixedParameters: 0 0 0

#Transform 111
Transform: AffineTransform_float_3_3
Parameters: 1 0.000424203 3.17918e-05 -0.000424094 0.999966 -0.00815214 -3.50896e-05 0.00815225 0.999966 -0.00767907 0.0537704 -0.139889
FixedParameters: 0 0 0

#Transform 112
Transform: AffineTransform_float_3_3
Parameters: 1 0.000439182 0.000273872 -0.000436872 0.999968 -0.0079125 -0.000276597 0.00791226 0.999969 -0.0102161 0.0188134 -0.124077
FixedParameters: 0 0 0

#Transform 113
Transform: AffineTransform_float_3_3
Parameters: 1 0.000303826 -0.000109934 -0.00030521 0.999963 -0.00868956 0.000106952 0.00868964 0.999962 -0.00244464 0.0481803 -0.127191
FixedParameters: 0 0 0

#Transform 114
Transform: AffineTransform_float_3_3
Parameters: 1 0.000512034 0.000288353 -0.000509824 0.999964 -0.00845334 -0.000292604 0.00845327 0.999964 -0.0108176 0.039647 -0.141651
FixedParameters: 0 0 0

#Transform 115
Transform: AffineTransform_float_3_3
Parameters: 1 0.000528481 0.000328076 -0.000525511 0.999958 -0.00908087 -0.000332055 0.00908082 0.999958 -0.0286494 -0.0218863 -0.0839839
FixedParameters: 0 0 0

#Transform 116
Transform: AffineTransform_float_3_3
Parameters: 1 0.000382938 -9.95078e-05 -0.000383982 0.999961 -0.00883716 9.60409e-05 0.0088373 0.999961 0.0055461 0.0467237 -0.145437
FixedParameters: 0 0 0

#Transform 117
Transform: AffineTransform_float_3_3
Parameters: 1 0.000358827 -0.000159036 -0.000360544 0.999968 -0.00789925 0.000156627 0.00789864 0.999969 0.0209159 0.00155483 -0.11228
FixedParameters: 0 0 0

#Transform 118
Transform: AffineTransform_float_3_3
Parameters: 1 0.000370629 -0.000129832 -0.000371564 0.999965 -0.00835919 0.0001268 0.00835853 0.999965 0.0130112 0.0873687 -0.169395
FixedParameters: 0 0 0

#Transform 119
Transform: AffineTransform_float_3_3
Parameters: 1 0.000439221 7.91692e-05 -0.000439187 0.999969 -0.00795529 -8.22831e-05 0.00795539 0.999969 0.0125644 0.0444676 -0.140092
FixedParameters: 0 0 0

#Transform 120
Transform: AffineTransform_float_3_3
Parameters: 1 0.000466444 0.000148112 -0.000465634 0.999961 -0.00881824 -0.000151149 0.00881835 0.999961 0.0113088 0.0680674 -0.121265
FixedParameters: 0 0 0

#Transform 121
Transform: AffineTransform_float_3_3
Parameters: 1 0.000428673 3.78554e-05 -0.000429055 0.999962 -0.00869692 -4.14402e-05 0.00869703 0.999962 0.0129609 0.0557864 -0.153583
FixedParameters: 0 0 0

#Transform 122
Transform: AffineTransform_float_3_3
Parameters: 1 0.000506198 0.000262983 -0.000503801 0.999959 -0.00902745 -0.000267763 0.00902738 0.999959 -0.0201198 0.027814 -0.11453
FixedParameters: 0 0 0

#Transform 123
Transform: AffineTransform_float_3_3
Parameters: 1 0.000267458 0.000258772 -0.000264955 0.999957 -0.00928856 -0.000261481 0.00928848 0.999957 -0.0057943 0.0620646 -0.159764
FixedParameters: 0 0 0

#Transform 124
Transform: AffineTransform_float_3_3
Parameters: 1 0.000376449 5.24179e-05 -0.000375872 0.999961 -0.00890388 -5.54466e-05 0.00890395 0.999961 0.000147499 -0.0224056 -0.093996
FixedParameters: 0 0 0

#Transform 125
Transform: AffineTransform_float_3_3
Parameters: 1 0.000453854 0.000105455 -0.000453453 0.999957 -0.00920917 -0.00010973 0.00920924 0.999957 -0.00498437 0.0196302 -0.117431
FixedParameters: 0 0 0

#Transform 126
Transform: AffineTransform_float_3_3
Parameters: 1 0.000432149 4.11799e-05 -0.00043199 0.999957 -0.00921383 -4.53692e-05 0.00921391 0.999957 -0.00376032 0.0104886 -0.135373
FixedParameters: 0 0 0

#Transform 127
Transform: AffineTransform_float_3_3
Parameters: 1 6.90981e-05 -0.000296109 -7.26049e-05 0.99995 -0.0100368 0.000295436 0.0100367 0.999949 -0.01801 -0.0235853 -0.0947497
FixedParameters: 0 0 0

#Transform 128
Transform: AffineTransform_float_3_3
Parameters: 1 2.4067e-05 0.000229066 -2.19707e-05 0.999955 -0.00951033 -0.000229368 0.00951024 0.999955 0.00107992 0.0554792 -0.147485
FixedParameters: 0 0 0

#Transform 129
Transform: AffineTransform_float_3_3
Parameters: 1 -3.71514e-05 0.000107268 3.80709e-05 0.999957 -0.00928215 -0.000106845 0.00928203 0.999957 -0.00858722 -0.016767 -0.0958821
FixedParameters: 0 0 0

#Transform 130
Transform: AffineTransform_float_3_3
Parameters: 1 -0.000117948 8.75085e-05 0.000118908 0.999955 -0.00947901 -8.66913e-05 0.00947881 0.999955 -0.00870104 0.0713875 -0.141259
FixedParameters: 0 0 0

#Transform 131
Transform: AffineTransform_float_3_3
Parameters: 1 6.17863e-05 0.000242665 -5.94373e-05 0.999965 -0.00844497 -0.00024276 0.00844492 0.999965 -0.00454898 0.104502 -0.158471
FixedParameters: 0 0 0

#Transform 132
Transform: AffineTransform_float_3_3
Parameters: 1 -0.000143893 0.000438513 0.000147585 0.999962 -0.00878864 -0.000437405 0.00878865 0.999962 -0.0345275 0.0101367 -0.0935395
FixedParameters: 0 0 0

#Transform 133
Transform: AffineTransform_float_3_3
Parameters: 1 -0.000406417 0.000431948 0.000410237 0.999961 -0.00887737 -0.000428312 0.00887686 0.99996 -0.0179235 0.0738343 -0.15936
FixedParameters: 0 0 0

#Transform 134
Transform: AffineTransform_float_3_3
Parameters: 1 -0.000179569 0.000356454 0.000182989 0.999961 -0.00889116 -0.000354059 0.00889198 0.999961 -0.0309799 -0.00585031 -0.0840744
FixedParameters: 0 0 0

#Transform 135
Transform: AffineTransform_float_3_3
Parameters: 1 -0.000181264 0.000485936 0.000185617 0.999955 -0.0095565 -0.000483589 0.00955739 0.999954 -0.0306894 -0.0187851 -0.0935365
FixedParameters: 0 0 0

#Transform 136
Transform: AffineTransform_float_3_3
Parameters: 0.999999 -0.000355648 0.000753432 0.000362258 0.999956 -0.0093553 -0.000750139 0.00935567 0.999956 -0.01888 0.0390792 -0.144676
FixedParameters: 0 0 0

#Transform 137
Transform: AffineTransform_float_3_3
Parameters: 1 -0.000105068 0.000717041 0.000110959 0.999958 -0.00914669 -0.000715439 0.00914687 0.999958 -0.0362372 -0.0249792 -0.0769171
FixedParameters: 0 0 0

#Transform 138
Transform: AffineTransform_float_3_3
Parameters: 0.999999 -0.0004601 0.000906762 0.000469112 0.999958 -0.00913263 -0.000902749 0.00913325 0.999958 -0.0190089 0.0579724 -0.129164
FixedParameters: 0 0 0

#Transform 139
Transform: AffineTransform_float_3_3
Parameters: 1 -0.00014432 0.00060506 0.000149127 0.99996 -0.00885114 -0.0006033 0.00885129 0.99996 -0.0401766 0.0165913 -0.0934275
FixedParameters: 0 0 0

#Transform 140
Transform: AffineTransform_float_3_3
Parameters: 0.999999 0.000714887 0.000856728 -0.000705429 0.999944 -0.0105502 -0.000864116 0.0105495 0.999944 -0.0702186 0.0464399 -0.12392
FixedParameters: 0 0 0

#Transform 141
Transform: AffineTransform_float_3_3
Parameters: 0.999999 -3.03897e-05 0.0012541 4.9554e-05 0.999886 -0.0150918 -0.001253 0.015092 0.999886 -0.021806 0.0813237 -0.268129
FixedParameters: 0 0 0

#Transform 142
Transform: AffineTransform_float_3_3
Parameters: 0.999999 -0.000476731 0.00113327 0.000490669 0.99992 -0.0125867 -0.00112703 0.0125868 0.999921 -0.0285246 -0.0165511 -0.144494
FixedParameters: 0 0 0

#Transform 143
Transform: AffineTransform_float_3_3
Parameters: 0.999999 0.00011184 0.00113295 -9.78053e-05 0.999926 -0.0121869 -0.00113452 0.0121869 0.999925 -0.0514099 0.0694808 -0.163788
FixedParameters: 0 0 0

#Transform 144
Transform: AffineTransform_float_3_3
Parameters: 0.999999 0.000247518 0.00151962 -0.000227781 0.999917 -0.0128372 -0.00152277 0.0128375 0.999917 -0.0512201 -0.0222396 -0.156555
FixedParameters: 0 0 0

#Transform 145
Transform: AffineTransform_float_3_3
Parameters: 0.999999 -0.000526568 0.000788506 0.000536476 0.999917 -0.0128964 -0.000782208 0.012897 0.999916 -0.0140033 0.0558669 -0.175235
FixedParameters: 0 0 0

#Transform 146
Transform: AffineTransform_float_3_3
Parameters: 1 -0.000621194 0.00112174 0.000635239 0.999921 -0.0125805 -0.0011142 0.0125809 0.99992 -0.0068331 0.00576442 -0.156545
FixedParameters: 0 0 0

#Transform 147
Transform: AffineTransform_float_3_3
Parameters: 0.999999 -0.000570716 0.00129427 0.000585894 0.999929 -0.0119647 -0.00128718 0.0119653 0.999927 -0.0143073 -0.0380127 -0.132988
FixedParameters: 0 0 0

#Transform 148
Transform: AffineTransform_float_3_3
Parameters: 0.999999 -0.000815532 0.00131982 0.000831634 0.999921 -0.0125998 -0.0013095 0.0126008 0.99992 0.00214879 0.0471315 -0.205998
FixedParameters: 0 0 0

#Transform 149
Transform: AffineTransform_float_3_3
Parameters: 1 -0.000612706 0.00122344 0.000627414 0.999925 -0.0121885 -0.00121527 0.0121897 0.999925 0.0123749 0.0115701 -0.172096
FixedParameters: 0 0 0
