#Insight Transform File V1.0
#Transform 0
Transform: AffineTransform_float_3_3
Parameters: 0.999998 0.00194101 0.00130642 -0.00194066 0.999998 -0.000316545 -0.00130678 0.000314709 1 -0.06767 0.0400298 0.0840497
FixedParameters: 0 0 0

#Transform 1
Transform: AffineTransform_float_3_3
Parameters: 0.999997 0.00211092 0.00125608 -0.00210969 0.999997 -0.00103972 -0.0012584 0.00103735 0.999999 -0.0851159 0.169429 -0.000182625
FixedParameters: 0 0 0

#Transform 2
Transform: AffineTransform_float_3_3
Parameters: 0.999996 0.00196349 0.00189836 -0.00196561 0.999998 0.00108469 -0.00189587 -0.00108825 0.999997 -0.123384 -0.0514732 0.371361
FixedParameters: 0 0 0

#Transform 3
Transform: AffineTransform_float_3_3
Parameters: 0.999997 0.00166896 0.00143694 -0.00166601 0.999997 -0.00193288 -0.0014409 0.00193016 0.999997 -0.0969017 0.0571073 0.143759
FixedParameters: 0 0 0

#Transform 4
Transform: AffineTransform_float_3_3
Parameters: 0.999998 0.00178647 0.00116315 -0.00178464 0.999997 -0.00181693 -0.00116619 0.00181491 0.999998 -0.0941095 0.150901 0.102559
FixedParameters: 0 0 0

#Transform 5
Transform: AffineTransform_float_3_3
Parameters: 0.999999 0.00109358 0.000705028 -0.00109349 1 -0.000603612 -0.000705243 0.000603084 1 -0.0450163 -0.0648819 0.121378
FixedParameters: 0 0 0

#Transform 6
Transform: AffineTransform_float_3_3
Parameters: 0.999998 0.00170981 0.000561712 -0.00170962 0.999998 -0.00157042 -0.000563727 0.00156927 0.999999 -0.0919712 0.11747 0.0464388
FixedParameters: 0 0 0

#Transform 7
Transform: AffineTransform_float_3_3
Parameters: 0.999999 0.00095122 0.000331205 -0.000950826 0.999999 -0.00080774 -0.00033271 0.000806702 0.999999 -0.0617421 -0.0112376 0.081502
FixedParameters: 0 0 0

#Transform 8
Transform: AffineTransform_float_3_3
Parameters: 0.999999 0.000961191 0.000354269 -0.000961315 0.999999 -0.00107945 -0.000355176 0.00107979 0.999999 -0.0556149 0.109777 -0.0275297
FixedParameters: 0 0 0

#Transform 9
Transform: AffineTransform_float_3_3
Parameters: 0.999999 0.00050926 0.000489723 -0.000508375 0.999999 -0.000893095 -0.000490673 0.000893916 1 -0.0546393 -0.035875 0.091289
FixedParameters: 0 0 0

#Transform 10
Transform: AffineTransform_float_3_3
Parameters: 1 0.000488484 0.000510698 -0.000488573 0.999999 -0.000853162 -0.000511293 0.000853119 1 -0.0458173 0.11853 0.00809171
FixedParameters: 0 0 0

#Transform 11
Transform: AffineTransform_float_3_3
Parameters: 1 0.000293298 0.00048579 -0.000293312 1 1.51652e-05 -0.000485781 -1.54502e-05 1 -0.0135905 -0.0185438 0.091721
FixedParameters: 0 0 0

#Transform 12
Transform: AffineTransform_float_3_3
Parameters: 1 3.79514e-05 0.000609792 -3.85063e-05 1 -0.000338523 -0.000609613 0.000338522 1 -0.0418774 0.142778 -0.0390542
FixedParameters: 0 0 0

#Transform 13
Transform: AffineTransform_float_3_3
Parameters: 1 0.000266744 0.000350419 -0.000267257 1 -0.000348781 -0.000349426 0.000348699 1 -0.0447889 0.0689738 0.0356974
FixedParameters: 0 0 0

#Transform 14
Transform: AffineTransform_float_3_3
Parameters: 1 -0.000319075 0.00016519 0.000319083 1 -2.31223e-05 -0.000165175 2.32277e-05 1 -0.0116402 0.132386 -0.0263177
FixedParameters: 0 0 0

#Transform 15
Transform: AffineTransform_float_3_3
Parameters: 1 3.4608e-05 0.000626982 -3.46639e-05 1 4.45819e-05 -0.000626979 -4.46254e-05 1 -0.00495049 0.0447845 0.0348585
FixedParameters: 0 0 0

#Transform 16
Transform: AffineTransform_float_3_3
Parameters: 1 -1.50426e-05 0.00038807 1.50786e-05 1 -4.63881e-05 -0.000388069 4.63998e-05 1 0.00111225 0.0570016 -0.00725124
FixedParameters: 0 0 0

#Transform 17
Transform: AffineTransform_float_3_3
Parameters: 1 7.39139e-05 0.000368961 -7.38808e-05 1 -4.48442e-05 -0.000368968 4.47896e-05 1 -0.0135389 0.0903242 -0.0105452
FixedParameters: 0 0 0

#Transform 18
Transform: AffineTransform_float_3_3
Parameters: 1 -0.000129144 -7.61267e-05 0.000129261 0.999999 0.000769853 7.59278e-05 -0.000769873 0.999999 -0.00487761 -0.00398248 0.025676
FixedParameters: 0 0 0

#Transform 19
Transform: AffineTransform_float_3_3
Parameters: 1 0.000342863 -0.000150814 -0.000342737 1 -0.000279886 0.000151596 0.000280049 1 -0.0152878 0.146486 -0.0413777
FixedParameters: 0 0 0

#Transform 20
Transform: AffineTransform_float_3_3
Parameters: 1 -0.000361071 2.60597e-06 0.00036128 1 0.000377616 -1.90447e-06 -0.000377555 1 0.0251774 0.00156363 0.0159765
FixedParameters: 0 0 0

#Transform 21
Transform: AffineTransform_float_3_3
Parameters: 1 0.000212035 -7.90412e-05 -0.000212061 1 -0.000165961 7.89708e-05 0.000165995 1 -0.0126735 0.144486 -0.0340761
FixedParameters: 0 0 0

#Transform 22
Transform: AffineTransform_float_3_3
Parameters: 1 -0.000104277 -5.77372e-05 0.000104329 1 0.000453009 5.76427e-05 -0.000453021 1 0.00788201 -0.0333473 0.0381571
FixedParameters: 0 0 0

#Transform 23
Transform: AffineTransform_float_3_3
Parameters: 1 -0.00014362 -9.01414e-06 0.000143619 1 -8.64768e-05 9.03898e-06 8.64742e-05 1 -0.00587051 0.146605 -0.0495432
FixedParameters: 0 0 0

#Transform 24
Transform: AffineTransform_float_3_3
Parameters: 1 -9.12494e-05 -0.0003908 9.14874e-05 1 0.000304474 0.000390744 -0.000304545 1 0.00134319 -0.0357068 0.0218431
FixedParameters: 0 0 0

#Transform 25
Transform: AffineTransform_float_3_3
Parameters: 1 -0.00021111 -0.00015696 0.000211136 1 8.2799e-05 0.000156925 -8.28652e-05 1 0.0160479 0.0949697 -0.0354253
FixedParameters: 0 0 0

#Transform 26
Transform: AffineTransform_float_3_3
Parameters: 1 -0.00016023 -0.000381676 0.000160027 1 -0.000265753 0.000381761 0.00026563 1 0.021302 0.0605797 -0.0273557
FixedParameters: 0 0 0

#Transform 27
Transform: AffineTransform_float_3_3
Parameters: 1 -0.000179624 -0.000469738 0.000179399 1 -0.000239276 0.000469824 0.000239107 1 0.00500439 0.0563412 -0.0344767
FixedParameters: 0 0 0

#Transform 28
Transform: AffineTransform_float_3_3
Parameters: 1 -0.000120598 -0.000204865 0.000120451 1 -0.000357753 0.000204951 0.000357703 1 0.0104089 0.126207 -0.0379554
FixedParameters: 0 0 0

#Transform 29
Transform: AffineTransform_float_3_3
Parameters: 1 0.000524155 7.81243e-05 -0.0005242 1 0.000285903 -7.78245e-05 -0.000285984 1 -0.0238457 -0.00982353 0.0626126
FixedParameters: 0 0 0

#Transform 30
Transform: AffineTransform_float_3_3
Parameters: 1 7.14281e-05 -7.58458e-05 -7.15488e-05 0.999999 -0.000796046 7.5732e-05 0.000796057 0.999999 -0.0116544 0.168206 -0.0745651
FixedParameters: 0 0 0

#Transform 31
Transform: AffineTransform_float_3_3
Parameters: 1 0.000468971 -0.00022365 -0.000469085 1 -0.000255618 0.00022341 0.000255828 1 -0.00909037 0.0527892 0.027901
FixedParameters: 0 0 0

#Transform 32
Transform: AffineTransform_float_3_3
Parameters: 1 0.000377802 -7.56755e-05 -0.0003779 0.999999 -0.000646719 7.51868e-05 0.000646776 1 -0.0183803 0.170868 -0.0598655
FixedParameters: 0 0 0

#Transform 33
Transform: AffineTransform_float_3_3
Parameters: 1 9.03508e-05 -0.000292987 -9.03107e-05 1 6.83288e-05 0.000293 -6.82759e-05 1 0.00236294 0.0035257 0.0136749
FixedParameters: 0 0 0

#Transform 34
Transform: AffineTransform_float_3_3
Parameters: 1 -1.47352e-05 -0.000391865 1.46951e-05 1 -5.11002e-05 0.000391867 5.10887e-05 1 -0.0038214 0.115452 -0.0427004
FixedParameters: 0 0 0

#Transform 35
Transform: AffineTransform_float_3_3
Parameters: 1 0.000164703 -0.000319247 -0.000164816 1 -0.000177711 0.000319189 0.000177816 1 -0.00807024 0.120587 -0.027529
FixedParameters: 0 0 0

#Transform 36
Transform: AffineTransform_float_3_3
Parameters: 1 2.30786e-06 -0.000282563 -2.12822e-06 1 0.000317871 0.000282564 -0.00031787 1 0.00650178 -0.0296633 0.024257
FixedParameters: 0 0 0

#Transform 37
Transform: AffineTransform_float_3_3
Parameters: 1 -6.58003e-06 -0.000697935 6.23656e-06 1 -0.000246059 0.000697938 0.00024605 0.999999 -0.018713 0.119183 -0.0375639
FixedParameters: 0 0 0

#Transform 38
Transform: AffineTransform_float_3_3
Parameters: 0.999999 2.84145e-06 -0.000733109 -2.76018e-06 1 0.000199119 0.000732136 -0.000199175 0.999999 -0.0079766 -0.0324489 0.0505498
FixedParameters: 0 0 0

#Transform 39
Transform: AffineTransform_float_3_3
Parameters: 1 0.00014821 -0.000522351 -0.000148244 1 -3.25364e-05 0.000522342 3.26913e-05 1 -0.00785507 0.14283 -0.0265681
FixedParameters: 0 0 0

#Transform 40
Transform: AffineTransform_float_3_3
Parameters: 1 0.000158092 -0.000598831 -0.000158039 1 4.38433e-05 0.000598845 -4.36539e-05 1 -0.0241426 -0.000591806 0.0682766
FixedParameters: 0 0 0

#Transform 41
Transform: AffineTransform_float_3_3
Parameters: 1 -0.000114314 -0.000700679 0.000113486 1 9.92057e-05 0.000700862 -9.93199e-05 0.999999 -0.000161491 0.126648 -0.0372049
FixedParameters: 0 0 0

#Transform 42
Transform: AffineTransform_float_3_3
Parameters: 0.999999 0.000248887 -0.000768197 -0.000248941 1 -3.47992e-05 0.00076818 3.51817e-05 0.999999 -0.0105233 0.0478252 0.0629177
FixedParameters: 0 0 0

#Transform 43
Transform: AffineTransform_float_3_3
Parameters: 0.999999 3.28272e-05 -0.00073568 -3.28205e-05 1 0.00014779 0.000734716 -0.000147801 0.999999 -0.000730717 0.117833 0.0247738
FixedParameters: 0 0 0

#Transform 44
Transform: AffineTransform_float_3_3
Parameters: 1 -0.000195099 -0.000637384 0.000195856 1 0.000594191 0.000637152 -0.00059444 0.999999 -0.0126512 0.223826 0.0364396
FixedParameters: 0 0 0

#Transform 45
Transform: AffineTransform_float_3_3
Parameters: 0.999999 -0.000214801 -0.000685516 0.000215466 1 0.000484976 0.000685307 -0.000485271 0.999999 -0.00359113 0.139721 0.0554674
FixedParameters: 0 0 0

#Transform 46
Transform: AffineTransform_float_3_3
Parameters: 0.999999 0.000364234 -0.000775346 -0.00036472 1 0.000310505 0.000775777 -0.000309894 0.999999 -0.0314648 0.192773 -0.0223705
FixedParameters: 0 0 0

#Transform 47
Transform: AffineTransform_float_3_3
Parameters: 0.999999 0.000331209 -0.000888604 -0.0003307 0.999999 0.000827427 0.000889391 -0.000826383 0.999999 -7.25552e-05 0.0379897 0.0772048
FixedParameters: 0 0 0

#Transform 48
Transform: AffineTransform_float_3_3
Parameters: 1 -0.00015604 -0.0011464 0.000157022 1 0.000366558 0.00114626 -0.000366511 1 0.0017723 0.156403 -0.0314645
FixedParameters: 0 0 0

#Transform 49
Transform: AffineTransform_float_3_3
Parameters: 0.999999 0.000163757 -0.000926287 -0.000163031 1 0.000391918 0.000926415 -0.000391615 0.999999 -0.00751672 0.0922667 0.0700376
FixedParameters: 0 0 0

#Transform 50
Transform: AffineTransform_float_3_3
Parameters: 1 0.000426409 -0.000475627 -0.000425999 1 0.000430981 0.000475994 -0.000430575 1 -0.00649193 0.0578307 0.0652969
FixedParameters: 0 0 0

#Transform 51
Transform: AffineTransform_float_3_3
Parameters: 0.999999 9.20886e-05 -0.000854824 -9.14145e-05 1 0.000394376 0.000854896 -0.00039422 0.999999 -0.00799293 0.131875 0.0388711
FixedParameters: 0 0 0

#Transform 52
Transform: AffineTransform_float_3_3
Parameters: 1 -0.000342951 -0.00116028 0.000344102 0.999999 0.000851774 0.00115987 -0.00085212 0.999999 0.0173166 0.0479306 0.112949
FixedParameters: 0 0 0

#Transform 53
Transform: AffineTransform_float_3_3
Parameters: 0.999999 0.000148364 -0.000860955 -0.000147821 1 0.000315603 0.000861048 -0.000315348 0.999999 -0.0069614 0.186597 0.0377276
FixedParameters: 0 0 0

#Transform 54
Transform: AffineTransform_float_3_3
Parameters: 0.999999 -0.000228463 -0.000795132 0.000228305 1 0.000509194 0.000795105 -0.000509511 0.999999 0.0252039 0.0765744 0.0741497
FixedParameters: 0 0 0

#Transform 55
Transform: AffineTransform_float_3_3
Parameters: 0.999999 -9.66267e-05 -0.000835335 9.67896e-05 1 0.000672475 0.000835444 -0.00067218 1 0.0165836 0.134146 0.0467381
FixedParameters: 0 0 0

#Transform 56
Transform: AffineTransform_float_3_3
Parameters: 1 -0.000100989 -0.000630043 0.000101778 1 0.000625861 0.000629916 -0.000625989 0.999999 0.0101289 0.197412 0.0530117
FixedParameters: 0 0 0

#Transform 57
Transform: AffineTransform_float_3_3
Parameters: 0.999999 -0.000102398 -0.000863929 0.000103148 1 0.00107226 0.000863978 -0.00107239 0.999999 0.0361885 0.040225 0.131105
FixedParameters: 0 0 0

#Transform 58
Transform: AffineTransform_float_3_3
Parameters: 0.999999 -0.000343832 -0.000868514 0.000344435 0.999999 0.000900707 0.000868133 -0.000900849 0.999999 0.0201301 0.224433 0.0316505
FixedParameters: 0 0 0

#Transform 59
Transform: AffineTransform_float_3_3
Parameters: 0.999999 -0.000129121 -0.000976105 0.000130951 0.999999 0.000934611 0.000975971 -0.000935364 0.999999 0.0315362 0.0676767 0.184789
FixedParameters: 0 0 0

#Transform 60
Transform: AffineTransform_float_3_3
Parameters: 0.999999 -0.000139696 -0.000917396 0.000141264 0.999999 0.000850961 0.000917191 -0.000850808 0.999999 0.0205879 0.165692 0.0505603
FixedParameters: 0 0 0

#Transform 61
Transform: AffineTransform_float_3_3
Parameters: 0.999999 -0.00020869 -0.000972884 0.000210097 0.999999 0.000719552 0.000972617 -0.000719549 0.999999 0.0273844 0.130969 0.124391
FixedParameters: 0 0 0

#Transform 62
Transform: AffineTransform_float_3_3
Parameters: 1 -0.000209013 -0.000646398 0.000210085 1 0.000933075 0.000646071 -0.000933341 1 0.0258493 0.114961 0.124539
FixedParameters: 0 0 0

#Transform 63
Transform: AffineTransform_float_3_3
Parameters: 0.999999 -0.000185186 -0.000852706 0.00018623 1 0.000608166 0.000852514 -0.000608072 1 0.0193225 0.202321 0.0619111
FixedParameters: 0 0 0

#Transform 64
Transform: AffineTransform_float_3_3
Parameters: 1 -0.000144531 -0.00056646 0.000144869 0.999999 0.00127158 0.000566361 -0.0012717 0.999999 0.0300912 0.0340016 0.156467
FixedParameters: 0 0 0

#Transform 65
Transform: AffineTransform_float_3_3
Parameters: 1 -5.0617e-05 -0.000549697 5.05063e-05 0.999999 0.000779407 0.000549823 -0.000779417 0.999999 0.0128763 0.224092 0.0709419
FixedParameters: 0 0 0

#Transform 66
Transform: AffineTransform_float_3_3
Parameters: 0.999999 -0.000290513 -0.00103863 0.000291373 0.999999 0.00140737 0.00103832 -0.00140746 0.999999 0.0315414 0.105989 0.153183
FixedParameters: 0 0 0

#Transform 67
Transform: AffineTransform_float_3_3
Parameters: 1 -0.000314725 -0.00111756 0.000316382 0.999999 0.00166773 0.00111698 -0.00166834 0.999998 0.026526 0.16362 0.0889326
FixedParameters: 0 0 0

#Transform 68
Transform: AffineTransform_float_3_3
Parameters: 0.999999 -4.72876e-06 -0.00130902 7.01821e-06 0.999999 0.0016651 0.00130955 -0.00166593 0.999998 0.00808219 0.142608 0.15403
FixedParameters: 0 0 0

#Transform 69
Transform: AffineTransform_float_3_3
Parameters: 0.999999 -0.000187165 -0.00105089 0.000189386 0.999997 0.0021029 0.00105068 -0.00210278 0.999997 0.0364764 0.00615162 0.195406
FixedParameters: 0 0 0

#Transform 70
Transform: AffineTransform_float_3_3
Parameters: 0.999999 0.000271844 -0.00110811 -0.000270646 0.999998 0.00156681 0.00110856 -0.00156667 0.999998 -0.0133545 0.153096 0.148349
FixedParameters: 0 0 0

#Transform 71
Transform: AffineTransform_float_3_3
Parameters: 0.999999 -0.000261012 -0.00103639 0.000263202 0.999997 0.00211748 0.00103585 -0.00211751 0.999997 0.0155974 0.0476429 0.197853
FixedParameters: 0 0 0

#Transform 72
Transform: AffineTransform_float_3_3
Parameters: 0.999999 0.00018392 -0.000698619 -0.000182695 0.999999 0.000871461 0.000698972 -0.000870794 1 -0.0122338 0.193291 0.102409
FixedParameters: 0 0 0

#Transform 73
Transform: AffineTransform_float_3_3
Parameters: 0.999999 -0.000247933 -0.00130346 0.000250194 0.999998 0.00160736 0.0013031 -0.0016075 0.999998 0.00184029 0.0824912 0.169436
FixedParameters: 0 0 0

#Transform 74
Transform: AffineTransform_float_3_3
Parameters: 0.999999 -0.000428417 -0.00086333 0.000430603 0.999997 0.00257781 0.000862757 -0.00257838 0.999997 0.0330945 0.093134 0.161914
FixedParameters: 0 0 0

#Transform 75
Transform: AffineTransform_float_3_3
Parameters: 1 -0.000332339 -0.00124769 0.000334897 0.999997 0.00229428 0.00124694 -0.00229456 0.999997 0.00496274 0.118622 0.118742
FixedParameters: 0 0 0

#Transform 76
Transform: AffineTransform_float_3_3
Parameters: 0.999999 -0.000628693 -0.00114314 0.000631666 0.999997 0.00226624 0.00114082 -0.00226758 0.999997 0.0457075 0.00484703 0.152623
FixedParameters: 0 0 0

#Transform 77
Transform: AffineTransform_float_3_3
Parameters: 0.999999 -0.000434371 -0.00100035 0.000436539 0.999998 0.0016318 0.000999229 -0.00163221 0.999998 0.0180664 0.158258 0.0526331
FixedParameters: 0 0 0

#Transform 78
Transform: AffineTransform_float_3_3
Parameters: 0.999999 -0.000599283 -0.000975941 0.000601055 0.999997 0.00256445 0.000974635 -0.0025645 0.999996 0.040969 0.0690546 0.148492
FixedParameters: 0 0 0

#Transform 79
Transform: AffineTransform_float_3_3
Parameters: 0.999999 -0.000829772 -0.00109713 0.000832643 0.999997 0.00221854 0.00109488 -0.00221929 0.999997 0.0405318 0.114968 0.0939432
FixedParameters: 0 0 0

#Transform 80
Transform: AffineTransform_float_3_3
Parameters: 0.999999 -0.000550574 -0.000960958 0.000552748 0.999997 0.0023505 0.000958967 -0.00235145 0.999997 0.0305961 0.160395 0.11436
FixedParameters: 0 0 0

#Transform 81
Transform: AffineTransform_float_3_3
Parameters: 1 -0.000399264 -0.00123532 0.000403007 0.999996 0.00285245 0.00123387 -0.00285288 0.999995 0.0603683 -0.0208826 0.244512
FixedParameters: 0 0 0

#Transform 82
Transform: AffineTransform_float_3_3
Parameters: 0.999998 -0.000862936 -0.00133087 0.000861944 0.999999 -0.000426892 0.0013315 0.000425912 0.999999 0.0778651 0.176338 0.0543947
FixedParameters: 0 0 0

#Transform 83
Transform: AffineTransform_float_3_3
Parameters: 0.999998 -0.00115232 -0.00135701 0.00115222 0.999999 0.000670786 0.00135583 -0.000672501 0.999999 0.0876567 0.125544 0.132658
FixedParameters: 0 0 0

#Transform 84
Transform: AffineTransform_float_3_3
Parameters: 0.999999 -0.0013366 -0.00128663 0.00133788 0.999998 0.00111171 0.00128494 -0.00111368 0.999999 0.093131 0.105901 0.090602
FixedParameters: 0 0 0

#Transform 85
Transform: AffineTransform_float_3_3
Parameters: 0.999999 -0.00130961 -0.00133545 0.00131108 0.999998 0.00113928 0.00133367 -0.0011404 0.999998 0.082637 0.112406 0.101583
FixedParameters: 0 0 0

#Transform 86
Transform: AffineTransform_float_3_3
Parameters: 0.999999 -0.0013333 -0.00118623 0.00133506 0.999998 0.00146856 0.00118362 -0.00147066 0.999998 0.078425 0.0745563 0.116171
FixedParameters: 0 0 0

#Transform 87
Transform: AffineTransform_float_3_3
Parameters: 0.999998 -0.00112942 -0.00125885 0.00113085 0.999998 0.00124793 0.00125737 -0.0012493 0.999999 0.0866113 0.143717 0.0985967
FixedParameters: 0 0 0

#Transform 88
Transform: AffineTransform_float_3_3
Parameters: 0.999998 -0.00137481 -0.00110761 0.00137669 0.999998 0.00158894 0.00110558 -0.00159086 0.999998 0.100534 0.00885072 0.135928
FixedParameters: 0 0 0

#Transform 89
Transform: AffineTransform_float_3_3
Parameters: 0.999999 -0.0011999 -0.0010167 0.00120136 0.999999 0.00108955 0.00101519 -0.00109098 0.999999 0.0829419 0.169405 0.053786
FixedParameters: 0 0 0

#Transform 90
Transform: AffineTransform_float_3_3
Parameters: 0.999998 -0.001344 -0.0011247 0.00134492 0.999998 0.00117381 0.00112289 -0.00117536 0.999999 0.11467 0.0212123 0.148616
FixedParameters: 0 0 0

#Transform 91
Transform: AffineTransform_float_3_3
Parameters: 0.999999 -0.00118992 -0.000936156 0.00119121 0.999999 0.00109439 0.00093458 -0.0010947 0.999998 0.076023 0.170215 0.0749929
FixedParameters: 0 0 0

#Transform 92
Transform: AffineTransform_float_3_3
Parameters: 0.999998 -0.00103639 -0.00134968 0.00103806 0.999998 0.00125281 0.00134842 -0.00125414 0.999998 0.0909913 0.0618411 0.118897
FixedParameters: 0 0 0

#Transform 93
Transform: AffineTransform_float_3_3
Parameters: 0.999998 -0.00148874 -0.000977167 0.00148978 0.999998 0.00137657 0.000975413 -0.00137835 0.999999 0.0901806 0.0576427 0.0913493
FixedParameters: 0 0 0

#Transform 94
Transform: AffineTransform_float_3_3
Parameters: 0.999998 -0.00129954 -0.00130487 0.00130087 0.999998 0.00116785 0.00130318 -0.00116978 0.999999 0.0911729 0.116403 0.0659994
FixedParameters: 0 0 0

#Transform 95
Transform: AffineTransform_float_3_3
Parameters: 0.999998 -0.00133972 -0.00147175 0.00134153 0.999998 0.0014538 0.0014703 -0.00145526 0.999998 0.106902 -0.0499372 0.142233
FixedParameters: 0 0 0

#Transform 96
Transform: AffineTransform_float_3_3
Parameters: 0.999999 -0.00114782 -0.00108844 0.00114849 0.999999 0.000658118 0.00108803 -0.000659602 0.999999 0.0657891 0.193352 0.0563426
FixedParameters: 0 0 0

#Transform 97
Transform: AffineTransform_float_3_3
Parameters: 0.999999 -0.00130857 -0.00134678 0.00131017 0.999998 0.00117769 0.00134497 -0.00117975 0.999999 0.103645 -0.018101 0.148081
FixedParameters: 0 0 0

#Transform 98
Transform: AffineTransform_float_3_3
Parameters: 0.999999 -0.00106087 -0.00114748 0.00106257 0.999999 0.00107313 0.0011463 -0.00107455 0.999998 0.060264 0.175944 0.0360807
FixedParameters: 0 0 0

#Transform 99
Transform: AffineTransform_float_3_3
Parameters: 0.999999 -0.00130564 -0.00139114 0.00130714 0.999998 0.00110553 0.00138953 -0.00110769 0.999999 0.0788531 0.011506 0.178534
FixedParameters: 0 0 0

#Transform 100
Transform: AffineTransform_float_3_3
Parameters: 0.999998 -0.00100154 -0.00130315 0.00100254 0.999999 0.00104057 0.0013024 -0.00104171 0.999999 0.0680857 0.114324 0.0650166
FixedParameters: 0 0 0

#Transform 101
Transform: AffineTransform_float_3_3
Parameters: 0.999998 -0.00142306 -0.0014502 0.00142366 0.999999 0.000752466 0.00144926 -0.000754217 0.999999 0.0775334 0.0581942 0.153456
FixedParameters: 0 0 0

#Transform 102
Transform: AffineTransform_float_3_3
Parameters: 0.999999 -0.00107634 -0.00114139 0.00107795 0.999999 0.00103593 0.00114026 -0.00103737 0.999998 0.0428568 0.126896 0.106265
FixedParameters: 0 0 0

#Transform 103
Transform: AffineTransform_float_3_3
Parameters: 0.999998 -0.00105629 -0.00163481 0.00105848 0.999998 0.00144735 0.00163327 -0.00144888 0.999998 0.0561738 0.126809 0.123542
FixedParameters: 0 0 0

#Transform 104
Transform: AffineTransform_float_3_3
Parameters: 0.999998 -0.00131925 -0.00165428 0.001322 0.999998 0.00164149 0.00165149 -0.00164434 0.999997 0.0659332 0.0672326 0.122289
FixedParameters: 0 0 0

#Transform 105
Transform: AffineTransform_float_3_3
Parameters: 0.999998 -0.00105349 -0.00166158 0.00105494 0.999999 0.000909855 0.00166093 -0.000911891 0.999998 0.0438636 0.168002 0.115125
FixedParameters: 0 0 0

#Transform 106
Transform: AffineTransform_float_3_3
Parameters: 0.999998 -0.00129637 -0.00156648 0.001298 0.999998 0.00137857 0.00156444 -0.00138111 0.999998 0.0624669 -0.00401911 0.201941
FixedParameters: 0 0 0

#Transform 107
Transform: AffineTransform_float_3_3
Parameters: 0.999998 -0.00107066 -0.00176218 0.00107111 1 0.000633596 0.00176113 -0.000635962 0.999998 0.0601189 0.180752 0.137382
FixedParameters: 0 0 0

#Transform 108
Transform: AffineTransform_float_3_3
Parameters: 0.999997 -0.00158708 -0.00157519 0.00158966 0.999997 0.00160277 0.00157254 -0.00160528 0.999997 0.0688576 0.00847147 0.236668
FixedParameters: 0 0 0

#Transform 109
Transform: AffineTransform_float_3_3
Parameters: 0.999998 -0.00109281 -0.00183356 0.0010942 0.999999 0.00107241 0.00183273 -0.00107449 0.999998 0.0445868 0.129626 0.180351
FixedParameters: 0 0 0

#Transform 110
Transform: AffineTransform_float_3_3
Parameters: 0.999997 -0.00113253 -0.00197072 0.00113574 0.999998 0.00173954 0.00196856 -0.00174204 0.999997 0.0375565 0.0135553 0.283461
FixedParameters: 0 0 0

#Transform 111
Transform: AffineTransform_float_3_3
Parameters: 0.999997 -0.00116259 -0.00212964 0.00116547 0.999998 0.00149791 0.00212787 -0.0015009 0.999997 0.0457995 0.158173 0.150003
FixedParameters: 0 0 0

#Transform 112
Transform: AffineTransform_float_3_3
Parameters: 0.999998 -0.00110652 -0.00186757 0.00110937 0.999999 0.00148055 0.00186583 -0.00148317 0.999997 0.0356914 0.0257685 0.278584
FixedParameters: 0 0 0

#Transform 113
Transform: AffineTransform_float_3_3
Parameters: 0.999998 -0.00109348 -0.00184065 0.00109448 0.999999 0.00101875 0.00183896 -0.00102092 0.999998 0.0403905 0.194819 0.143458
FixedParameters: 0 0 0

#Transform 114
Transform: AffineTransform_float_3_3
Parameters: 0.999996 -0.00120863 -0.00236309 0.00121121 0.999998 0.00125674 0.00236166 -0.00125918 0.999996 0.0275098 0.0638237 0.267188
FixedParameters: 0 0 0

#Transform 115
Transform: AffineTransform_float_3_3
Parameters: 0.999996 -0.00125807 -0.00259626 0.00126129 0.999998 0.00123913 0.00259472 -0.00124198 0.999996 -0.00293912 0.169635 0.131552
FixedParameters: 0 0 0

#Transform 116
Transform: AffineTransform_float_3_3
Parameters: 0.999996 -0.00119328 -0.00232215 0.00119449 0.999999 0.00081984 0.00232063 -0.000822204 0.999997 -0.00274763 0.0538754 0.328236
FixedParameters: 0 0 0

#Transform 117
Transform: AffineTransform_float_3_3
Parameters: 0.999997 -0.000676692 -0.00246484 0.000679149 1 0.00102751 0.00246396 -0.00102858 0.999997 -0.0303213 0.139667 0.190046
FixedParameters: 0 0 0

#Transform 118
Transform: AffineTransform_float_3_3
Parameters: 0.999996 -0.000730103 -0.0028353 0.000732846 0.999999 0.0010888 0.00283447 -0.00109113 0.999996 -0.0380376 0.161247 0.228808
FixedParameters: 0 0 0

#Transform 119
Transform: AffineTransform_float_3_3
Parameters: 0.999995 -0.000789707 -0.00296949 0.000796416 0.999998 0.00207929 0.00296742 -0.00208118 0.999993 -0.0103365 0.0636147 0.294032
FixedParameters: 0 0 0

#Transform 120
Transform: AffineTransform_float_3_3
Parameters: 0.999995 -0.000792711 -0.00301639 0.000797857 0.999999 0.00160463 0.0030148 -0.00160666 0.999994 -0.018206 0.134649 0.236606
FixedParameters: 0 0 0

#Transform 121
Transform: AffineTransform_float_3_3
Parameters: 0.999995 -0.000780717 -0.00294851 0.000785671 0.999998 0.00177324 0.00294697 -0.00177595 0.999994 -0.0177422 0.0340529 0.284735
FixedParameters: 0 0 0

#Transform 122
Transform: AffineTransform_float_3_3
Parameters: 0.999996 -0.0010569 -0.00269363 0.00105849 1 0.000752846 0.00269241 -0.000755369 0.999996 -0.01654 0.18999 0.188383
FixedParameters: 0 0 0

#Transform 123
Transform: AffineTransform_float_3_3
Parameters: 0.999997 -0.00121541 -0.00228321 0.00121853 0.999998 0.00120884 0.00228168 -0.00121116 0.999997 0.00169604 0.10374 0.288406
FixedParameters: 0 0 0

#Transform 124
Transform: AffineTransform_float_3_3
Parameters: 0.999997 -0.00112654 -0.00227539 0.00112803 0.999999 0.000854281 0.00227492 -0.000857493 0.999997 -0.0228152 0.246525 0.162817
FixedParameters: 0 0 0

#Transform 125
Transform: AffineTransform_float_3_3
Parameters: 0.999995 -0.00132776 -0.00278376 0.00133247 0.999998 0.00158378 0.00278237 -0.00158739 0.999995 -0.000589481 0.0812201 0.283201
FixedParameters: 0 0 0

#Transform 126
Transform: AffineTransform_float_3_3
Parameters: 0.999995 -0.00167302 -0.00247238 0.00167623 0.999997 0.00148179 0.00247013 -0.00148577 0.999996 0.0291622 0.198262 0.173237
FixedParameters: 0 0 0

#Transform 127
Transform: AffineTransform_float_3_3
Parameters: 0.999995 -0.00171881 -0.00266718 0.00172318 0.999997 0.00177251 0.00266393 -0.00177644 0.999995 0.032096 0.0940588 0.22865
FixedParameters: 0 0 0

#Transform 128
Transform: AffineTransform_float_3_3
Parameters: 0.999996 -0.00134616 -0.00228405 0.00134894 0.999998 0.00158742 0.00228166 -0.00159024 0.999997 0.0225573 0.168998 0.169412
FixedParameters: 0 0 0

#Transform 129
Transform: AffineTransform_float_3_3
Parameters: 0.999995 -0.00174544 -0.00251809 0.00174923 0.999997 0.00157037 0.00251532 -0.00157486 0.999995 0.0312593 0.0910107 0.20933
FixedParameters: 0 0 0

#Transform 130
Transform: AffineTransform_float_3_3
Parameters: 0.999996 -0.00156025 -0.00248326 0.00156422 0.999997 0.00185181 0.00248043 -0.00185563 0.999995 0.0294758 0.0608436 0.232545
FixedParameters: 0 0 0

#Transform 131
Transform: AffineTransform_float_3_3
Parameters: 0.999997 -0.00123517 -0.0024793 0.00123844 0.999998 0.00130897 0.00247761 -0.00131182 0.999996 0.0055329 0.176385 0.184377
FixedParameters: 0 0 0

#Transform 132
Transform: AffineTransform_float_3_3
Parameters: 0.999997 -0.00114413 -0.002338 0.00114778 0.999998 0.00173607 0.00233591 -0.00173809 0.999996 0.0203617 0.0608108 0.268881
FixedParameters: 0 0 0

#Transform 133
Transform: AffineTransform_float_3_3
Parameters: 0.999997 -0.00118407 -0.00227256 0.00118612 0.999999 0.000978802 0.00227162 -0.00098136 0.999996 0.0107767 0.1774 0.174262
FixedParameters: 0 0 0

#Transform 134
Transform: AffineTransform_float_3_3
Parameters: 0.999995 -0.00146928 -0.00270165 0.0014722 0.999998 0.0013406 0.00269946 -0.00134431 0.999995 0.00823807 0.0586702 0.316091
FixedParameters: 0 0 0

#Transform 135
Transform: AffineTransform_float_3_3
Parameters: 0.999997 -0.00124573 -0.00248581 0.0012502 0.999998 0.00157491 0.00248349 -0.00157783 0.999996 0.0117413 0.188939 0.160872
FixedParameters: 0 0 0

#Transform 136
Transform: AffineTransform_float_3_3
Parameters: 0.999995 -0.00156115 -0.00263661 0.00156608 0.999997 0.0017142 0.00263408 -0.00171864 0.999995 0.0031099 0.074217 0.279287
FixedParameters: 0 0 0

#Transform 137
Transform: AffineTransform_float_3_3
Parameters: 0.999995 -0.00161426 -0.00258787 0.00161864 0.999997 0.00185491 0.00258486 -0.00185893 0.999995 0.0285077 0.0985624 0.222868
FixedParameters: 0 0 0

#Transform 138
Transform: AffineTransform_float_3_3
Parameters: 0.999995 -0.00126382 -0.00277852 0.00126834 0.999998 0.00155233 0.00277749 -0.00155648 0.999995 -0.00141418 0.183065 0.257024
FixedParameters: 0 0 0

#Transform 139
Transform: AffineTransform_float_3_3
Parameters: 0.999995 -0.00106744 -0.00282065 0.00107339 0.999997 0.00218812 0.00281837 -0.00219123 0.999994 0.0146232 -0.00735019 0.34797
FixedParameters: 0 0 0

#Transform 140
Transform: AffineTransform_float_3_3
Parameters: 0.999995 -0.00108463 -0.00276269 0.00108869 0.999998 0.00135505 0.00276035 -0.00135742 0.999995 -0.00954363 0.246976 0.2124
FixedParameters: 0 0 0

#Transform 141
Transform: AffineTransform_float_3_3
Parameters: 0.999996 -0.00105245 -0.00254389 0.00105842 0.999998 0.00203596 0.00254259 -0.00203884 0.999995 0.0132525 0.0238084 0.339124
FixedParameters: 0 0 0

#Transform 142
Transform: AffineTransform_float_3_3
Parameters: 0.999996 -0.00100843 -0.00239405 0.00101197 0.999999 0.00124048 0.00239303 -0.00124299 0.999996 -0.0093882 0.232787 0.224659
FixedParameters: 0 0 0

#Transform 143
Transform: AffineTransform_float_3_3
Parameters: 0.999997 -0.00102385 -0.002398 0.00102978 0.999997 0.00219642 0.00239552 -0.00219891 0.999995 0.00784698 0.100954 0.343861
FixedParameters: 0 0 0

#Transform 144
Transform: AffineTransform_float_3_3
Parameters: 0.999997 -0.00100764 -0.00238279 0.00101167 0.999998 0.00134758 0.00238155 -0.00135006 0.999996 0.00216829 0.270138 0.219245
FixedParameters: 0 0 0

#Transform 145
Transform: AffineTransform_float_3_3
Parameters: 0.999996 -0.00102633 -0.00242416 0.00103137 0.999998 0.00199176 0.00242205 -0.00199473 0.999995 0.032525 0.0675292 0.321291
FixedParameters: 0 0 0

#Transform 146
Transform: AffineTransform_float_3_3
Parameters: 0.999997 -0.00113733 -0.00233926 0.00114167 0.999997 0.00207403 0.0023377 -0.00207724 0.999995 0.014415 0.208622 0.19893
FixedParameters: 0 0 0

#Transform 147
Transform: AffineTransform_float_3_3
Parameters: 0.999996 -0.00103336 -0.00244939 0.00103905 0.999998 0.0021023 0.00244706 -0.00210495 0.999995 0.0111043 0.152164 0.292056
FixedParameters: 0 0 0

#Transform 148
Transform: AffineTransform_float_3_3
Parameters: 0.999997 -0.00100461 -0.00234124 0.0010092 0.999998 0.00172764 0.00233952 -0.00172997 0.999996 0.00255748 0.227731 0.20146
FixedParameters: 0 0 0

#Transform 149
Transform: AffineTransform_float_3_3
Parameters: 0.999996 -0.0011275 -0.0025839 0.00113341 0.999997 0.00217904 0.00258217 -0.00218235 0.999994 0.0109288 0.200291 0.260242
FixedParameters: 0 0 0
