# transform file /out/sourcedata/freesurfer/sub-v1s17x0051138_ses-1/mri/transforms/cc_up.lta
# created by oesteban on Mon Mar  9 04:12:36 2026

type      = 0 # LINEAR_VOX_TO_VOX
nxforms   = 1
mean      = 130.0000 103.0000 106.0000
sigma     = 10000.0000
1 4 4
9.988519549369812e-01 -1.242798659950495e-02 -4.626517370343208e-02 5.220457553863525e+00 
1.241467613726854e-02 9.999228715896606e-01 -5.750273121520877e-04 4.346756744384766e+01 
4.626874625682831e-02 0.000000000000000e+00 9.989290833473206e-01 2.115654945373535e+01 
0.000000000000000e+00 0.000000000000000e+00 0.000000000000000e+00 1.000000000000000e+00 
src volume info
valid = 1  # volume info valid
filename = /out/sourcedata/freesurfer/sub-v1s17x0051138_ses-1/mri/norm.mgz
volume = 256 256 256
voxelsize = 1.000000000000000e+00 1.000000000000000e+00 1.000000000000000e+00
xras   = -1.000000119209290e+00 4.351022653281689e-09 0.000000000000000e+00
yras   = 9.313225746154785e-10 1.862645149230957e-09 -1.000000119209290e+00
zras   = 3.099557943642139e-09 1.000000238418579e+00 0.000000000000000e+00
cras   = 2.066711425781250e+00 3.471183776855469e+00 -2.459500885009766e+01
dst volume info
valid = 1  # volume info valid
filename = /out/sourcedata/freesurfer/sub-v1s17x0051138_ses-1/mri/norm.mgz
volume = 256 256 256
voxelsize = 1.000000000000000e+00 1.000000000000000e+00 1.000000000000000e+00
xras   = -1.000000119209290e+00 4.351022653281689e-09 0.000000000000000e+00
yras   = 9.313225746154785e-10 1.862645149230957e-09 -1.000000119209290e+00
zras   = 3.099557943642139e-09 1.000000238418579e+00 0.000000000000000e+00
cras   = 2.066711425781250e+00 3.471183776855469e+00 -2.459500885009766e+01
