# transform file transforms/talairach.lta
# created by oesteban on Mon Mar  9 03:11:12 2026

type      = 0 # LINEAR_VOX_TO_VOX
nxforms   = 1
mean      = 130.0000 103.0000 106.0000
sigma     = 10000.0000
1 4 4
9.979822039604187e-01 -2.298730425536633e-02 -3.511483222246170e-02 2.906845331192017e+00 
2.399902977049351e-02 1.156185865402222e+00 1.628669500350952e-01 -1.566860961914062e+01 
3.333256393671036e-02 -1.863292753696442e-01 9.666180610656738e-01 2.008987998962402e+01 
0.000000000000000e+00 0.000000000000000e+00 0.000000000000000e+00 1.000000000000000e+00 
src volume info
valid = 1  # volume info valid
filename = nu.mgz
volume = 256 256 256
voxelsize = 1.000000000000000e+00 1.000000000000000e+00 1.000000000000000e+00
xras   = -1.000000119209290e+00 4.351022653281689e-09 0.000000000000000e+00
yras   = 9.313225746154785e-10 1.862645149230957e-09 -1.000000119209290e+00
zras   = 3.099557943642139e-09 1.000000238418579e+00 0.000000000000000e+00
cras   = 2.066711425781250e+00 3.471183776855469e+00 -2.459500885009766e+01
dst volume info
valid = 1  # volume info valid
filename = /opt/freesurfer/average/RB_all_2020-01-02.gca
volume = 256 256 256
voxelsize = 1.000000000000000e+00 1.000000000000000e+00 1.000000000000000e+00
xras   = -1.000000000000000e+00 0.000000000000000e+00 0.000000000000000e+00
yras   = 0.000000000000000e+00 0.000000000000000e+00 -1.000000000000000e+00
zras   = 0.000000000000000e+00 1.000000000000000e+00 0.000000000000000e+00
cras   = 0.000000000000000e+00 0.000000000000000e+00 0.000000000000000e+00
