type      = 0 # LINEAR_VOX_TO_VOX
nxforms   = 1
mean      = 0.0000 0.0000 0.0000
sigma     = 1.0000
1 4 4
1.075659155845642e+00 -2.774000540375710e-02 -6.451001763343811e-02 -1.803771972656250e+00 
7.613500952720642e-02 1.234974145889282e+00 2.521400451660156e-01 -3.626748657226562e+01 
8.626101166009903e-02 -1.580920219421387e-01 1.073820233345032e+00 -8.633422851562500e-02 
0.000000000000000e+00 0.000000000000000e+00 0.000000000000000e+00 1.000000000000000e+00 
src volume info
valid = 1  # volume info valid
filename = /out/sourcedata/freesurfer/sub-v1s17x0051138_ses-1/mri/orig.mgz
volume = 256 256 256
voxelsize = 1.000000000000000e+00 1.000000000000000e+00 1.000000000000000e+00
xras   = -1.000000119209290e+00 4.351022653281689e-09 0.000000000000000e+00
yras   = 9.313225746154785e-10 1.862645149230957e-09 -1.000000119209290e+00
zras   = 3.099557943642139e-09 1.000000238418579e+00 0.000000000000000e+00
cras   = 2.066711425781250e+00 3.471183776855469e+00 -2.459500885009766e+01
dst volume info
valid = 1  # volume info valid
filename = /opt/freesurfer/average/mni305.cor.mgz
volume = 256 256 256
voxelsize = 1.000000000000000e+00 1.000000000000000e+00 1.000000000000000e+00
xras   = -1.000000000000000e+00 0.000000000000000e+00 0.000000000000000e+00
yras   = 0.000000000000000e+00 0.000000000000000e+00 -1.000000000000000e+00
zras   = 0.000000000000000e+00 1.000000000000000e+00 0.000000000000000e+00
cras   = 0.000000000000000e+00 0.000000000000000e+00 0.000000000000000e+00
subject fsaverage
fscale 0.100000
