type      = 1 # LINEAR_RAS_TO_RAS
nxforms   = 1
mean      = 0.0000 0.0000 0.0000
sigma     = 1.0000
1 4 4
1.075659036636353e+00 6.451000273227692e-02 -2.773999981582165e-02 7.981259822845459e-01 
-8.626099675893784e-02 1.073819994926453e+00 1.580920070409775e-01 5.074160099029541e-01 
7.613500207662582e-02 -2.521399855613708e-01 1.234974026679993e+00 -4.736342906951904e+00 
0.000000000000000e+00 0.000000000000000e+00 0.000000000000000e+00 1.000000000000000e+00 
src volume info
valid = 1  # volume info valid
filename = /out/sourcedata/freesurfer/sub-v1s17x0051138_ses-1/mri/orig_nu.mgz
volume = 256 256 256
voxelsize = 1.000000000000000e+00 1.000000000000000e+00 1.000000000000000e+00
xras   = -1.000000119209290e+00 4.351022653281689e-09 0.000000000000000e+00
yras   = 9.313225746154785e-10 1.862645149230957e-09 -1.000000119209290e+00
zras   = 3.099557943642139e-09 1.000000238418579e+00 0.000000000000000e+00
cras   = 2.066711425781250e+00 3.471183776855469e+00 -2.459500885009766e+01
dst volume info
valid = 1  # volume info valid
filename = /opt/freesurfer/average/mni305.cor.mgz
volume = 256 256 256
voxelsize = 1.000000000000000e+00 1.000000000000000e+00 1.000000000000000e+00
xras   = -1.000000000000000e+00 0.000000000000000e+00 0.000000000000000e+00
yras   = 0.000000000000000e+00 0.000000000000000e+00 -1.000000000000000e+00
zras   = 0.000000000000000e+00 1.000000000000000e+00 0.000000000000000e+00
cras   = 0.000000000000000e+00 0.000000000000000e+00 0.000000000000000e+00
subject fsaverage
fscale 0.100000
