#Insight Transform File V1.0
#Transform 0
Transform: AffineTransform_float_3_3
Parameters: 0.999999 -0.000523548 -0.00149477 0.000521264 0.999999 -0.00171897 0.00149563 0.00171799 0.999998 0.049342 -0.125552 0.148007
FixedParameters: 0 0 0

#Transform 1
Transform: AffineTransform_float_3_3
Parameters: 0.999998 0.000213523 -0.00166316 -0.000217782 0.999996 -0.00266822 0.00166278 0.00266867 0.999995 0.0203974 -0.0633036 0.139499
FixedParameters: 0 0 0

#Transform 2
Transform: AffineTransform_float_3_3
Parameters: 0.999999 0.000214195 -0.00145121 -0.0002162 0.999999 -0.00181226 0.00145039 0.00181341 0.999997 0.0074332 -0.066186 0.0788719
FixedParameters: 0 0 0

#Transform 3
Transform: AffineTransform_float_3_3
Parameters: 0.999999 0.000227539 -0.00126034 -0.00022862 1 -0.000922693 0.00126045 0.000922492 0.999999 0.0271353 -0.0890309 0.0988154
FixedParameters: 0 0 0

#Transform 4
Transform: AffineTransform_float_3_3
Parameters: 0.999999 -9.79207e-05 -0.000992534 9.76453e-05 1 -0.00108773 0.000992077 0.00108743 0.999999 0.0320869 -0.0801609 0.0743477
FixedParameters: 0 0 0

#Transform 5
Transform: AffineTransform_float_3_3
Parameters: 0.999999 -2.06878e-08 -0.0007981 -1.80545e-06 0.999998 -0.00203821 0.00079887 0.00203809 0.999997 0.0308479 -0.0645851 0.0760989
FixedParameters: 0 0 0

#Transform 6
Transform: AffineTransform_float_3_3
Parameters: 0.999999 -3.664e-06 -0.000796916 3.14943e-06 1 -0.00118218 0.000797562 0.00118207 0.999999 0.0293262 -0.0959087 0.0852638
FixedParameters: 0 0 0

#Transform 7
Transform: AffineTransform_float_3_3
Parameters: 1 -0.00010463 -0.00106381 0.000103541 0.999999 -0.00139756 0.00106343 0.00139798 0.999999 0.034684 -0.0428766 0.0806768
FixedParameters: 0 0 0

#Transform 8
Transform: AffineTransform_float_3_3
Parameters: 0.999999 -4.5398e-05 -0.000988139 4.38779e-05 0.999998 -0.00171838 0.000987788 0.00171825 0.999998 0.0199151 -0.0271043 0.0422175
FixedParameters: 0 0 0

#Transform 9
Transform: AffineTransform_float_3_3
Parameters: 0.999999 0.000512287 -0.00083188 -0.000513181 0.999999 -0.000496517 0.000831401 0.000496698 0.999999 0.0015447 -0.0166812 0.038597
FixedParameters: 0 0 0

#Transform 10
Transform: AffineTransform_float_3_3
Parameters: 0.999999 -9.20798e-05 -0.000869711 9.20835e-05 0.999999 -0.000484065 0.000869427 0.000483182 0.999999 0.0121263 -0.0339986 0.0323595
FixedParameters: 0 0 0

#Transform 11
Transform: AffineTransform_float_3_3
Parameters: 1 0.000188759 -0.000663468 -0.000189128 1 -0.000959089 0.00066287 0.000958613 1 0.0226004 -0.00280097 0.0278829
FixedParameters: 0 0 0

#Transform 12
Transform: AffineTransform_float_3_3
Parameters: 1 0.00015156 -0.000227688 -0.000151498 1 0.00013539 0.000227729 -0.000135321 1 0.00229865 -0.0667674 0.0618769
FixedParameters: 0 0 0

#Transform 13
Transform: AffineTransform_float_3_3
Parameters: 1 0.000184507 -0.000301991 -0.000184002 0.999999 -0.000676452 0.000301339 0.000676513 0.999999 -0.00297533 -0.0279936 0.0557596
FixedParameters: 0 0 0

#Transform 14
Transform: AffineTransform_float_3_3
Parameters: 1 -8.94913e-05 8.92601e-05 8.92015e-05 1 -0.000612355 -9.00554e-05 0.000612425 1 -0.01832 0.0207313 -0.00162947
FixedParameters: 0 0 0

#Transform 15
Transform: AffineTransform_float_3_3
Parameters: 1 -2.66758e-05 0.000114902 2.6776e-05 1 -0.000436381 -0.000114879 0.000436387 1 -0.0019851 -0.0125777 -0.00643636
FixedParameters: 0 0 0

#Transform 16
Transform: AffineTransform_float_3_3
Parameters: 1 -0.000262146 -7.74363e-05 0.0002621 1 -0.000298409 7.75927e-05 0.000298369 1 0.0284841 -0.0116692 0.0216569
FixedParameters: 0 0 0

#Transform 17
Transform: AffineTransform_float_3_3
Parameters: 1 -0.000304543 -0.000304668 0.000305258 1 -0.00032484 0.000304463 0.000324604 1 0.0306807 0.0162532 0.00947806
FixedParameters: 0 0 0

#Transform 18
Transform: AffineTransform_float_3_3
Parameters: 1 -0.000312476 -0.000269732 0.000312457 1 -3.55458e-05 0.000269754 3.53772e-05 1 0.0198593 -0.0303236 0.00822491
FixedParameters: 0 0 0

#Transform 19
Transform: AffineTransform_float_3_3
Parameters: 1 -0.000355287 -0.000372139 0.000355238 1 -6.55885e-05 0.000372186 6.53241e-05 1 0.0139849 -0.0423609 0.0309292
FixedParameters: 0 0 0

#Transform 20
Transform: AffineTransform_float_3_3
Parameters: 1 -0.000180353 2.39504e-05 0.000180356 1 -6.51506e-05 -2.39269e-05 6.51592e-05 1 0.00823676 0.0118645 -0.0100853
FixedParameters: 0 0 0

#Transform 21
Transform: AffineTransform_float_3_3
Parameters: 1 0.000106428 7.75389e-05 -0.000106447 1 0.000123304 -7.75126e-05 -0.00012332 1 0.0178621 -0.00753967 0.0113916
FixedParameters: 0 0 0

#Transform 22
Transform: AffineTransform_float_3_3
Parameters: 1 -0.000216974 -6.15291e-05 0.000216964 1 -7.91945e-05 6.15634e-05 7.91678e-05 1 0.0270084 -0.0398285 0.0333434
FixedParameters: 0 0 0

#Transform 23
Transform: AffineTransform_float_3_3
Parameters: 1 -0.000168347 2.96898e-05 0.000168358 1 -0.000181821 -2.96285e-05 0.000181831 1 0.0238748 -0.0175674 -0.000788367
FixedParameters: 0 0 0

#Transform 24
Transform: AffineTransform_float_3_3
Parameters: 0.999999 -0.000109766 0.000904162 0.000109524 0.999999 -0.000595907 -0.000904367 0.000596273 1 0.0292726 0.0290281 -0.0272179
FixedParameters: 0 0 0

#Transform 25
Transform: AffineTransform_float_3_3
Parameters: 0.999999 -0.000233978 0.000958709 0.000234237 0.999999 -0.000378652 -0.000959406 0.000378483 0.999999 0.0388991 0.0449742 -0.0329158
FixedParameters: 0 0 0

#Transform 26
Transform: AffineTransform_float_3_3
Parameters: 0.999999 -0.000279788 0.000793546 0.000280914 1 -0.000710419 -0.000793147 0.000710125 0.999999 0.0200207 0.0889383 -0.0882548
FixedParameters: 0 0 0

#Transform 27
Transform: AffineTransform_float_3_3
Parameters: 0.999999 -0.000603374 0.00112197 0.000603764 1 -0.000408574 -0.00112248 0.000408576 0.999999 0.0164188 0.0550077 -0.0711847
FixedParameters: 0 0 0

#Transform 28
Transform: AffineTransform_float_3_3
Parameters: 0.999999 -0.000623378 0.00067318 0.000624719 0.999999 -0.00125017 -0.000672388 0.00125106 0.999999 0.00651645 0.0723197 -0.0932666
FixedParameters: 0 0 0

#Transform 29
Transform: AffineTransform_float_3_3
Parameters: 1 -0.000642651 0.000935138 0.000643417 0.999999 -0.00111054 -0.000934211 0.00111185 0.999999 0.0129718 0.0209251 -0.0679493
FixedParameters: 0 0 0

#Transform 30
Transform: AffineTransform_float_3_3
Parameters: 0.999999 -0.00104029 0.000856591 0.001041 0.999999 -0.000724185 -0.000856092 0.000724615 0.999999 0.0193513 0.00935197 -0.0547319
FixedParameters: 0 0 0

#Transform 31
Transform: AffineTransform_float_3_3
Parameters: 1 -0.000917476 0.000802031 0.000918338 0.999999 -0.000617114 -0.000801002 0.000617178 1 0.0151764 0.0395092 -0.0545561
FixedParameters: 0 0 0

#Transform 32
Transform: AffineTransform_float_3_3
Parameters: 1 -0.000880141 0.000786678 0.000881561 0.999999 -0.00115644 -0.000785544 0.00115788 0.999999 0.0109604 0.0849387 -0.110841
FixedParameters: 0 0 0

#Transform 33
Transform: AffineTransform_float_3_3
Parameters: 0.999999 -0.00115062 0.000905825 0.0011518 0.999999 -0.000904654 -0.00090478 0.000906058 0.999999 0.0135501 -0.0013391 -0.114454
FixedParameters: 0 0 0

#Transform 34
Transform: AffineTransform_float_3_3
Parameters: 0.999998 -0.00134942 0.000809039 0.00135004 0.999999 -0.000915661 -0.00080851 0.000916479 0.999999 0.0196636 0.0716732 -0.130823
FixedParameters: 0 0 0

#Transform 35
Transform: AffineTransform_float_3_3
Parameters: 1 -0.000971409 0.000630702 0.000972066 0.999999 -0.00088476 -0.000630022 0.000885304 0.999999 0.00729849 0.0302568 -0.107858
FixedParameters: 0 0 0

#Transform 36
Transform: AffineTransform_float_3_3
Parameters: 0.999999 -0.000855302 0.000833739 0.000856912 0.999999 -0.00120525 -0.000832579 0.00120673 0.999999 0.00579726 0.0875472 -0.139669
FixedParameters: 0 0 0

#Transform 37
Transform: AffineTransform_float_3_3
Parameters: 0.999999 -0.000792488 0.00107814 0.000793367 0.999999 -0.00065166 -0.00107812 0.000652017 0.999999 -0.00264173 0.0652383 -0.103246
FixedParameters: 0 0 0

#Transform 38
Transform: AffineTransform_float_3_3
Parameters: 1 -0.000938624 0.00070477 0.000939412 0.999999 -0.000884655 -0.000704148 0.000885297 0.999999 -0.00235794 0.0652645 -0.156284
FixedParameters: 0 0 0

#Transform 39
Transform: AffineTransform_float_3_3
Parameters: 0.999999 -0.00120527 0.000439689 0.00120545 0.999999 -0.000720696 -0.000438991 0.000721074 1 0.0077731 0.0707021 -0.138305
FixedParameters: 0 0 0

#Transform 40
Transform: AffineTransform_float_3_3
Parameters: 1 -0.00105568 0.000477309 0.00105587 0.999999 -0.000683546 -0.000476905 0.000683872 1 0.0166933 0.0755115 -0.0956451
FixedParameters: 0 0 0

#Transform 41
Transform: AffineTransform_float_3_3
Parameters: 0.999999 -0.00109425 0.00096341 0.00109407 0.999999 -0.000652568 -0.000962588 0.000653373 0.999999 -0.000623311 0.0775111 -0.10892
FixedParameters: 0 0 0

#Transform 42
Transform: AffineTransform_float_3_3
Parameters: 0.999998 -0.00122952 0.00102223 0.00122947 0.999999 -0.000235196 -0.00102266 0.000236357 0.999999 0.00845799 0.0936527 -0.107396
FixedParameters: 0 0 0

#Transform 43
Transform: AffineTransform_float_3_3
Parameters: 0.999998 -0.00132137 0.000953192 0.00132237 0.999999 -0.000557509 -0.000951851 0.000559292 0.999999 0.021483 0.0874745 -0.0820848
FixedParameters: 0 0 0

#Transform 44
Transform: AffineTransform_float_3_3
Parameters: 0.999999 -0.00134312 0.00107354 0.00134319 0.999999 -0.000700012 -0.00107243 0.000701529 0.999999 0.0145983 0.0733232 -0.118408
FixedParameters: 0 0 0

#Transform 45
Transform: AffineTransform_float_3_3
Parameters: 0.999998 -0.00176609 0.00107269 0.00176599 0.999999 -8.48662e-06 -0.00107293 1.08058e-05 0.999999 0.0204611 0.0899014 -0.1111
FixedParameters: 0 0 0

#Transform 46
Transform: AffineTransform_float_3_3
Parameters: 0.999999 -0.00113652 0.00140529 0.00113574 0.999999 -0.000253744 -0.00140545 0.000255639 0.999999 0.0121708 0.0905331 -0.116444
FixedParameters: 0 0 0

#Transform 47
Transform: AffineTransform_float_3_3
Parameters: 0.999998 -0.00135221 0.000993426 0.00135224 0.999999 0.000159259 -0.000993085 -0.000157362 0.999999 0.0307509 0.069874 -0.148983
FixedParameters: 0 0 0

#Transform 48
Transform: AffineTransform_float_3_3
Parameters: 0.999999 -0.00126108 0.00103729 0.00126114 0.999999 -0.000719184 -0.00103625 0.000721173 0.999999 0.03291 0.0795912 -0.158106
FixedParameters: 0 0 0

#Transform 49
Transform: AffineTransform_float_3_3
Parameters: 0.999999 -0.00141616 0.00110595 0.0014168 0.999999 -0.000731763 -0.00110592 0.000732863 0.999999 0.0366371 0.155152 -0.181715
FixedParameters: 0 0 0

#Transform 50
Transform: AffineTransform_float_3_3
Parameters: 0.999998 -0.00154245 0.000940881 0.00153994 0.999996 0.00220871 -0.000943765 -0.00220744 0.999998 0.00968632 0.0169503 0.00784651
FixedParameters: 0 0 0

#Transform 51
Transform: AffineTransform_float_3_3
Parameters: 0.999999 -0.00133191 0.00119516 0.00133117 0.999999 0.00023502 -0.00119602 -0.000233978 0.999999 0.0215951 0.147368 -0.0932664
FixedParameters: 0 0 0

#Transform 52
Transform: AffineTransform_float_3_3
Parameters: 0.999998 -0.00129816 0.00167508 0.00129586 0.999998 0.00116071 -0.00167678 -0.00115793 0.999997 0.0132742 0.118221 -0.10192
FixedParameters: 0 0 0

#Transform 53
Transform: AffineTransform_float_3_3
Parameters: 0.999998 -0.00125984 0.00173595 0.00125646 0.999998 0.0019378 -0.00173782 -0.00193584 0.999997 0.02674 0.152779 -0.107302
FixedParameters: 0 0 0

#Transform 54
Transform: AffineTransform_float_3_3
Parameters: 0.999997 -0.00157769 0.00179674 0.00157477 0.999998 0.00159973 -0.00179995 -0.00159715 0.999997 0.0358198 0.132127 -0.174142
FixedParameters: 0 0 0

#Transform 55
Transform: AffineTransform_float_3_3
Parameters: 0.999998 -0.000926463 0.00214841 0.000923859 0.999999 0.00117252 -0.00214965 -0.00117009 0.999997 0.0224109 0.0874551 -0.112603
FixedParameters: 0 0 0

#Transform 56
Transform: AffineTransform_float_3_3
Parameters: 0.999998 -0.00116849 0.00162212 0.00116917 1 -0.000393267 -0.00162218 0.000395034 0.999999 0.0238275 0.143153 -0.115359
FixedParameters: 0 0 0

#Transform 57
Transform: AffineTransform_float_3_3
Parameters: 0.999997 -0.000944373 0.00192714 0.000943305 0.999999 0.000210193 -0.00192758 -0.000208566 0.999998 0.00563027 0.135293 -0.100792
FixedParameters: 0 0 0

#Transform 58
Transform: AffineTransform_float_3_3
Parameters: 0.999998 -0.00121583 0.00199542 0.00121419 0.999999 0.00102229 -0.00199697 -0.00101899 0.999998 0.0178483 0.134808 -0.0869902
FixedParameters: 0 0 0

#Transform 59
Transform: AffineTransform_float_3_3
Parameters: 0.999997 -0.00100884 0.001936 0.0010064 0.999999 0.00103775 -0.00193662 -0.00103535 0.999998 0.00300414 0.125005 -0.0637301
FixedParameters: 0 0 0

#Transform 60
Transform: AffineTransform_float_3_3
Parameters: 0.999996 -0.00142228 0.00228636 0.00142048 0.999999 0.00100026 -0.00228733 -0.000996776 0.999997 0.0110658 0.147793 -0.114898
FixedParameters: 0 0 0

#Transform 61
Transform: AffineTransform_float_3_3
Parameters: 0.999996 -0.00134891 0.00225502 0.00134726 0.999999 0.000660884 -0.00225554 -0.000659119 0.999997 0.0324223 0.123436 -0.109229
FixedParameters: 0 0 0

#Transform 62
Transform: AffineTransform_float_3_3
Parameters: 0.999995 -0.00167048 0.00262209 0.00166862 0.999998 0.000583907 -0.00262288 -0.000579394 0.999997 0.035743 0.137079 -0.12381
FixedParameters: 0 0 0

#Transform 63
Transform: AffineTransform_float_3_3
Parameters: 0.999995 -0.0017892 0.00244796 0.00178617 0.999998 0.000971462 -0.00244927 -0.000967077 0.999997 0.0371348 0.100979 -0.13388
FixedParameters: 0 0 0

#Transform 64
Transform: AffineTransform_float_3_3
Parameters: 0.999996 -0.001751 0.0025865 0.00174872 0.999998 0.00119365 -0.00258854 -0.00118912 0.999996 0.0368263 0.114037 -0.115237
FixedParameters: 0 0 0

#Transform 65
Transform: AffineTransform_float_3_3
Parameters: 0.999994 -0.00157264 0.00287407 0.00157147 0.999999 0.000571872 -0.00287511 -0.000567868 0.999996 0.0303175 0.135677 -0.146929
FixedParameters: 0 0 0

#Transform 66
Transform: AffineTransform_float_3_3
Parameters: 0.999994 -0.00177889 0.00278764 0.00177805 0.999998 0.000367269 -0.00278778 -0.000362336 0.999996 0.0416064 0.15044 -0.170317
FixedParameters: 0 0 0

#Transform 67
Transform: AffineTransform_float_3_3
Parameters: 0.999994 -0.00159204 0.00292781 0.00158915 0.999998 0.00108889 -0.00292988 -0.00108398 0.999995 0.0502146 0.146448 -0.105074
FixedParameters: 0 0 0

#Transform 68
Transform: AffineTransform_float_3_3
Parameters: 0.999994 -0.00162761 0.00285267 0.00162472 0.999998 0.00111874 -0.00285492 -0.00111386 0.999996 0.042286 0.12597 -0.0874448
FixedParameters: 0 0 0

#Transform 69
Transform: AffineTransform_float_3_3
Parameters: 0.999996 -0.0013561 0.00279161 0.00135295 0.999998 0.000956137 -0.00279331 -0.000952132 0.999996 0.0363436 0.100934 -0.0769657
FixedParameters: 0 0 0

#Transform 70
Transform: AffineTransform_float_3_3
Parameters: 0.999995 -0.00153378 0.00302191 0.00153179 0.999998 0.000886669 -0.00302334 -0.000882474 0.999995 0.0410919 0.128209 -0.090489
FixedParameters: 0 0 0

#Transform 71
Transform: AffineTransform_float_3_3
Parameters: 0.999995 -0.0013584 0.00292409 0.00135504 0.999999 0.00117046 -0.00292588 -0.00116693 0.999995 0.0309291 0.0955008 -0.0820789
FixedParameters: 0 0 0

#Transform 72
Transform: AffineTransform_float_3_3
Parameters: 0.999995 -0.00155438 0.00302564 0.00155076 0.999998 0.001153 -0.00302793 -0.00114867 0.999995 0.0366101 0.0848355 -0.0837941
FixedParameters: 0 0 0

#Transform 73
Transform: AffineTransform_float_3_3
Parameters: 0.999994 -0.00156874 0.00312317 0.00156487 0.999998 0.00101302 -0.00312465 -0.00100825 0.999994 0.0368183 0.105679 -0.115423
FixedParameters: 0 0 0

#Transform 74
Transform: AffineTransform_float_3_3
Parameters: 0.999994 -0.00153834 0.00319067 0.0015353 0.999998 0.00100504 -0.00319247 -0.0010003 0.999994 0.0346917 0.12662 -0.129532
FixedParameters: 0 0 0

#Transform 75
Transform: AffineTransform_float_3_3
Parameters: 0.999994 -0.00119509 0.00306003 0.00119185 0.999998 0.00109945 -0.00306127 -0.00109581 0.999994 0.0278076 0.108991 -0.0759151
FixedParameters: 0 0 0

#Transform 76
Transform: AffineTransform_float_3_3
Parameters: 0.999995 -0.00125368 0.0028978 0.00125122 0.999999 0.000801406 -0.00289891 -0.000797705 0.999996 0.0307957 0.135802 -0.0455592
FixedParameters: 0 0 0

#Transform 77
Transform: AffineTransform_float_3_3
Parameters: 0.999994 -0.00151617 0.00322208 0.00151113 0.999997 0.00172991 -0.00322475 -0.0017247 0.999994 0.0457089 0.0667629 -0.028626
FixedParameters: 0 0 0

#Transform 78
Transform: AffineTransform_float_3_3
Parameters: 0.999994 -0.00146717 0.00323191 0.00146417 0.999998 0.00119635 -0.00323349 -0.00119132 0.999994 0.0357403 0.108521 -0.0817343
FixedParameters: 0 0 0

#Transform 79
Transform: AffineTransform_float_3_3
Parameters: 0.999994 -0.00145876 0.00315887 0.00145672 0.999999 0.000711295 -0.00315925 -0.000707105 0.999995 0.0298448 0.180808 -0.126133
FixedParameters: 0 0 0

#Transform 80
Transform: AffineTransform_float_3_3
Parameters: 0.999993 -0.00161107 0.0034784 0.00160587 0.999998 0.00127931 -0.00348029 -0.00127392 0.999993 0.0389996 0.165266 -0.11134
FixedParameters: 0 0 0

#Transform 81
Transform: AffineTransform_float_3_3
Parameters: 0.999993 -0.00163686 0.00323021 0.00163304 0.999998 0.00117218 -0.00323169 -0.00116742 0.999995 0.0406858 0.131328 -0.0868149
FixedParameters: 0 0 0

#Transform 82
Transform: AffineTransform_float_3_3
Parameters: 0.999994 -0.00153018 0.00307304 0.0015271 0.999998 0.00111312 -0.00307425 -0.00110884 0.999995 0.0336364 0.136768 -0.077166
FixedParameters: 0 0 0

#Transform 83
Transform: AffineTransform_float_3_3
Parameters: 0.999994 -0.00149914 0.00320575 0.00149464 0.999998 0.00144035 -0.00320814 -0.00143593 0.999994 0.0308101 0.128186 -0.0848986
FixedParameters: 0 0 0

#Transform 84
Transform: AffineTransform_float_3_3
Parameters: 0.999994 -0.00174802 0.0030055 0.00174409 0.999998 0.00127992 -0.00300778 -0.00127529 0.999995 0.0381416 0.120794 -0.0815241
FixedParameters: 0 0 0

#Transform 85
Transform: AffineTransform_float_3_3
Parameters: 0.999994 -0.00165296 0.00304729 0.00164904 0.999998 0.00112376 -0.00304843 -0.0011181 0.999994 0.0521406 0.132366 -0.095255
FixedParameters: 0 0 0

#Transform 86
Transform: AffineTransform_float_3_3
Parameters: 0.999994 -0.00102806 0.00330828 0.00102491 0.999999 0.000933394 -0.00330968 -0.000930144 0.999994 0.0339886 0.186804 -0.0570103
FixedParameters: 0 0 0

#Transform 87
Transform: AffineTransform_float_3_3
Parameters: 0.999994 -0.00108212 0.00332062 0.00107919 0.999998 0.00109393 -0.00332197 -0.0010904 0.999994 0.0464307 0.146091 -0.0720864
FixedParameters: 0 0 0

#Transform 88
Transform: AffineTransform_float_3_3
Parameters: 0.999994 -0.00102535 0.00334434 0.00102132 0.999998 0.00125979 -0.00334576 -0.00125586 0.999994 0.0361306 0.0947457 -0.0712575
FixedParameters: 0 0 0

#Transform 89
Transform: AffineTransform_float_3_3
Parameters: 0.999993 -0.0010623 0.00339833 0.00105944 0.999999 0.000731104 -0.00339896 -0.000727386 0.999994 0.0266471 0.176565 -0.12614
FixedParameters: 0 0 0

#Transform 90
Transform: AffineTransform_float_3_3
Parameters: 0.999995 -0.00126389 0.00307066 0.00125444 0.999994 0.00315525 -0.00307493 -0.00315167 0.99999 0.0208028 0.132126 -0.0258691
FixedParameters: 0 0 0

#Transform 91
Transform: AffineTransform_float_3_3
Parameters: 0.999996 -0.000745065 0.00279641 0.000742994 1 0.000710413 -0.00279738 -0.00070835 0.999996 0.0011428 0.219704 -0.0875247
FixedParameters: 0 0 0

#Transform 92
Transform: AffineTransform_float_3_3
Parameters: 0.999994 -0.0013809 0.0031572 0.00137573 0.999998 0.0017225 -0.00316029 -0.00171829 0.999994 0.0218621 0.133487 -0.0774249
FixedParameters: 0 0 0

#Transform 93
Transform: AffineTransform_float_3_3
Parameters: 0.999995 -0.00133221 0.00313295 0.00132713 0.999998 0.00157681 -0.00313524 -0.00157224 0.999993 0.0266182 0.113365 -0.0970379
FixedParameters: 0 0 0

#Transform 94
Transform: AffineTransform_float_3_3
Parameters: 0.999993 -0.00154259 0.00336724 0.00154008 0.999999 0.00072913 -0.00336793 -0.000723766 0.999993 0.0310123 0.17406 -0.141674
FixedParameters: 0 0 0

#Transform 95
Transform: AffineTransform_float_3_3
Parameters: 0.999992 -0.00151737 0.00366411 0.00151038 0.999997 0.00195735 -0.00366694 -0.00195158 0.999991 0.0262156 0.147202 -0.103126
FixedParameters: 0 0 0

#Transform 96
Transform: AffineTransform_float_3_3
Parameters: 0.999993 -0.0015113 0.00366346 0.00150657 0.999998 0.00140024 -0.00366626 -0.00139434 0.999992 0.0421317 0.159859 -0.094221
FixedParameters: 0 0 0

#Transform 97
Transform: AffineTransform_float_3_3
Parameters: 0.999991 -0.00139397 0.00392912 0.00138867 0.999998 0.00130286 -0.00392982 -0.0012977 0.999992 0.0345496 0.152055 -0.141035
FixedParameters: 0 0 0

#Transform 98
Transform: AffineTransform_float_3_3
Parameters: 0.999993 -0.00151772 0.00366583 0.00151255 0.999998 0.00151507 -0.0036681 -0.00150917 0.999992 0.039413 0.161172 -0.132893
FixedParameters: 0 0 0

#Transform 99
Transform: AffineTransform_float_3_3
Parameters: 0.999992 -0.00153198 0.00354499 0.00152783 0.999999 0.00105194 -0.00354689 -0.00104683 0.999993 0.0408993 0.142702 -0.127007
FixedParameters: 0 0 0

#Transform 100
Transform: AffineTransform_float_3_3
Parameters: 0.999993 -0.00172511 0.00337808 0.00172063 0.999998 0.00121151 -0.00338003 -0.00120566 0.999994 0.0328409 0.165137 -0.144972
FixedParameters: 0 0 0

#Transform 101
Transform: AffineTransform_float_3_3
Parameters: 0.999992 -0.00156247 0.00357075 0.00155739 0.999997 0.00154992 -0.00357313 -0.00154399 0.999992 0.0386582 0.140477 -0.155605
FixedParameters: 0 0 0

#Transform 102
Transform: AffineTransform_float_3_3
Parameters: 0.999992 -0.0015103 0.00359444 0.00150637 0.999998 0.00105211 -0.00359536 -0.00104774 0.999993 0.0363551 0.115006 -0.169516
FixedParameters: 0 0 0

#Transform 103
Transform: AffineTransform_float_3_3
Parameters: 0.999993 -0.00156913 0.00337934 0.0015669 0.999999 0.000625802 -0.00338064 -0.000620165 0.999994 0.0293204 0.18532 -0.204154
FixedParameters: 0 0 0

#Transform 104
Transform: AffineTransform_float_3_3
Parameters: 0.999992 -0.00182181 0.00360403 0.00181678 0.999997 0.00151196 -0.00360718 -0.00150546 0.999993 0.0344269 0.180181 -0.166533
FixedParameters: 0 0 0

#Transform 105
Transform: AffineTransform_float_3_3
Parameters: 0.999993 -0.00148013 0.0036416 0.00147685 0.999998 0.000940793 -0.00364226 -0.00093575 0.999993 0.0164283 0.178212 -0.175785
FixedParameters: 0 0 0

#Transform 106
Transform: AffineTransform_float_3_3
Parameters: 0.999991 -0.00161259 0.003766 0.00160879 0.999998 0.00110925 -0.00376772 -0.0011029 0.999992 0.0202958 0.166273 -0.201868
FixedParameters: 0 0 0

#Transform 107
Transform: AffineTransform_float_3_3
Parameters: 0.999991 -0.00191314 0.00365935 0.00190982 0.999998 0.000763598 -0.00366064 -0.000755966 0.999993 0.0351467 0.167403 -0.186783
FixedParameters: 0 0 0

#Transform 108
Transform: AffineTransform_float_3_3
Parameters: 0.999991 -0.00178326 0.00389984 0.00178208 0.999998 0.000375413 -0.00390057 -0.000368482 0.999992 0.0254854 0.210849 -0.231299
FixedParameters: 0 0 0

#Transform 109
Transform: AffineTransform_float_3_3
Parameters: 0.999992 -0.00161772 0.00370091 0.00161276 0.999998 0.00128524 -0.0037032 -0.00127906 0.999992 0.0324269 0.138267 -0.15361
FixedParameters: 0 0 0

#Transform 110
Transform: AffineTransform_float_3_3
Parameters: 0.999993 -0.00167823 0.0031485 0.00167579 0.999998 0.000713363 -0.0031501 -0.000707767 0.999995 0.0471601 0.170266 -0.134509
FixedParameters: 0 0 0

#Transform 111
Transform: AffineTransform_float_3_3
Parameters: 0.999993 -0.00153388 0.00350395 0.00153116 0.999998 0.000859762 -0.00350527 -0.000854024 0.999993 0.0197752 0.164781 -0.134054
FixedParameters: 0 0 0

#Transform 112
Transform: AffineTransform_float_3_3
Parameters: 0.999994 -0.00141182 0.00342179 0.00140685 0.999998 0.0014666 -0.00342306 -0.00146212 0.999994 0.00927774 0.166866 -0.121322
FixedParameters: 0 0 0

#Transform 113
Transform: AffineTransform_float_3_3
Parameters: 0.999995 -0.00144271 0.00304491 0.00143988 0.999998 0.00065279 -0.00304561 -0.000648189 0.999995 0.0173628 0.20079 -0.154675
FixedParameters: 0 0 0

#Transform 114
Transform: AffineTransform_float_3_3
Parameters: 0.999993 -0.00155969 0.0034893 0.00155579 0.999999 0.00108978 -0.00349047 -0.0010847 0.999993 0.0229784 0.168578 -0.154263
FixedParameters: 0 0 0

#Transform 115
Transform: AffineTransform_float_3_3
Parameters: 0.999993 -0.00159368 0.00346494 0.00158882 0.999998 0.00136701 -0.00346747 -0.00136182 0.999993 0.0234731 0.184282 -0.159904
FixedParameters: 0 0 0

#Transform 116
Transform: AffineTransform_float_3_3
Parameters: 0.999993 -0.00165525 0.00335806 0.00164991 0.999997 0.00154045 -0.00336043 -0.00153525 0.999993 0.00649019 0.164968 -0.151592
FixedParameters: 0 0 0

#Transform 117
Transform: AffineTransform_float_3_3
Parameters: 0.999993 -0.00145172 0.00353693 0.00144865 0.999999 0.000771954 -0.00353745 -0.000766648 0.999993 -0.000516544 0.184929 -0.19339
FixedParameters: 0 0 0

#Transform 118
Transform: AffineTransform_float_3_3
Parameters: 0.999992 -0.00146023 0.00377 0.00145441 0.999998 0.00137573 -0.00377216 -0.00137052 0.999992 -0.00157654 0.191428 -0.183114
FixedParameters: 0 0 0

#Transform 119
Transform: AffineTransform_float_3_3
Parameters: 0.999992 -0.00153816 0.00356352 0.00153412 0.999998 0.00122281 -0.00356532 -0.00121697 0.999993 0.00195265 0.161521 -0.166275
FixedParameters: 0 0 0

#Transform 120
Transform: AffineTransform_float_3_3
Parameters: 0.999993 -0.00160992 0.00333193 0.00160611 0.999998 0.00086233 -0.00333402 -0.000857246 0.999994 0.00609037 0.179261 -0.163668
FixedParameters: 0 0 0

#Transform 121
Transform: AffineTransform_float_3_3
Parameters: 0.999991 -0.00163151 0.00388706 0.00162783 0.999998 0.00104267 -0.00388871 -0.00103644 0.999992 0.00352577 0.172565 -0.158879
FixedParameters: 0 0 0

#Transform 122
Transform: AffineTransform_float_3_3
Parameters: 0.999993 -0.00171011 0.00329741 0.00170771 0.999997 0.000856691 -0.00329915 -0.000851157 0.999994 0.0117657 0.184502 -0.121673
FixedParameters: 0 0 0

#Transform 123
Transform: AffineTransform_float_3_3
Parameters: 0.999993 -0.00179076 0.00337623 0.00178786 0.999998 0.000978629 -0.00337751 -0.000972342 0.999994 0.0120809 0.149711 -0.121418
FixedParameters: 0 0 0

#Transform 124
Transform: AffineTransform_float_3_3
Parameters: 0.999991 -0.00173748 0.00374732 0.00173289 0.999998 0.00121969 -0.0037497 -0.0012132 0.999992 0.018832 0.180672 -0.116731
FixedParameters: 0 0 0

#Transform 125
Transform: AffineTransform_float_3_3
Parameters: 0.999993 -0.00168884 0.0031526 0.00168586 0.999998 0.000861965 -0.00315381 -0.000856345 0.999995 0.000840945 0.19092 -0.0651811
FixedParameters: 0 0 0

#Transform 126
Transform: AffineTransform_float_3_3
Parameters: 0.999993 -0.00172294 0.00316584 0.00171828 0.999998 0.00133969 -0.00316812 -0.00133392 0.999994 0.00527007 0.165824 -0.0768191
FixedParameters: 0 0 0

#Transform 127
Transform: AffineTransform_float_3_3
Parameters: 0.999995 -0.0012067 0.0029383 0.00120156 0.999999 0.00148907 -0.00294039 -0.00148499 0.999995 0.0122523 0.138058 0.0561026
FixedParameters: 0 0 0

#Transform 128
Transform: AffineTransform_float_3_3
Parameters: 0.999993 -0.00108184 0.00345884 0.0010758 0.999998 0.00156642 -0.00346016 -0.00156266 0.999992 -0.00263558 0.180195 0.0260523
FixedParameters: 0 0 0

#Transform 129
Transform: AffineTransform_float_3_3
Parameters: 0.999993 -0.00168258 0.00333334 0.00167738 0.999997 0.00173685 -0.00333581 -0.00173166 0.999993 0.0160272 0.128071 0.0369605
FixedParameters: 0 0 0

#Transform 130
Transform: AffineTransform_float_3_3
Parameters: 0.999993 -0.00129104 0.00345506 0.00128493 0.999998 0.00176813 -0.00345705 -0.00176378 0.999992 -0.00137923 0.145838 0.0248078
FixedParameters: 0 0 0

#Transform 131
Transform: AffineTransform_float_3_3
Parameters: 0.999994 -0.00129939 0.0032777 0.00129598 0.999999 0.0010426 -0.00327898 -0.00103842 0.999994 -0.00629848 0.23418 -0.0117625
FixedParameters: 0 0 0

#Transform 132
Transform: AffineTransform_float_3_3
Parameters: 0.999993 -0.00159859 0.00342508 0.00159396 0.999998 0.00121641 -0.00342674 -0.00121127 0.999993 -0.00564925 0.178091 -0.00336719
FixedParameters: 0 0 0

#Transform 133
Transform: AffineTransform_float_3_3
Parameters: 0.999992 -0.00190462 0.00361425 0.00189867 0.999997 0.00150838 -0.00361722 -0.00150121 0.999993 0.00623416 0.142547 0.0344202
FixedParameters: 0 0 0

#Transform 134
Transform: AffineTransform_float_3_3
Parameters: 0.999992 -0.00178545 0.00357189 0.00178164 0.999998 0.00117211 -0.00357438 -0.00116521 0.999992 0.0126373 0.149321 0.00448558
FixedParameters: 0 0 0

#Transform 135
Transform: AffineTransform_float_3_3
Parameters: 0.999992 -0.00203317 0.00349231 0.00203021 0.999998 0.000807611 -0.00349323 -0.000800635 0.999993 0.00800653 0.148115 -0.0098939
FixedParameters: 0 0 0

#Transform 136
Transform: AffineTransform_float_3_3
Parameters: 0.999991 -0.0023677 0.00375778 0.00236522 0.999997 0.000782068 -0.00375959 -0.000772886 0.999993 0.0165696 0.15895 0.0147796
FixedParameters: 0 0 0

#Transform 137
Transform: AffineTransform_float_3_3
Parameters: 0.999991 -0.00221215 0.0036799 0.00221061 0.999997 0.000438288 -0.00368135 -0.000430458 0.999993 0.0293326 0.186137 -0.0502157
FixedParameters: 0 0 0

#Transform 138
Transform: AffineTransform_float_3_3
Parameters: 0.99999 -0.00214295 0.00397593 0.0021366 0.999996 0.00143997 -0.00397863 -0.00143165 0.999991 0.0247649 0.143131 -0.000273091
FixedParameters: 0 0 0

#Transform 139
Transform: AffineTransform_float_3_3
Parameters: 0.999991 -0.00215834 0.00355436 0.00215748 0.999998 0.000247492 -0.00355444 -0.000239881 0.999994 0.00950768 0.18601 -0.0528606
FixedParameters: 0 0 0

#Transform 140
Transform: AffineTransform_float_3_3
Parameters: 0.999991 -0.00211759 0.00365786 0.00211655 0.999998 0.000436778 -0.00365836 -0.00042912 0.999993 0.0107179 0.175498 -0.048944
FixedParameters: 0 0 0

#Transform 141
Transform: AffineTransform_float_3_3
Parameters: 0.99999 -0.00268223 0.00358879 0.00267819 0.999995 0.00108444 -0.00359194 -0.00107533 0.999993 0.046271 0.147603 -0.0204408
FixedParameters: 0 0 0

#Transform 142
Transform: AffineTransform_float_3_3
Parameters: 0.99999 -0.00245271 0.00363078 0.00244969 0.999996 0.000893791 -0.0036333 -0.000884659 0.999992 0.0471925 0.186343 -0.0420483
FixedParameters: 0 0 0

#Transform 143
Transform: AffineTransform_float_3_3
Parameters: 0.999991 -0.00254903 0.00336943 0.00254675 0.999997 0.000668827 -0.0033715 -0.00065955 0.999994 0.0739773 0.134613 -0.0316774
FixedParameters: 0 0 0

#Transform 144
Transform: AffineTransform_float_3_3
Parameters: 0.99999 -0.00255332 0.00370897 0.0025521 0.999996 0.00043915 -0.00370995 -0.000429449 0.999993 0.0543294 0.143354 -0.0493846
FixedParameters: 0 0 0

#Transform 145
Transform: AffineTransform_float_3_3
Parameters: 0.999989 -0.00262294 0.003709 0.00262282 0.999997 0.000236737 -0.00370989 -0.0002272 0.999993 0.049095 0.123765 -0.0791476
FixedParameters: 0 0 0

#Transform 146
Transform: AffineTransform_float_3_3
Parameters: 0.999988 -0.00275494 0.0039405 0.00275228 0.999996 0.000754667 -0.00394286 -0.000743712 0.999992 0.0510524 0.117612 -0.065307
FixedParameters: 0 0 0

#Transform 147
Transform: AffineTransform_float_3_3
Parameters: 0.999989 -0.00261781 0.00373168 0.00261618 0.999997 0.000491176 -0.00373299 -0.000481618 0.999993 0.0522907 0.129421 -0.0292748
FixedParameters: 0 0 0

#Transform 148
Transform: AffineTransform_float_3_3
Parameters: 0.99999 -0.00254146 0.00371979 0.00254003 0.999996 0.000289273 -0.0037205 -0.000279501 0.999993 0.0492156 0.126855 -0.0510555
FixedParameters: 0 0 0

#Transform 149
Transform: AffineTransform_float_3_3
Parameters: 0.99999 -0.00271374 0.00361499 0.00271303 0.999996 0.000380782 -0.00361579 -0.000371139 0.999994 0.0425359 0.123942 -0.0224333
FixedParameters: 0 0 0
