#Insight Transform File V1.0
#Transform 0
Transform: AffineTransform_float_3_3
Parameters: 0.999999 0.00118289 -0.000811811 -0.0011834 0.999999 -0.000444857 0.000811738 0.000446348 0.999999 -0.0665809 -0.129075 0.0164826
FixedParameters: 0 0 0

#Transform 1
Transform: AffineTransform_float_3_3
Parameters: 0.999999 0.00144471 -0.000448974 -0.00144482 0.999999 -0.000119416 0.000448611 0.000119391 1 -0.0749611 -0.131588 0.0252786
FixedParameters: 0 0 0

#Transform 2
Transform: AffineTransform_float_3_3
Parameters: 0.999998 0.00136061 -0.000841097 -0.00136074 0.999999 -7.40614e-05 0.000840876 7.5028e-05 1 -0.0700184 -0.112025 0.0207342
FixedParameters: 0 0 0

#Transform 3
Transform: AffineTransform_float_3_3
Parameters: 0.999999 0.00119226 -0.000620935 -0.00119225 1 5.94472e-06 0.000620951 -4.87444e-06 1 -0.0672972 -0.100142 0.0203892
FixedParameters: 0 0 0

#Transform 4
Transform: AffineTransform_float_3_3
Parameters: 0.999999 0.000980334 -0.000765657 -0.000980641 1 -0.000335654 0.000765957 0.000335814 1 -0.0546601 -0.0929514 -0.00582285
FixedParameters: 0 0 0

#Transform 5
Transform: AffineTransform_float_3_3
Parameters: 1 0.000918111 -0.000754336 -0.000918541 1 -0.00042257 0.000754519 0.000422615 1 -0.0596021 -0.0744557 -0.00340008
FixedParameters: 0 0 0

#Transform 6
Transform: AffineTransform_float_3_3
Parameters: 1 0.000920449 -0.000747202 -0.000920598 1 -9.96997e-05 0.000747021 0.000100665 0.999999 -0.0606792 -0.115146 0.0212068
FixedParameters: 0 0 0

#Transform 7
Transform: AffineTransform_float_3_3
Parameters: 1 0.00102485 -0.000600342 -0.00102484 1 6.47016e-06 0.000600358 -5.64999e-06 1 -0.0640046 -0.114058 0.0306173
FixedParameters: 0 0 0

#Transform 8
Transform: AffineTransform_float_3_3
Parameters: 1 0.000962548 -0.000549722 -0.000962809 1 -0.000235304 0.000549251 0.00023504 1 -0.0521724 -0.114493 0.018564
FixedParameters: 0 0 0

#Transform 9
Transform: AffineTransform_float_3_3
Parameters: 1 0.000973891 -0.000499424 -0.000973886 1 4.53515e-06 0.000499436 -3.97274e-06 1 -0.0569778 -0.0853774 0.0212343
FixedParameters: 0 0 0

#Transform 10
Transform: AffineTransform_float_3_3
Parameters: 1 0.000957817 -0.000576373 -0.000957801 1 0.000195384 0.000575773 -0.000194672 1 -0.0515549 -0.0763271 0.016445
FixedParameters: 0 0 0

#Transform 11
Transform: AffineTransform_float_3_3
Parameters: 1 0.000955308 -0.000584227 -0.000955494 1 -0.000159522 0.000583926 0.000160227 1 -0.054947 -0.0496438 0.0182255
FixedParameters: 0 0 0

#Transform 12
Transform: AffineTransform_float_3_3
Parameters: 0.999999 0.000783025 -0.000389185 -0.000783139 0.999999 0.000123494 0.0003884 -0.000122865 1 -0.0481324 -0.147329 0.0391682
FixedParameters: 0 0 0

#Transform 13
Transform: AffineTransform_float_3_3
Parameters: 0.999999 0.000722283 -0.000532021 -0.000722355 0.999999 -6.7058e-05 0.000531924 6.78265e-05 1 -0.0428654 -0.0380299 0.0277564
FixedParameters: 0 0 0

#Transform 14
Transform: AffineTransform_float_3_3
Parameters: 1 0.000507507 -3.49432e-05 -0.000507524 1 -0.0002526 3.46867e-05 0.000252636 1 -0.0386532 -0.106711 0.0119746
FixedParameters: 0 0 0

#Transform 15
Transform: AffineTransform_float_3_3
Parameters: 1 0.000407842 0.000146618 -0.00040784 1 -5.81142e-06 -0.000146623 5.69183e-06 1 -0.0371146 -0.0862229 0.0177071
FixedParameters: 0 0 0

#Transform 16
Transform: AffineTransform_float_3_3
Parameters: 1 0.000368016 -0.000395319 -0.000368094 1 -9.88994e-05 0.000395246 9.91903e-05 1 -0.0317585 -0.0442051 0.0126673
FixedParameters: 0 0 0

#Transform 17
Transform: AffineTransform_float_3_3
Parameters: 1 0.000511655 -1.77942e-05 -0.000511655 1 -2.93503e-06 1.77912e-05 2.95324e-06 1 -0.038242 -0.0773924 0.0167404
FixedParameters: 0 0 0

#Transform 18
Transform: AffineTransform_float_3_3
Parameters: 1 0.000162792 0.000288646 -0.000162643 1 -0.000257277 -0.00028873 0.000257183 1 -0.0157202 -0.0759083 -0.00142674
FixedParameters: 0 0 0

#Transform 19
Transform: AffineTransform_float_3_3
Parameters: 1 0.00011987 8.67491e-05 -0.000119869 1 -2.62524e-06 -8.67498e-05 2.60444e-06 1 -0.0298356 -0.0655984 0.0231182
FixedParameters: 0 0 0

#Transform 20
Transform: AffineTransform_float_3_3
Parameters: 1 7.35116e-05 -0.000129279 -7.3511e-05 1 2.26973e-06 0.000129279 -2.25072e-06 1 0.00316036 -0.0130405 0.00102484
FixedParameters: 0 0 0

#Transform 21
Transform: AffineTransform_float_3_3
Parameters: 1 -0.000293292 0.000181765 0.000293273 1 5.31213e-05 -0.000181796 -5.30147e-05 1 0.00867799 -0.0468339 0.00932928
FixedParameters: 0 0 0

#Transform 22
Transform: AffineTransform_float_3_3
Parameters: 1 -0.000305298 0.000128481 0.000305362 1 -0.000250759 -0.000128327 0.000250838 1 0.0107539 0.015224 -0.025406
FixedParameters: 0 0 0

#Transform 23
Transform: AffineTransform_float_3_3
Parameters: 1 -0.000305005 0.00012944 0.000305058 1 -0.00020477 -0.000129315 0.000204849 1 0.0107231 0.0170572 -0.0145491
FixedParameters: 0 0 0

#Transform 24
Transform: AffineTransform_float_3_3
Parameters: 1 -0.000302196 0.000138663 0.000302341 1 0.000237125 -0.000137829 -0.000237061 1 -0.00312766 -0.104711 0.0107458
FixedParameters: 0 0 0

#Transform 25
Transform: AffineTransform_float_3_3
Parameters: 1 0.00017122 -7.96857e-05 -0.000171294 1 -0.000448478 7.95102e-05 0.000447594 1 -0.00886062 0.044726 -0.0361321
FixedParameters: 0 0 0

#Transform 26
Transform: AffineTransform_float_3_3
Parameters: 1 0.000318822 2.52565e-06 -0.000318823 1 0.000104903 -2.45876e-06 -0.000104905 1 -0.00303309 -0.00226103 0.00936323
FixedParameters: 0 0 0

#Transform 27
Transform: AffineTransform_float_3_3
Parameters: 1 9.16554e-06 -5.26735e-06 -9.16517e-06 1 3.50607e-05 5.26799e-06 -3.50606e-05 1 -0.00233815 0.0497186 -0.0243783
FixedParameters: 0 0 0

#Transform 28
Transform: AffineTransform_float_3_3
Parameters: 1 -0.000253594 0.000360103 0.000252981 1 0.000911125 -0.000360574 -0.000911353 0.999999 0.00349168 -0.0408113 -0.0148088
FixedParameters: 0 0 0

#Transform 29
Transform: AffineTransform_float_3_3
Parameters: 1 -0.00025224 0.000371614 0.000252057 1 0.000245922 -0.000371738 -0.000245735 1 0.00832711 0.0230314 -0.0357768
FixedParameters: 0 0 0

#Transform 30
Transform: AffineTransform_float_3_3
Parameters: 1 -0.000208656 0.000574947 0.000208379 1 0.00024136 -0.000575047 -0.00024112 1 0.00572977 0.00991504 -0.0391011
FixedParameters: 0 0 0

#Transform 31
Transform: AffineTransform_float_3_3
Parameters: 1 -0.000228159 0.00048077 0.000227487 0.999999 0.000694621 -0.000481109 -0.000695314 0.999999 0.007709 0.046308 -0.0376006
FixedParameters: 0 0 0

#Transform 32
Transform: AffineTransform_float_3_3
Parameters: 1 -0.000239638 0.000427839 0.000239128 1 0.000595742 -0.000428124 -0.000595537 0.999999 0.00808328 0.036958 -0.0379119
FixedParameters: 0 0 0

#Transform 33
Transform: AffineTransform_float_3_3
Parameters: 1 -0.000294304 0.000171025 0.000294255 0.999999 0.00075652 -0.000170492 -0.000756439 0.999999 0.00996985 -0.0125357 -0.0367664
FixedParameters: 0 0 0

#Transform 34
Transform: AffineTransform_float_3_3
Parameters: 1 -0.000292443 0.000177404 0.000292336 1 0.00101544 -0.000177033 -0.00101535 1 0.0279151 0.0245507 -0.0699969
FixedParameters: 0 0 0

#Transform 35
Transform: AffineTransform_float_3_3
Parameters: 1 -0.000144894 0.000133753 0.000144706 0.999999 0.000701297 -0.000133956 -0.000701258 0.999999 0.0249063 0.0351479 -0.052026
FixedParameters: 0 0 0

#Transform 36
Transform: AffineTransform_float_3_3
Parameters: 1 -0.000292273 0.000176546 0.000292099 0.999999 0.0012085 -0.000176288 -0.00120842 1 0.0273422 -0.00342129 -0.054925
FixedParameters: 0 0 0

#Transform 37
Transform: AffineTransform_float_3_3
Parameters: 1 -0.000376498 -0.000213344 0.000377034 0.999999 0.000758017 0.000213773 -0.000757285 0.999999 0.0491496 0.0411858 -0.0753984
FixedParameters: 0 0 0

#Transform 38
Transform: AffineTransform_float_3_3
Parameters: 1 -0.000295493 0.000165945 0.00029526 0.999999 0.00070062 -0.000166359 -0.000700522 0.999999 0.045382 0.040515 -0.101565
FixedParameters: 0 0 0

#Transform 39
Transform: AffineTransform_float_3_3
Parameters: 1 -0.0002941 0.000170559 0.000293785 0.999999 0.000921566 -0.000171101 -0.000921466 0.999999 0.0419116 0.0130553 -0.0735496
FixedParameters: 0 0 0

#Transform 40
Transform: AffineTransform_float_3_3
Parameters: 0.999999 -0.000708733 0.00039578 0.000708047 0.999999 0.00118477 -0.000396493 -0.00118423 0.999999 0.0523657 -0.00303918 -0.0846886
FixedParameters: 0 0 0

#Transform 41
Transform: AffineTransform_float_3_3
Parameters: 1 -0.000617647 7.71264e-05 0.000617539 1 0.000971443 -7.83357e-05 -0.000971757 0.999999 0.0526784 0.0237426 -0.0664173
FixedParameters: 0 0 0

#Transform 42
Transform: AffineTransform_float_3_3
Parameters: 0.999999 -0.000734841 0.000272588 0.000734393 0.999999 0.00128349 -0.000273509 -0.00128311 0.999999 0.0541174 0.0191219 -0.0704172
FixedParameters: 0 0 0

#Transform 43
Transform: AffineTransform_float_3_3
Parameters: 0.999999 -0.000819442 -0.000123232 0.000819014 0.999999 0.0012051 0.000122432 -0.00120533 1 0.0587581 0.0273681 -0.0802481
FixedParameters: 0 0 0

#Transform 44
Transform: AffineTransform_float_3_3
Parameters: 1 -0.00069197 1.18022e-05 0.0006922 1 0.000953265 -1.21537e-05 -0.000953677 0.999999 0.0550346 0.0300108 -0.0856158
FixedParameters: 0 0 0

#Transform 45
Transform: AffineTransform_float_3_3
Parameters: 1 -0.000652576 7.57635e-05 0.000652671 0.999999 0.00103592 -7.6151e-05 -0.00103584 1 0.0563114 0.0373939 -0.0731267
FixedParameters: 0 0 0

#Transform 46
Transform: AffineTransform_float_3_3
Parameters: 0.999999 -0.000710518 -0.000113794 0.000710852 0.999999 0.000548066 0.000113992 -0.000548247 1 0.0570231 0.0722523 -0.0937908
FixedParameters: 0 0 0

#Transform 47
Transform: AffineTransform_float_3_3
Parameters: 1 -0.000452697 0.000214107 0.000452366 0.999999 0.00135982 -0.000214373 -0.00135965 0.999999 0.0476242 -0.00756347 -0.0770214
FixedParameters: 0 0 0

#Transform 48
Transform: AffineTransform_float_3_3
Parameters: 1 -0.000242533 -0.000274873 0.00024267 1 0.000248386 0.000274752 -0.000248519 1 0.0476653 0.0907563 -0.0667478
FixedParameters: 0 0 0

#Transform 49
Transform: AffineTransform_float_3_3
Parameters: 1 -0.000530868 -9.41761e-05 0.000530254 0.999999 0.000815574 9.44977e-05 -0.000815704 0.999999 0.0522805 0.04185 -0.0828352
FixedParameters: 0 0 0

#Transform 50
Transform: AffineTransform_float_3_3
Parameters: 1 -0.000384126 -2.8442e-05 0.000384445 0.999999 0.00118137 2.84985e-05 -0.00118141 1 0.0447962 0.0174637 -0.0695371
FixedParameters: 0 0 0

#Transform 51
Transform: AffineTransform_float_3_3
Parameters: 1 -0.000286312 8.55497e-07 0.000286351 0.999999 0.00145919 -1.70409e-06 -0.00145919 0.999999 0.0304915 0.0544252 -0.0782536
FixedParameters: 0 0 0

#Transform 52
Transform: AffineTransform_float_3_3
Parameters: 1 -0.000247894 0.00038002 0.000247045 1 0.00117194 -0.000380613 -0.00117175 0.999999 0.018559 0.0729853 -0.0763651
FixedParameters: 0 0 0

#Transform 53
Transform: AffineTransform_float_3_3
Parameters: 1 -0.000498149 0.00043738 0.000497983 0.999999 0.00135251 -0.00043895 -0.00135206 0.999999 0.0479069 0.0344024 -0.0687616
FixedParameters: 0 0 0

#Transform 54
Transform: AffineTransform_float_3_3
Parameters: 1 -0.00050026 0.000430143 0.000500416 1 0.0010026 -0.000431369 -0.00100215 1 0.0492411 0.0870268 -0.106834
FixedParameters: 0 0 0

#Transform 55
Transform: AffineTransform_float_3_3
Parameters: 1 -0.000608885 -8.16759e-05 0.000609352 0.999999 0.00132394 8.10275e-05 -0.00132406 0.999999 0.0549597 0.0834399 -0.106566
FixedParameters: 0 0 0

#Transform 56
Transform: AffineTransform_float_3_3
Parameters: 1 -0.000499234 0.000433658 0.000499235 0.999999 0.00117255 -0.000435051 -0.00117211 0.999999 0.048462 0.0476005 -0.113875
FixedParameters: 0 0 0

#Transform 57
Transform: AffineTransform_float_3_3
Parameters: 1 -0.000499951 0.000431198 0.000500057 0.999999 0.00105363 -0.000432496 -0.0010541 1 0.0498632 0.119906 -0.0964074
FixedParameters: 0 0 0

#Transform 58
Transform: AffineTransform_float_3_3
Parameters: 1 -0.000498125 0.000437463 0.000497956 0.999999 0.00135651 -0.000439037 -0.00135606 0.999999 0.0569209 0.092035 -0.102324
FixedParameters: 0 0 0

#Transform 59
Transform: AffineTransform_float_3_3
Parameters: 0.999999 -0.000666054 0.000470763 0.000665136 0.999999 0.00124195 -0.000471451 -0.00124135 0.999999 0.0525813 0.0758614 -0.101263
FixedParameters: 0 0 0

#Transform 60
Transform: AffineTransform_float_3_3
Parameters: 1 -0.000540134 0.000242273 0.000540809 0.999999 0.00114178 -0.000242752 -0.00114153 1 0.060168 0.0981902 -0.108754
FixedParameters: 0 0 0

#Transform 61
Transform: AffineTransform_float_3_3
Parameters: 1 -0.00049783 0.000438476 0.000497615 0.999999 0.0014055 -0.000440098 -0.00140505 0.999999 0.0573817 0.081562 -0.0877012
FixedParameters: 0 0 0

#Transform 62
Transform: AffineTransform_float_3_3
Parameters: 1 -0.000498258 0.000437008 0.000498109 0.999999 0.00133452 -0.00043856 -0.00133407 0.999999 0.0676459 0.0777905 -0.0884884
FixedParameters: 0 0 0

#Transform 63
Transform: AffineTransform_float_3_3
Parameters: 1 -0.000101511 0.00038214 0.000100893 0.999998 0.00225116 -0.000382844 -0.00225107 0.999998 0.0572974 0.0505302 -0.0629929
FixedParameters: 0 0 0

#Transform 64
Transform: AffineTransform_float_3_3
Parameters: 1 -0.000236517 0.000422908 0.000236162 0.999998 0.00192215 -0.000423074 -0.00192196 0.999998 0.0437614 0.093269 -0.0948512
FixedParameters: 0 0 0

#Transform 65
Transform: AffineTransform_float_3_3
Parameters: 1 2.35925e-05 0.000227452 -2.44014e-05 0.999998 0.00196451 -0.000227383 -0.00196452 0.999998 0.0383888 0.0570496 -0.0822783
FixedParameters: 0 0 0

#Transform 66
Transform: AffineTransform_float_3_3
Parameters: 1 -0.000345592 0.000462147 0.000343733 0.999997 0.00264825 -0.000462069 -0.00264797 0.999997 0.0437697 -0.0137308 -0.0572324
FixedParameters: 0 0 0

#Transform 67
Transform: AffineTransform_float_3_3
Parameters: 1 -0.00048713 0.00048254 0.000486518 0.999998 0.00221171 -0.000482987 -0.00221126 0.999998 0.0656906 0.0589213 -0.0859723
FixedParameters: 0 0 0

#Transform 68
Transform: AffineTransform_float_3_3
Parameters: 1 -0.000485498 0.000488211 0.000484593 0.999997 0.00248564 -0.000488915 -0.00248519 0.999997 0.0573495 0.00602162 -0.0864944
FixedParameters: 0 0 0

#Transform 69
Transform: AffineTransform_float_3_3
Parameters: 1 -0.000482771 0.000497557 0.000481454 0.999996 0.00293733 -0.000498705 -0.00293728 0.999995 0.0747879 0.0387477 -0.106641
FixedParameters: 0 0 0

#Transform 70
Transform: AffineTransform_float_3_3
Parameters: 1 -0.00041154 0.00048187 0.0004103 0.999995 0.00290935 -0.000482568 -0.00290898 0.999995 0.0730777 0.038729 -0.0702658
FixedParameters: 0 0 0

#Transform 71
Transform: AffineTransform_float_3_3
Parameters: 0.999999 -0.000461248 0.000600592 0.00046047 0.999996 0.00276221 -0.000601654 -0.00276167 0.999996 0.0727026 0.0108425 -0.0604735
FixedParameters: 0 0 0

#Transform 72
Transform: AffineTransform_float_3_3
Parameters: 1 -0.000482959 0.000496982 0.000481629 0.999995 0.00290954 -0.000498095 -0.00290908 0.999995 0.0705319 0.0492496 -0.0623595
FixedParameters: 0 0 0

#Transform 73
Transform: AffineTransform_float_3_3
Parameters: 0.999999 -0.000791807 0.000534874 0.000791532 0.999999 0.00164141 -0.000535749 -0.001641 0.999998 0.0738016 0.0703301 -0.151872
FixedParameters: 0 0 0

#Transform 74
Transform: AffineTransform_float_3_3
Parameters: 0.999999 -0.000778652 0.00114395 0.000776149 0.999996 0.00270239 -0.00114591 -0.00270155 0.999996 0.0657797 -0.0179078 -0.189621
FixedParameters: 0 0 0

#Transform 75
Transform: AffineTransform_float_3_3
Parameters: 0.999999 -0.000461484 0.00060048 0.000460672 0.999997 0.00261518 -0.000602385 -0.00261462 0.999997 0.0750671 0.0812278 -0.21446
FixedParameters: 0 0 0

#Transform 76
Transform: AffineTransform_float_3_3
Parameters: 0.999999 -0.000467772 0.000573912 0.000466791 0.999998 0.00218246 -0.000574241 -0.00218237 0.999997 0.0592639 0.135484 -0.174257
FixedParameters: 0 0 0

#Transform 77
Transform: AffineTransform_float_3_3
Parameters: 0.999999 -0.000462513 0.000593671 0.000461609 0.999995 0.00290039 -0.000594867 -0.00289986 0.999995 0.0522833 0.073424 -0.183483
FixedParameters: 0 0 0

#Transform 78
Transform: AffineTransform_float_3_3
Parameters: 0.999999 -0.000625255 0.000661822 0.000624262 0.999996 0.00266513 -0.00066369 -0.00266523 0.999997 0.0632713 0.131658 -0.200836
FixedParameters: 0 0 0

#Transform 79
Transform: AffineTransform_float_3_3
Parameters: 0.999999 -0.000787964 0.00114386 0.000784705 0.999996 0.00260644 -0.00114551 -0.00260558 0.999996 0.0795142 0.0986558 -0.230476
FixedParameters: 0 0 0

#Transform 80
Transform: AffineTransform_float_3_3
Parameters: 0.999999 -0.000746057 0.00113152 0.000743618 0.999998 0.00216127 -0.00113325 -0.00216051 0.999997 0.0788969 0.112188 -0.242866
FixedParameters: 0 0 0

#Transform 81
Transform: AffineTransform_float_3_3
Parameters: 0.999999 -0.000881245 0.00104371 0.000879179 0.999997 0.00216408 -0.00104603 -0.00216317 0.999997 0.0828498 0.131502 -0.256984
FixedParameters: 0 0 0

#Transform 82
Transform: AffineTransform_float_3_3
Parameters: 0.999999 -0.00087514 0.00107335 0.000873331 0.999998 0.00198519 -0.00107533 -0.00198465 0.999997 0.0826343 0.139831 -0.263338
FixedParameters: 0 0 0

#Transform 83
Transform: AffineTransform_float_3_3
Parameters: 1 -0.000931502 0.000807043 0.000930666 0.999997 0.00216921 -0.000808594 -0.00216774 0.999998 0.0856831 0.135491 -0.274491
FixedParameters: 0 0 0

#Transform 84
Transform: AffineTransform_float_3_3
Parameters: 1 -0.000932712 0.000799361 0.000931476 0.999997 0.00246623 -0.000801479 -0.00246519 0.999996 0.0857127 0.132054 -0.274911
FixedParameters: 0 0 0

#Transform 85
Transform: AffineTransform_float_3_3
Parameters: 0.999999 -0.000865821 0.00111296 0.000863248 0.999996 0.0028275 -0.00111561 -0.00282692 0.999995 0.0818594 0.109702 -0.278641
FixedParameters: 0 0 0

#Transform 86
Transform: AffineTransform_float_3_3
Parameters: 0.999999 -0.000893861 0.00098036 0.000891014 0.999996 0.00285141 -0.000983006 -0.00285101 0.999995 0.0776863 0.126177 -0.282154
FixedParameters: 0 0 0

#Transform 87
Transform: AffineTransform_float_3_3
Parameters: 0.999999 -0.000601056 0.000586621 0.00060003 0.999998 0.00217134 -0.000587522 -0.00217066 0.999998 0.0796482 0.132404 -0.293569
FixedParameters: 0 0 0

#Transform 88
Transform: AffineTransform_float_3_3
Parameters: 0.999999 -0.000843663 0.00121696 0.000840116 0.999995 0.00298546 -0.00121975 -0.00298435 0.999995 0.0586906 0.0900073 -0.26021
FixedParameters: 0 0 0

#Transform 89
Transform: AffineTransform_float_3_3
Parameters: 0.999999 -0.000910169 0.000906908 0.000908503 0.999997 0.00226909 -0.000909546 -0.00226837 0.999997 0.0745275 0.175055 -0.254794
FixedParameters: 0 0 0

#Transform 90
Transform: AffineTransform_float_3_3
Parameters: 0.999998 -0.000802758 0.00140879 0.000798072 0.999993 0.00341954 -0.00141128 -0.00341782 0.999994 0.0677133 0.0650209 -0.234954
FixedParameters: 0 0 0

#Transform 91
Transform: AffineTransform_float_3_3
Parameters: 0.999999 -0.000864027 0.00111992 0.000860793 0.999995 0.00312242 -0.00112309 -0.00312183 0.999994 0.0708299 0.132844 -0.229519
FixedParameters: 0 0 0

#Transform 92
Transform: AffineTransform_float_3_3
Parameters: 1 -0.000327083 0.000641971 0.000326106 0.999996 0.00254235 -0.000643112 -0.00254193 0.999996 0.0581825 0.199601 -0.201775
FixedParameters: 0 0 0

#Transform 93
Transform: AffineTransform_float_3_3
Parameters: 0.999999 -0.000865576 0.00111091 0.000861925 0.999994 0.00344968 -0.00111369 -0.00344913 0.999993 0.0660527 0.0575186 -0.2217
FixedParameters: 0 0 0

#Transform 94
Transform: AffineTransform_float_3_3
Parameters: 1 -0.000984915 0.000548461 0.000983307 0.999995 0.00307601 -0.000551843 -0.00307497 0.999995 0.0885903 0.143547 -0.220501
FixedParameters: 0 0 0

#Transform 95
Transform: AffineTransform_float_3_3
Parameters: 1 -0.000995285 0.000495731 0.000993857 0.999994 0.00351804 -0.000499102 -0.00351753 0.999993 0.0891767 0.130591 -0.252348
FixedParameters: 0 0 0

#Transform 96
Transform: AffineTransform_float_3_3
Parameters: 1 -0.000952438 0.000693252 0.000949867 0.999991 0.00428393 -0.000697045 -0.00428309 0.99999 0.0865953 0.102254 -0.254965
FixedParameters: 0 0 0

#Transform 97
Transform: AffineTransform_float_3_3
Parameters: 0.999999 -0.000850644 0.00118047 0.000846952 0.999993 0.00369422 -0.00118378 -0.00369356 0.999992 0.0664324 0.127671 -0.258106
FixedParameters: 0 0 0

#Transform 98
Transform: AffineTransform_float_3_3
Parameters: 0.999998 -0.00127332 0.00114564 0.0012682 0.99999 0.00421927 -0.00115129 -0.00421866 0.99999 0.0917892 0.140086 -0.270404
FixedParameters: 0 0 0

#Transform 99
Transform: AffineTransform_float_3_3
Parameters: 0.999999 -0.000913315 0.00119199 0.000908852 0.999992 0.00399752 -0.00119632 -0.0039967 0.999991 0.070906 0.174516 -0.302869
FixedParameters: 0 0 0

#Transform 100
Transform: AffineTransform_float_3_3
Parameters: 1 -0.000244729 0.000253723 0.000244327 0.999993 0.00370717 -0.000254859 -0.00370705 0.999993 0.0577371 0.171431 -0.277367
FixedParameters: 0 0 0

#Transform 101
Transform: AffineTransform_float_3_3
Parameters: 0.999999 -0.000917117 0.000262712 0.000915889 0.999988 0.00485373 -0.000267855 -0.00485331 0.999988 0.0419177 0.207355 -0.224104
FixedParameters: 0 0 0

#Transform 102
Transform: AffineTransform_float_3_3
Parameters: 0.999999 -0.000580593 -0.000525649 0.000582729 0.999988 0.00487972 0.00052261 -0.00488041 0.999988 0.0212202 0.229241 -0.149593
FixedParameters: 0 0 0

#Transform 103
Transform: AffineTransform_float_3_3
Parameters: 1 -0.000609245 -0.000691985 0.000613749 0.999976 0.00702676 0.000687501 -0.00702682 0.999975 0.0134425 0.0447154 -0.179792
FixedParameters: 0 0 0

#Transform 104
Transform: AffineTransform_float_3_3
Parameters: 0.999999 -0.000276726 -0.000595512 0.000280484 0.999976 0.00702291 0.000593509 -0.00702332 0.999975 -0.0452252 0.217192 -0.178795
FixedParameters: 0 0 0

#Transform 105
Transform: AffineTransform_float_3_3
Parameters: 1 -0.00012209 -6.00526e-05 0.000122368 0.999973 0.00736784 5.92977e-05 -0.00736788 0.999973 -0.0537173 0.133359 -0.177982
FixedParameters: 0 0 0

#Transform 106
Transform: AffineTransform_float_3_3
Parameters: 1 -0.000373134 -5.99858e-06 0.000373065 0.999972 0.00746331 3.41766e-06 -0.00746339 0.999972 -0.0381315 0.129192 -0.221472
FixedParameters: 0 0 0

#Transform 107
Transform: AffineTransform_float_3_3
Parameters: 1 -0.000500453 1.69468e-05 0.000500209 0.999973 0.00730961 -2.02826e-05 -0.00730968 0.999974 -0.034354 0.170763 -0.265364
FixedParameters: 0 0 0

#Transform 108
Transform: AffineTransform_float_3_3
Parameters: 1 -0.000424967 -5.06269e-06 0.000424752 0.999976 0.00702052 2.12433e-06 -0.0070206 0.999976 -0.0360319 0.18428 -0.220162
FixedParameters: 0 0 0

#Transform 109
Transform: AffineTransform_float_3_3
Parameters: 1 -0.000602313 -0.000859037 0.00060798 0.999976 0.00692813 0.000854984 -0.0069284 0.999975 0.0256571 0.180523 -0.236704
FixedParameters: 0 0 0

#Transform 110
Transform: AffineTransform_float_3_3
Parameters: 1 -0.000441882 -8.82472e-05 0.000442899 0.999974 0.00716539 8.49215e-05 -0.00716554 0.999975 -0.0290969 0.145678 -0.232088
FixedParameters: 0 0 0

#Transform 111
Transform: AffineTransform_float_3_3
Parameters: 1 -0.0004251 -5.4973e-06 0.000424892 0.999976 0.00699932 2.57859e-06 -0.0069998 0.999975 -0.0131957 0.222877 -0.23536
FixedParameters: 0 0 0

#Transform 112
Transform: AffineTransform_float_3_3
Parameters: 1 -0.00038729 0.000168403 0.000385577 0.999969 0.00787387 -0.000171748 -0.0078738 0.999969 -0.032997 0.125135 -0.216523
FixedParameters: 0 0 0

#Transform 113
Transform: AffineTransform_float_3_3
Parameters: 1 -0.000457551 -0.000158955 0.000458344 0.999978 0.00673085 0.000156053 -0.00673107 0.999978 -0.0126831 0.215893 -0.196566
FixedParameters: 0 0 0

#Transform 114
Transform: AffineTransform_float_3_3
Parameters: 1 -0.00042142 6.28586e-06 0.000421423 0.999972 0.00756735 -8.6889e-06 -0.00756652 0.999972 -0.0269539 0.107651 -0.231744
FixedParameters: 0 0 0

#Transform 115
Transform: AffineTransform_float_3_3
Parameters: 1 -0.000408466 6.7961e-05 0.000408542 0.999971 0.0076598 -7.0463e-05 -0.00765933 0.99997 -0.00326339 0.131224 -0.227904
FixedParameters: 0 0 0

#Transform 116
Transform: AffineTransform_float_3_3
Parameters: 0.999999 -0.000697869 -0.000349491 0.000700605 0.999976 0.00690127 0.000344276 -0.00690187 0.999976 -0.00305324 0.178847 -0.237292
FixedParameters: 0 0 0

#Transform 117
Transform: AffineTransform_float_3_3
Parameters: 1 0.000302684 -0.000148733 -0.000301714 0.999973 0.00733307 0.000151279 -0.00733296 0.999973 -0.0538105 0.0612601 -0.237615
FixedParameters: 0 0 0

#Transform 118
Transform: AffineTransform_float_3_3
Parameters: 1 0.000246315 -0.000155755 -0.000245545 0.999979 0.00651336 0.000158128 -0.00651328 0.999979 -0.0490545 0.238741 -0.241749
FixedParameters: 0 0 0

#Transform 119
Transform: AffineTransform_float_3_3
Parameters: 1 -0.000254106 -0.000549538 0.000258083 0.999976 0.0069588 0.000547687 -0.00695915 0.999975 -0.0251875 0.184279 -0.214763
FixedParameters: 0 0 0

#Transform 120
Transform: AffineTransform_float_3_3
Parameters: 1 3.80037e-05 -8.82183e-05 -3.73864e-05 0.999971 0.00758749 8.88332e-05 -0.0075875 0.999971 -0.0384068 0.103704 -0.241895
FixedParameters: 0 0 0

#Transform 121
Transform: AffineTransform_float_3_3
Parameters: 1 -0.000411798 3.71895e-05 0.000411715 0.999959 0.00905599 -4.0828e-05 -0.00905514 0.999959 -0.015488 0.106567 -0.283639
FixedParameters: 0 0 0

#Transform 122
Transform: AffineTransform_float_3_3
Parameters: 1 -0.00015026 -6.01298e-05 0.000150421 0.999975 0.00710395 5.9066e-05 -0.007104 0.999975 -0.0201609 0.172604 -0.272401
FixedParameters: 0 0 0

#Transform 123
Transform: AffineTransform_float_3_3
Parameters: 1 -0.000421901 4.77371e-06 0.000421882 0.999972 0.0074944 -7.1317e-06 -0.00749449 0.999972 -0.0103593 0.200897 -0.269494
FixedParameters: 0 0 0

#Transform 124
Transform: AffineTransform_float_3_3
Parameters: 1 -0.000424434 -3.31637e-06 0.000424194 0.999974 0.00710449 3.14395e-07 -0.00710457 0.999975 -0.019566 0.159276 -0.234692
FixedParameters: 0 0 0

#Transform 125
Transform: AffineTransform_float_3_3
Parameters: 1 -0.000416127 2.32837e-05 0.000416077 0.999965 0.00838619 -2.6388e-05 -0.00838626 0.999965 -0.0200511 0.12397 -0.271704
FixedParameters: 0 0 0

#Transform 126
Transform: AffineTransform_float_3_3
Parameters: 1 -0.000145466 -4.47665e-05 0.000145944 0.99997 0.00783478 4.44552e-05 -0.00783485 0.99997 -0.0257221 0.124551 -0.288522
FixedParameters: 0 0 0

#Transform 127
Transform: AffineTransform_float_3_3
Parameters: 0.999999 -2.36137e-05 -0.000808907 2.93987e-05 0.999978 0.0067279 0.000808532 -0.00672799 0.999977 -0.00027483 0.268166 -0.249382
FixedParameters: 0 0 0

#Transform 128
Transform: AffineTransform_float_3_3
Parameters: 1 -0.00042023 1.37152e-05 0.000419865 0.999973 0.00740598 -1.69452e-05 -0.00740645 0.999972 -0.020086 0.138975 -0.243522
FixedParameters: 0 0 0

#Transform 129
Transform: AffineTransform_float_3_3
Parameters: 1 -0.000368659 0.000257978 0.000366737 0.999969 0.00794191 -0.000260324 -0.00794179 0.999969 -0.0228047 0.123215 -0.257516
FixedParameters: 0 0 0

#Transform 130
Transform: AffineTransform_float_3_3
Parameters: 1 -0.000389872 0.000155528 0.000388566 0.999968 0.00791416 -0.000157971 -0.00791412 0.999968 -0.0204529 0.190106 -0.230285
FixedParameters: 0 0 0

#Transform 131
Transform: AffineTransform_float_3_3
Parameters: 1 -0.000425148 -7.61659e-06 0.000425012 0.999974 0.00718061 4.52605e-06 -0.00718069 0.999974 -0.0180606 0.234352 -0.226773
FixedParameters: 0 0 0

#Transform 132
Transform: AffineTransform_float_3_3
Parameters: 1 -0.000297855 0.000599526 0.000293221 0.999966 0.00816036 -0.000601496 -0.00816004 0.999966 -0.00665059 0.145875 -0.257348
FixedParameters: 0 0 0

#Transform 133
Transform: AffineTransform_float_3_3
Parameters: 1 -0.000361779 0.00029075 0.000359296 0.999968 0.00801019 -0.000293031 -0.00801005 0.999968 -0.0110572 0.146682 -0.261645
FixedParameters: 0 0 0

#Transform 134
Transform: AffineTransform_float_3_3
Parameters: 0.999999 -0.000514676 -0.000437868 0.000517607 0.999975 0.00702503 0.000434272 -0.00702558 0.999975 0.016492 0.245115 -0.258866
FixedParameters: 0 0 0

#Transform 135
Transform: AffineTransform_float_3_3
Parameters: 0.999999 -0.000896182 0.000347168 0.000893548 0.99997 0.00759949 -0.000354303 -0.00759899 0.999971 0.0153369 0.15204 -0.270575
FixedParameters: 0 0 0

#Transform 136
Transform: AffineTransform_float_3_3
Parameters: 0.999999 -0.000719857 -0.000423418 0.000722304 0.999972 0.007469 0.000417473 -0.00746882 0.999972 0.0307335 0.20078 -0.282475
FixedParameters: 0 0 0

#Transform 137
Transform: AffineTransform_float_3_3
Parameters: 1 -0.000668608 0.000834863 0.000662288 0.99997 0.007719 -0.000839508 -0.00771797 0.99997 0.00667217 0.202218 -0.273629
FixedParameters: 0 0 0

#Transform 138
Transform: AffineTransform_float_3_3
Parameters: 0.999999 -0.000348885 0.00104366 0.000339987 0.999971 0.00758332 -0.0010464 -0.00758262 0.99997 0.0116975 0.191137 -0.291212
FixedParameters: 0 0 0

#Transform 139
Transform: AffineTransform_float_3_3
Parameters: 1 -0.0010125 0.000471808 0.00100918 0.999971 0.00752754 -0.000479775 -0.00752712 0.999971 0.0209686 0.227074 -0.302561
FixedParameters: 0 0 0

#Transform 140
Transform: AffineTransform_float_3_3
Parameters: 0.999999 -0.000764367 0.000433868 0.000761548 0.999972 0.00734279 -0.000438789 -0.00734224 0.999973 0.0373206 0.224514 -0.324823
FixedParameters: 0 0 0

#Transform 141
Transform: AffineTransform_float_3_3
Parameters: 0.999999 -0.00114963 0.000605323 0.0011447 0.999973 0.00733376 -0.000613907 -0.00733292 0.999973 0.0373574 0.179876 -0.316855
FixedParameters: 0 0 0

#Transform 142
Transform: AffineTransform_float_3_3
Parameters: 0.999999 -0.00112007 0.000747691 0.00111392 0.999972 0.00739974 -0.000756212 -0.00739953 0.999972 0.048148 0.221625 -0.306405
FixedParameters: 0 0 0

#Transform 143
Transform: AffineTransform_float_3_3
Parameters: 0.999999 -0.00115765 0.000571437 0.00115349 0.999977 0.00676637 -0.000579759 -0.00676558 0.999977 0.0548383 0.235852 -0.273823
FixedParameters: 0 0 0

#Transform 144
Transform: AffineTransform_float_3_3
Parameters: 0.999999 -0.00114615 0.000618649 0.00114083 0.999969 0.00775455 -0.000627203 -0.00775371 0.99997 0.0533023 0.175754 -0.273772
FixedParameters: 0 0 0

#Transform 145
Transform: AffineTransform_float_3_3
Parameters: 0.999999 -0.00105275 0.00107342 0.00104487 0.999973 0.00732971 -0.00108142 -0.00732888 0.999972 0.0485913 0.193691 -0.276189
FixedParameters: 0 0 0

#Transform 146
Transform: AffineTransform_float_3_3
Parameters: 0.999999 -0.00107056 0.000986173 0.00106264 0.999971 0.00752084 -0.000994642 -0.00751976 0.999972 0.0491107 0.168235 -0.285084
FixedParameters: 0 0 0

#Transform 147
Transform: AffineTransform_float_3_3
Parameters: 0.999999 -0.00113605 0.00110192 0.00112814 0.999968 0.00786188 -0.00111064 -0.00786083 0.999968 0.0501275 0.182995 -0.280833
FixedParameters: 0 0 0

#Transform 148
Transform: AffineTransform_float_3_3
Parameters: 0.999999 -0.00122586 0.000236064 0.00122358 0.999971 0.00743183 -0.0002444 -0.00743054 0.999973 0.0574577 0.174047 -0.290617
FixedParameters: 0 0 0

#Transform 149
Transform: AffineTransform_float_3_3
Parameters: 0.999999 -0.00133294 0.000440005 0.00132965 0.999972 0.00733431 -0.000450104 -0.00733372 0.999973 0.0637556 0.171064 -0.296142
FixedParameters: 0 0 0
