# transform file /out/sourcedata/freesurfer/sub-v1s17x0050266_ses-1/mri/transforms/cc_up.lta
# created by oesteban on Mon Mar  9 04:21:00 2026

type      = 0 # LINEAR_VOX_TO_VOX
nxforms   = 1
mean      = 132.0000 98.0000 103.0000
sigma     = 10000.0000
1 4 4
9.986048936843872e-01 3.695564717054367e-02 3.771422430872917e-02 -1.023005580902100e+01 
-3.692932054400444e-02 9.993168711662292e-01 -1.394706428982317e-03 5.509552764892578e+01 
-3.774000704288483e-02 -1.164153079491470e-10 9.992875456809998e-01 3.508307266235352e+01 
0.000000000000000e+00 0.000000000000000e+00 0.000000000000000e+00 1.000000000000000e+00 
src volume info
valid = 1  # volume info valid
filename = /out/sourcedata/freesurfer/sub-v1s17x0050266_ses-1/mri/norm.mgz
volume = 256 256 256
voxelsize = 1.000000000000000e+00 1.000000000000000e+00 1.000000000000000e+00
xras   = -1.000000119209290e+00 2.561137080192566e-09 -7.450580596923828e-09
yras   = -7.450580596923828e-09 -9.313225746154785e-10 -1.000000119209290e+00
zras   = 1.164153218269348e-09 1.000000119209290e+00 0.000000000000000e+00
cras   = 2.099975585937500e+00 5.918045043945312e+00 -2.644734191894531e+01
dst volume info
valid = 1  # volume info valid
filename = /out/sourcedata/freesurfer/sub-v1s17x0050266_ses-1/mri/norm.mgz
volume = 256 256 256
voxelsize = 1.000000000000000e+00 1.000000000000000e+00 1.000000000000000e+00
xras   = -1.000000119209290e+00 2.561137080192566e-09 -7.450580596923828e-09
yras   = -7.450580596923828e-09 -9.313225746154785e-10 -1.000000119209290e+00
zras   = 1.164153218269348e-09 1.000000119209290e+00 0.000000000000000e+00
cras   = 2.099975585937500e+00 5.918045043945312e+00 -2.644734191894531e+01
