# transform file transforms/talairach.lta
# created by oesteban on Mon Mar  9 02:54:58 2026

type      = 0 # LINEAR_VOX_TO_VOX
nxforms   = 1
mean      = 132.0000 98.0000 103.0000
sigma     = 10000.0000
1 4 4
1.011703372001648e+00 1.069690138101578e-01 5.726513266563416e-02 -2.309767150878906e+01 
-1.108852922916412e-01 1.217276334762573e+00 1.108926087617874e-01 9.611692428588867e+00 
-4.727306962013245e-02 -1.172519698739052e-01 9.933525323867798e-01 2.745085334777832e+01 
0.000000000000000e+00 0.000000000000000e+00 0.000000000000000e+00 1.000000000000000e+00 
src volume info
valid = 1  # volume info valid
filename = nu.mgz
volume = 256 256 256
voxelsize = 1.000000000000000e+00 1.000000000000000e+00 1.000000000000000e+00
xras   = -1.000000119209290e+00 2.561137080192566e-09 -7.450580596923828e-09
yras   = -7.450580596923828e-09 -9.313225746154785e-10 -1.000000119209290e+00
zras   = 1.164153218269348e-09 1.000000119209290e+00 0.000000000000000e+00
cras   = 2.099975585937500e+00 5.918045043945312e+00 -2.644734191894531e+01
dst volume info
valid = 1  # volume info valid
filename = /opt/freesurfer/average/RB_all_2020-01-02.gca
volume = 256 256 256
voxelsize = 1.000000000000000e+00 1.000000000000000e+00 1.000000000000000e+00
xras   = -1.000000000000000e+00 0.000000000000000e+00 0.000000000000000e+00
yras   = 0.000000000000000e+00 0.000000000000000e+00 -1.000000000000000e+00
zras   = 0.000000000000000e+00 1.000000000000000e+00 0.000000000000000e+00
cras   = 0.000000000000000e+00 0.000000000000000e+00 0.000000000000000e+00
