type      = 0 # LINEAR_VOX_TO_VOX
nxforms   = 1
mean      = 0.0000 0.0000 0.0000
sigma     = 1.0000
1 4 4
1.072368144989014e+00 3.445900976657867e-02 4.012200236320496e-02 -2.092420959472656e+01 
-6.831000000238419e-02 1.175228118896484e+00 1.893090307712555e-01 -2.302246093750000e-01 
3.820900619029999e-02 -2.414120286703110e-01 1.111471176147461e+00 1.508786773681641e+01 
0.000000000000000e+00 0.000000000000000e+00 0.000000000000000e+00 1.000000000000000e+00 
src volume info
valid = 1  # volume info valid
filename = /out/sourcedata/freesurfer/sub-v1s17x0050266_ses-1/mri/orig.mgz
volume = 256 256 256
voxelsize = 1.000000000000000e+00 1.000000000000000e+00 1.000000000000000e+00
xras   = -1.000000119209290e+00 2.561137080192566e-09 -7.450580596923828e-09
yras   = -7.450580596923828e-09 -9.313225746154785e-10 -1.000000119209290e+00
zras   = 1.164153218269348e-09 1.000000119209290e+00 0.000000000000000e+00
cras   = 2.099975585937500e+00 5.918045043945312e+00 -2.644734191894531e+01
dst volume info
valid = 1  # volume info valid
filename = /opt/freesurfer/average/mni305.cor.mgz
volume = 256 256 256
voxelsize = 1.000000000000000e+00 1.000000000000000e+00 1.000000000000000e+00
xras   = -1.000000000000000e+00 0.000000000000000e+00 0.000000000000000e+00
yras   = 0.000000000000000e+00 0.000000000000000e+00 -1.000000000000000e+00
zras   = 0.000000000000000e+00 1.000000000000000e+00 0.000000000000000e+00
cras   = 0.000000000000000e+00 0.000000000000000e+00 0.000000000000000e+00
subject fsaverage
fscale 0.100000
