type      = 1 # LINEAR_RAS_TO_RAS
nxforms   = 1
mean      = 0.0000 0.0000 0.0000
sigma     = 1.0000
1 4 4
1.072368025779724e+00 -4.012199863791466e-02 3.445899859070778e-02 1.011551022529602e+00 
-3.820899873971939e-02 1.111471056938171e+00 2.414119988679886e-01 3.233406066894531e+00 
-6.831000000238419e-02 -1.893090009689331e-01 1.175227999687195e+00 -5.341400146484375e+00 
0.000000000000000e+00 0.000000000000000e+00 0.000000000000000e+00 1.000000000000000e+00 
src volume info
valid = 1  # volume info valid
filename = /out/sourcedata/freesurfer/sub-v1s17x0050266_ses-1/mri/orig_nu.mgz
volume = 256 256 256
voxelsize = 1.000000000000000e+00 1.000000000000000e+00 1.000000000000000e+00
xras   = -1.000000119209290e+00 2.561137080192566e-09 -7.450580596923828e-09
yras   = -7.450580596923828e-09 -9.313225746154785e-10 -1.000000119209290e+00
zras   = 1.164153218269348e-09 1.000000119209290e+00 0.000000000000000e+00
cras   = 2.099975585937500e+00 5.918045043945312e+00 -2.644734191894531e+01
dst volume info
valid = 1  # volume info valid
filename = /opt/freesurfer/average/mni305.cor.mgz
volume = 256 256 256
voxelsize = 1.000000000000000e+00 1.000000000000000e+00 1.000000000000000e+00
xras   = -1.000000000000000e+00 0.000000000000000e+00 0.000000000000000e+00
yras   = 0.000000000000000e+00 0.000000000000000e+00 -1.000000000000000e+00
zras   = 0.000000000000000e+00 1.000000000000000e+00 0.000000000000000e+00
cras   = 0.000000000000000e+00 0.000000000000000e+00 0.000000000000000e+00
subject fsaverage
fscale 0.100000
