#Insight Transform File V1.0
#Transform 0
Transform: AffineTransform_float_3_3
Parameters: 0.999999 0.000858756 0.000295355 -0.000858439 0.999999 0.000648858 -0.000295362 -0.000648371 0.999999 0.0360109 -0.0255446 0.116347
FixedParameters: 0 0 0

#Transform 1
Transform: AffineTransform_float_3_3
Parameters: 1 0.000641103 0.0001294 -0.000641655 0.999998 0.00152237 -0.000128557 -0.00152252 0.999999 0.0288093 -0.0494212 0.132031
FixedParameters: 0 0 0

#Transform 2
Transform: AffineTransform_float_3_3
Parameters: 1 0.000602066 -5.98474e-05 -0.000602037 0.999998 0.0015661 6.06225e-05 -0.00156601 0.999998 0.042335 -0.0320595 0.14905
FixedParameters: 0 0 0

#Transform 3
Transform: AffineTransform_float_3_3
Parameters: 1 0.000612799 -5.54104e-05 -0.000612708 0.999999 0.00171364 5.62557e-05 -0.00171355 0.999999 0.0404998 -0.0493713 0.167018
FixedParameters: 0 0 0

#Transform 4
Transform: AffineTransform_float_3_3
Parameters: 1 0.000610564 -0.000134354 -0.00061111 0.999998 0.00194485 0.000135686 -0.00194474 0.999998 0.0404224 -0.0333311 0.185477
FixedParameters: 0 0 0

#Transform 5
Transform: AffineTransform_float_3_3
Parameters: 0.999999 0.000737697 -0.000403902 -0.000737195 0.999998 0.00194394 0.000405724 -0.00194339 0.999998 0.0475596 0.0262908 0.091417
FixedParameters: 0 0 0

#Transform 6
Transform: AffineTransform_float_3_3
Parameters: 1 0.000565106 -3.91931e-05 -0.00056506 0.999998 0.00183898 4.00166e-05 -0.00183891 0.999999 0.0181932 -0.0252446 0.0976063
FixedParameters: 0 0 0

#Transform 7
Transform: AffineTransform_float_3_3
Parameters: 1 0.000520576 -0.000363534 -0.000520724 0.999999 0.00135047 0.00036404 -0.00135015 0.999999 0.0227933 -0.0689255 0.0926418
FixedParameters: 0 0 0

#Transform 8
Transform: AffineTransform_float_3_3
Parameters: 1 0.000550822 -0.000214339 -0.000551171 0.999999 0.00130764 0.000215847 -0.00130748 0.999999 0.0156029 -0.0244732 0.0919906
FixedParameters: 0 0 0

#Transform 9
Transform: AffineTransform_float_3_3
Parameters: 0.999999 0.000641204 0.000317243 -0.000641679 1 0.000887503 -0.000316123 -0.000888329 0.999999 -0.0136532 -0.073027 0.108406
FixedParameters: 0 0 0

#Transform 10
Transform: AffineTransform_float_3_3
Parameters: 1 0.000615442 0.000250609 -0.000616022 0.999999 0.000721081 -0.000250687 -0.000721376 0.999999 -0.00722183 -0.0872637 0.0994667
FixedParameters: 0 0 0

#Transform 11
Transform: AffineTransform_float_3_3
Parameters: 1 0.000770012 0.000818974 -0.000770933 0.999999 0.0011559 -0.000817403 -0.00115708 0.999999 0.00529241 0.0594501 0.097453
FixedParameters: 0 0 0

#Transform 12
Transform: AffineTransform_float_3_3
Parameters: 1 0.000779383 0.000823027 -0.000780581 0.999999 0.00128744 -0.000821172 -0.00128774 0.999998 -0.00935732 -0.105957 0.11685
FixedParameters: 0 0 0

#Transform 13
Transform: AffineTransform_float_3_3
Parameters: 0.999999 0.000681481 0.00041836 -0.000682391 0.999999 0.00116054 -0.000416921 -0.0011611 0.999999 0.00456163 -0.0669117 0.104979
FixedParameters: 0 0 0

#Transform 14
Transform: AffineTransform_float_3_3
Parameters: 1 0.000575417 0.000152267 -0.000575552 0.999999 0.000444137 -0.000151756 -0.000444312 1 0.00865592 -0.067896 0.0791632
FixedParameters: 0 0 0

#Transform 15
Transform: AffineTransform_float_3_3
Parameters: 1 0.00022235 0.000153685 -0.000222519 1 0.000549998 -0.000153441 -0.000550066 1 0.0174285 -0.0686081 0.0647427
FixedParameters: 0 0 0

#Transform 16
Transform: AffineTransform_float_3_3
Parameters: 1 0.000136201 0.000418891 -0.000136984 1 -0.000225119 -0.000418742 0.000224927 1 -0.0156636 0.0505824 -0.0130393
FixedParameters: 0 0 0

#Transform 17
Transform: AffineTransform_float_3_3
Parameters: 1 7.13726e-05 -2.2973e-05 -7.13593e-05 1 0.000288408 2.30142e-05 -0.000288405 1 -0.0217051 -0.108066 0.0640254
FixedParameters: 0 0 0

#Transform 18
Transform: AffineTransform_float_3_3
Parameters: 1 0.000108768 5.72462e-05 -0.000108835 1 0.000585217 -5.71188e-05 -0.000585229 1 -0.0209584 -0.0971375 0.0495259
FixedParameters: 0 0 0

#Transform 19
Transform: AffineTransform_float_3_3
Parameters: 1 -0.000307453 4.4285e-05 0.0003074 1 0.00059073 -4.46482e-05 -0.000590702 1 -0.0126998 -0.133637 0.044301
FixedParameters: 0 0 0

#Transform 20
Transform: AffineTransform_float_3_3
Parameters: 1 -8.86104e-05 0.00012211 8.8785e-05 0.999999 -0.000715395 -0.000121983 0.000715417 0.999999 -0.0110781 -0.000457695 -0.0232985
FixedParameters: 0 0 0

#Transform 21
Transform: AffineTransform_float_3_3
Parameters: 1 -0.000183265 0.000338734 0.00018282 1 0.000656228 -0.000338974 -0.000656104 0.999999 0.00576513 -0.0713498 0.0711202
FixedParameters: 0 0 0

#Transform 22
Transform: AffineTransform_float_3_3
Parameters: 1 -0.000432137 -3.92933e-05 0.000432402 0.999999 0.000585201 3.97538e-05 -0.000585249 1 0.012816 -0.0489797 0.0350413
FixedParameters: 0 0 0

#Transform 23
Transform: AffineTransform_float_3_3
Parameters: 0.999999 -0.000635095 0.000240184 0.000634771 0.999999 0.00125174 -0.000240951 -0.00125144 0.999999 -0.00151816 -0.0677176 0.0628166
FixedParameters: 0 0 0

#Transform 24
Transform: AffineTransform_float_3_3
Parameters: 0.999999 -0.000915573 8.55888e-05 0.000915706 0.999999 0.00100459 -8.64816e-05 -0.00100486 0.999999 0.0211956 -0.0887843 0.0501563
FixedParameters: 0 0 0

#Transform 25
Transform: AffineTransform_float_3_3
Parameters: 1 -0.00112156 0.000118439 0.00112066 0.999999 0.000728648 -0.000118771 -0.000728896 1 0.0267351 -0.0586279 0.0400974
FixedParameters: 0 0 0

#Transform 26
Transform: AffineTransform_float_3_3
Parameters: 1 -0.0010805 0.000225649 0.0010803 0.999999 0.000990455 -0.000226698 -0.000990403 0.999999 0.00844028 -0.167362 0.0529079
FixedParameters: 0 0 0

#Transform 27
Transform: AffineTransform_float_3_3
Parameters: 1 -0.00050176 -8.188e-05 0.00050222 0.999999 0.00111911 8.15786e-05 -0.0011192 1 -0.00909325 -0.0699435 0.0488766
FixedParameters: 0 0 0

#Transform 28
Transform: AffineTransform_float_3_3
Parameters: 1 -0.000444096 -0.000158596 0.000444016 1 -0.000250005 0.000158818 0.000249864 1 0.0220091 -0.115752 -0.00906881
FixedParameters: 0 0 0

#Transform 29
Transform: AffineTransform_float_3_3
Parameters: 1 -0.000355932 0.000260492 0.00035617 1 -0.000457304 -0.000260167 0.000457489 1 -0.0158929 -0.101807 -0.0938784
FixedParameters: 0 0 0

#Transform 30
Transform: AffineTransform_float_3_3
Parameters: 1 0.000159859 5.06868e-05 -0.000159906 1 0.000463344 -5.05386e-05 -0.00046336 1 -0.0294206 -0.125114 -0.0374575
FixedParameters: 0 0 0

#Transform 31
Transform: AffineTransform_float_3_3
Parameters: 1 0.000217724 0.000339535 -0.000218404 0.999999 0.000961217 -0.000339241 -0.000960942 1 -0.0104126 -0.164205 -0.0232612
FixedParameters: 0 0 0

#Transform 32
Transform: AffineTransform_float_3_3
Parameters: 1 -0.000228162 0.000561063 0.000227265 0.999999 0.000799347 -0.000561427 -0.000799091 0.999999 -0.00752491 -0.161288 -0.010294
FixedParameters: 0 0 0

#Transform 33
Transform: AffineTransform_float_3_3
Parameters: 1 -0.000389399 0.00042812 0.000389404 0.999999 0.00145206 -0.00042864 -0.00145166 0.999999 -0.000733766 -0.161611 0.0188929
FixedParameters: 0 0 0

#Transform 34
Transform: AffineTransform_float_3_3
Parameters: 0.999999 -0.000509516 0.000596241 0.000508048 0.999999 0.00146282 -0.000596907 -0.00146222 0.999999 0.00168775 -0.160194 0.0466413
FixedParameters: 0 0 0

#Transform 35
Transform: AffineTransform_float_3_3
Parameters: 0.999999 -0.000569123 0.000595073 0.00056768 0.999999 0.00126158 -0.000596651 -0.0012609 0.999999 0.0185366 -0.0629821 0.0726894
FixedParameters: 0 0 0

#Transform 36
Transform: AffineTransform_float_3_3
Parameters: 0.999999 -0.00064809 0.000494474 0.000646869 0.999999 0.0016021 -0.000495746 -0.00160189 0.999998 0.00705043 -0.174319 0.10987
FixedParameters: 0 0 0

#Transform 37
Transform: AffineTransform_float_3_3
Parameters: 1 -3.57311e-06 0.000363836 2.36391e-06 0.999999 0.00182398 -0.000364135 -0.00182397 0.999999 -0.00261189 -0.0938487 0.097483
FixedParameters: 0 0 0

#Transform 38
Transform: AffineTransform_float_3_3
Parameters: 1 5.12961e-05 0.000386592 -5.28961e-05 0.999996 0.00258464 -0.000385789 -0.00258468 0.999996 -0.0243957 -0.0910297 0.0968047
FixedParameters: 0 0 0

#Transform 39
Transform: AffineTransform_float_3_3
Parameters: 1 6.97125e-05 0.000616236 -7.12013e-05 0.999998 0.00209198 -0.00061644 -0.00209198 0.999997 -0.00858164 0.0133798 0.064913
FixedParameters: 0 0 0

#Transform 40
Transform: AffineTransform_float_3_3
Parameters: 1 -0.000216653 0.000425971 0.000215142 0.999997 0.00216867 -0.000426229 -0.00216849 0.999997 -0.0250399 -0.0802494 0.11323
FixedParameters: 0 0 0

#Transform 41
Transform: AffineTransform_float_3_3
Parameters: 1 -0.000372219 0.000468451 0.000370622 0.999997 0.00236031 -0.000468704 -0.00235998 0.999997 -0.00214601 -0.0378275 0.135726
FixedParameters: 0 0 0

#Transform 42
Transform: AffineTransform_float_3_3
Parameters: 1 -0.000772869 0.000548923 0.000771025 0.999997 0.00220843 -0.000550563 -0.00220803 0.999997 0.0191476 -0.021756 0.112183
FixedParameters: 0 0 0

#Transform 43
Transform: AffineTransform_float_3_3
Parameters: 0.999999 -0.000628773 0.000313918 0.000628107 0.999998 0.00194223 -0.000314715 -0.00194185 0.999998 -0.00934256 -0.0340713 0.142656
FixedParameters: 0 0 0

#Transform 44
Transform: AffineTransform_float_3_3
Parameters: 1 -0.000895481 0.00074252 0.000893859 0.999997 0.00230036 -0.000744293 -0.00229989 0.999998 0.00865041 -0.0665143 0.161409
FixedParameters: 0 0 0

#Transform 45
Transform: AffineTransform_float_3_3
Parameters: 1 -0.000865413 -8.4011e-05 0.000865635 0.999996 0.00251764 8.24742e-05 -0.0025179 0.999997 0.0327375 -0.0239364 0.165863
FixedParameters: 0 0 0

#Transform 46
Transform: AffineTransform_float_3_3
Parameters: 1 -0.000925838 0.000629734 0.000924815 0.999997 0.00221734 -0.000631312 -0.00221655 0.999997 0.0158373 -0.0333585 0.0900835
FixedParameters: 0 0 0

#Transform 47
Transform: AffineTransform_float_3_3
Parameters: 0.999999 -0.000454142 0.000525585 0.000453457 0.999998 0.00218592 -0.000526154 -0.00218581 0.999997 0.00455947 -0.0583952 0.100819
FixedParameters: 0 0 0

#Transform 48
Transform: AffineTransform_float_3_3
Parameters: 0.999999 -0.00074816 0.00014187 0.000747221 0.999998 0.00213923 -0.000143233 -0.00213953 0.999998 0.00995563 -0.0818229 0.127388
FixedParameters: 0 0 0

#Transform 49
Transform: AffineTransform_float_3_3
Parameters: 1 -0.000942398 0.000673806 0.000941416 0.999998 0.00181626 -0.000675648 -0.00181494 0.999998 0.0155932 -0.0396246 0.0839181
FixedParameters: 0 0 0

#Transform 50
Transform: AffineTransform_float_3_3
Parameters: 0.999999 -0.00130233 0.000793261 0.00130123 0.999998 0.00183903 -0.00079558 -0.00183824 0.999998 0.0209265 -0.0814075 0.0938942
FixedParameters: 0 0 0

#Transform 51
Transform: AffineTransform_float_3_3
Parameters: 1 -0.000861054 0.000492691 0.000859517 0.999998 0.00214831 -0.000494618 -0.0021479 0.999997 0.00151348 -0.0496813 0.106379
FixedParameters: 0 0 0

#Transform 52
Transform: AffineTransform_float_3_3
Parameters: 0.999999 -0.000766671 0.000158968 0.000766582 0.999997 0.00201998 -0.000160421 -0.00201976 0.999998 0.00950905 -0.114666 0.122617
FixedParameters: 0 0 0

#Transform 53
Transform: AffineTransform_float_3_3
Parameters: 1 -0.00087933 0.000502953 0.000877752 0.999997 0.00233612 -0.000504446 -0.00233527 0.999997 0.0123802 -0.0785948 0.118667
FixedParameters: 0 0 0

#Transform 54
Transform: AffineTransform_float_3_3
Parameters: 0.999999 -0.00111824 0.000411437 0.00111715 0.999996 0.00228678 -0.000413812 -0.00228631 0.999997 0.0154279 -0.06194 0.097142
FixedParameters: 0 0 0

#Transform 55
Transform: AffineTransform_float_3_3
Parameters: 0.999999 -0.00110828 0.000722776 0.00110663 0.999999 0.00138843 -0.000724961 -0.00138817 0.999999 0.0213446 0.00748754 0.0175421
FixedParameters: 0 0 0

#Transform 56
Transform: AffineTransform_float_3_3
Parameters: 0.999999 -0.00112116 0.000533236 0.00111992 0.999997 0.00183334 -0.000534588 -0.00183218 0.999999 0.0212645 -0.00693627 0.082262
FixedParameters: 0 0 0

#Transform 57
Transform: AffineTransform_float_3_3
Parameters: 0.999998 -0.00122554 0.00107506 0.00122322 0.999998 0.00182529 -0.00107803 -0.00182392 0.999998 0.00704642 -0.0691256 0.0937723
FixedParameters: 0 0 0

#Transform 58
Transform: AffineTransform_float_3_3
Parameters: 1 -0.000672663 0.000958016 0.000670314 0.999998 0.00190358 -0.000960018 -0.00190313 0.999998 0.00372014 -0.0454422 0.0734713
FixedParameters: 0 0 0

#Transform 59
Transform: AffineTransform_float_3_3
Parameters: 0.999999 -0.00125295 0.000695597 0.00125157 0.999998 0.00140283 -0.000697253 -0.00140243 0.999999 0.0215717 -0.0664232 0.0726741
FixedParameters: 0 0 0

#Transform 60
Transform: AffineTransform_float_3_3
Parameters: 0.999999 -0.0013959 0.000936536 0.00139374 0.999997 0.00213745 -0.000939905 -0.00213654 0.999997 0.0190501 -0.0699213 0.0905319
FixedParameters: 0 0 0

#Transform 61
Transform: AffineTransform_float_3_3
Parameters: 0.999997 -0.00233917 0.00107228 0.00233639 0.999992 0.00318374 -0.00108011 -0.00318082 0.999995 0.077542 -0.085949 0.191204
FixedParameters: 0 0 0

#Transform 62
Transform: AffineTransform_float_3_3
Parameters: 0.999996 -0.00277948 0.00076597 0.0027768 0.99999 0.00343952 -0.000775508 -0.00343746 0.999994 0.105401 -0.0568376 0.253579
FixedParameters: 0 0 0

#Transform 63
Transform: AffineTransform_float_3_3
Parameters: 0.999996 -0.00243882 0.00127522 0.00243477 0.999993 0.00282719 -0.00128167 -0.00282448 0.999996 0.0680631 -0.0633021 0.190534
FixedParameters: 0 0 0

#Transform 64
Transform: AffineTransform_float_3_3
Parameters: 0.999996 -0.00269979 0.001272 0.00269567 0.999992 0.00295865 -0.00127953 -0.00295572 0.999995 0.0738084 -0.0395435 0.201919
FixedParameters: 0 0 0

#Transform 65
Transform: AffineTransform_float_3_3
Parameters: 0.999997 -0.00225959 0.00124281 0.00225581 0.999992 0.00316819 -0.00125012 -0.00316557 0.999995 0.039652 -0.053469 0.161759
FixedParameters: 0 0 0

#Transform 66
Transform: AffineTransform_float_3_3
Parameters: 0.999996 -0.00244894 0.00112719 0.00244562 0.999993 0.00281112 -0.00113354 -0.00280777 0.999996 0.0554748 -0.0579711 0.134228
FixedParameters: 0 0 0

#Transform 67
Transform: AffineTransform_float_3_3
Parameters: 0.999998 -0.00208513 0.000395964 0.00208458 0.999995 0.00231918 -0.000400715 -0.00231884 0.999997 0.0333726 -0.0116406 0.113616
FixedParameters: 0 0 0

#Transform 68
Transform: AffineTransform_float_3_3
Parameters: 0.999997 -0.00236825 0.00107452 0.0023653 0.999995 0.0019932 -0.00107901 -0.00199124 0.999998 0.0552331 -0.000790241 0.0846414
FixedParameters: 0 0 0

#Transform 69
Transform: AffineTransform_float_3_3
Parameters: 0.999997 -0.00242267 0.00105366 0.00242087 0.999996 0.00123246 -0.0010564 -0.00122956 0.999999 0.0692678 0.05939 0.0476468
FixedParameters: 0 0 0

#Transform 70
Transform: AffineTransform_float_3_3
Parameters: 0.999997 -0.00241733 0.00105572 0.00241536 0.999996 0.00130723 -0.00105881 -0.00130433 0.999999 0.057274 0.0111562 0.0591624
FixedParameters: 0 0 0

#Transform 71
Transform: AffineTransform_float_3_3
Parameters: 0.999995 -0.00284065 0.00114632 0.00283977 0.999995 0.00126057 -0.00114937 -0.00125662 0.999999 0.0546137 0.0304111 0.0320004
FixedParameters: 0 0 0

#Transform 72
Transform: AffineTransform_float_3_3
Parameters: 0.999996 -0.00288282 0.000920006 0.00288223 0.999995 0.00138307 -0.000923814 -0.00137942 0.999999 0.0438146 0.0146892 0.0176442
FixedParameters: 0 0 0

#Transform 73
Transform: AffineTransform_float_3_3
Parameters: 0.999995 -0.00290152 0.00105353 0.00290177 0.999996 0.000644508 -0.00105497 -0.000641359 0.999999 0.0418897 0.095877 0.00960701
FixedParameters: 0 0 0

#Transform 74
Transform: AffineTransform_float_3_3
Parameters: 0.999995 -0.00283058 0.00115012 0.00282945 0.999996 0.00140093 -0.00115396 -0.0013974 0.999998 0.0377476 0.000888684 0.021724
FixedParameters: 0 0 0

#Transform 75
Transform: AffineTransform_float_3_3
Parameters: 0.999995 -0.00282731 0.00115136 0.00282607 0.999995 0.00144678 -0.00115545 -0.00144325 0.999998 0.0589222 0.0553642 0.0118071
FixedParameters: 0 0 0

#Transform 76
Transform: AffineTransform_float_3_3
Parameters: 0.999994 -0.00325223 0.00123665 0.0032503 0.999994 0.00126697 -0.00124052 -0.00126331 0.999999 0.0694993 0.063271 0.033158
FixedParameters: 0 0 0

#Transform 77
Transform: AffineTransform_float_3_3
Parameters: 0.999994 -0.00328293 0.00105249 0.00328062 0.999993 0.00172034 -0.00105833 -0.00171601 0.999998 0.0704274 -0.000748801 0.0507958
FixedParameters: 0 0 0

#Transform 78
Transform: AffineTransform_float_3_3
Parameters: 0.999994 -0.00327754 0.00103113 0.00327534 0.999993 0.00187281 -0.00103707 -0.00186997 0.999997 0.0656341 0.0196018 0.0276675
FixedParameters: 0 0 0

#Transform 79
Transform: AffineTransform_float_3_3
Parameters: 0.999994 -0.00319997 0.00125918 0.00319703 0.999992 0.00228954 -0.00126685 -0.00228491 0.999996 0.0567144 0.0652902 0.0452973
FixedParameters: 0 0 0

#Transform 80
Transform: AffineTransform_float_3_3
Parameters: 0.999993 -0.00327332 0.00129451 0.0032726 0.999994 0.00104619 -0.00129805 -0.00104243 0.999998 0.0636511 0.0610335 0.0333266
FixedParameters: 0 0 0

#Transform 81
Transform: AffineTransform_float_3_3
Parameters: 0.999993 -0.00328806 0.00122631 0.00328644 0.999995 0.00105298 -0.00122965 -0.00104881 0.999998 0.0644475 0.0723808 0.034432
FixedParameters: 0 0 0

#Transform 82
Transform: AffineTransform_float_3_3
Parameters: 0.999993 -0.00326638 0.00129705 0.00326559 0.999994 0.00114412 -0.00130036 -0.00113995 0.999999 0.0642787 0.0714847 0.0283182
FixedParameters: 0 0 0

#Transform 83
Transform: AffineTransform_float_3_3
Parameters: 0.999992 -0.00374069 0.00144547 0.00373739 0.99999 0.00221183 -0.00145372 -0.00220621 0.999996 0.0812028 0.0363123 0.02914
FixedParameters: 0 0 0

#Transform 84
Transform: AffineTransform_float_3_3
Parameters: 0.99999 -0.0040594 0.00172022 0.00405553 0.99999 0.00207446 -0.00172872 -0.00206743 0.999996 0.0704113 -0.00707631 0.000842414
FixedParameters: 0 0 0

#Transform 85
Transform: AffineTransform_float_3_3
Parameters: 0.999991 -0.00377973 0.00151555 0.00377717 0.999992 0.00128014 -0.00152066 -0.00127482 0.999998 0.0762388 0.075377 0.00735605
FixedParameters: 0 0 0

#Transform 86
Transform: AffineTransform_float_3_3
Parameters: 0.999991 -0.00368822 0.00204479 0.00368371 0.999991 0.00184936 -0.00205128 -0.00184218 0.999996 0.0721585 0.0832844 0.0200473
FixedParameters: 0 0 0

#Transform 87
Transform: AffineTransform_float_3_3
Parameters: 0.999991 -0.00390241 0.00151167 0.00390232 0.999992 0.000562071 -0.00151432 -0.000556718 0.999999 0.079693 0.104218 -0.0119079
FixedParameters: 0 0 0

#Transform 88
Transform: AffineTransform_float_3_3
Parameters: 0.999993 -0.00318108 0.00159091 0.00317998 0.999995 0.00058536 -0.00159211 -0.000580513 0.999998 0.061863 0.0664125 -0.0374501
FixedParameters: 0 0 0

#Transform 89
Transform: AffineTransform_float_3_3
Parameters: 0.999993 -0.00307308 0.00203538 0.00307086 0.999995 0.000728163 -0.00203736 -0.000721413 0.999998 0.0303551 -0.0221426 -0.0251264
FixedParameters: 0 0 0

#Transform 90
Transform: AffineTransform_float_3_3
Parameters: 0.999993 -0.00317363 0.00225542 0.00317118 0.999994 0.00124545 -0.00225937 -0.00123767 0.999997 0.0482417 0.0493967 0.00559537
FixedParameters: 0 0 0

#Transform 91
Transform: AffineTransform_float_3_3
Parameters: 0.999992 -0.00353644 0.00202862 0.00353393 0.999993 0.00117377 -0.00203251 -0.00116687 0.999997 0.0696599 0.056952 -0.0180036
FixedParameters: 0 0 0

#Transform 92
Transform: AffineTransform_float_3_3
Parameters: 0.999992 -0.00357086 0.0020158 0.00356987 0.999994 0.000686211 -0.00201816 -0.000678339 0.999998 0.0884873 0.0608572 0.00279863
FixedParameters: 0 0 0

#Transform 93
Transform: AffineTransform_float_3_3
Parameters: 0.99999 -0.00396806 0.00194155 0.0039658 0.999991 0.00119373 -0.0019465 -0.00118661 0.999998 0.0948527 0.0348564 0.0448004
FixedParameters: 0 0 0

#Transform 94
Transform: AffineTransform_float_3_3
Parameters: 0.999988 -0.0041947 0.00217476 0.004192 0.99999 0.00122346 -0.00217939 -0.00121394 0.999997 0.118515 0.125136 0.0316236
FixedParameters: 0 0 0

#Transform 95
Transform: AffineTransform_float_3_3
Parameters: 0.99999 -0.00394939 0.0020068 0.00394665 0.999992 0.00125979 -0.00201216 -0.00125133 0.999997 0.0979354 0.111466 0.0204503
FixedParameters: 0 0 0

#Transform 96
Transform: AffineTransform_float_3_3
Parameters: 0.999989 -0.00371768 0.00273946 0.00371164 0.99999 0.00234114 -0.0027476 -0.00233119 0.999994 0.0942799 0.13531 -0.0118872
FixedParameters: 0 0 0

#Transform 97
Transform: AffineTransform_float_3_3
Parameters: 0.999992 -0.00315362 0.00264115 0.0031472 0.999993 0.00238689 -0.00264901 -0.00237797 0.999993 0.0783702 0.0882338 0.0295545
FixedParameters: 0 0 0

#Transform 98
Transform: AffineTransform_float_3_3
Parameters: 0.999991 -0.00318767 0.00290917 0.00318159 0.999993 0.00185901 -0.0029155 -0.00184966 0.999994 0.0557872 0.0613141 0.0243328
FixedParameters: 0 0 0

#Transform 99
Transform: AffineTransform_float_3_3
Parameters: 0.999992 -0.00292075 0.00285722 0.00291495 0.999993 0.00200804 -0.00286377 -0.00200005 0.999994 0.0456688 0.11628 -0.0506697
FixedParameters: 0 0 0

#Transform 100
Transform: AffineTransform_float_3_3
Parameters: 0.999994 -0.00255236 0.00251151 0.00254723 0.999995 0.00212723 -0.0025173 -0.00211996 0.999995 0.0343044 0.112943 0.0623384
FixedParameters: 0 0 0

#Transform 101
Transform: AffineTransform_float_3_3
Parameters: 0.999991 -0.00306262 0.00285513 0.0030589 0.999994 0.00122241 -0.00285881 -0.00121375 0.999995 0.0792562 0.177691 0.0279201
FixedParameters: 0 0 0

#Transform 102
Transform: AffineTransform_float_3_3
Parameters: 0.999989 -0.0035777 0.00296251 0.00357459 0.999993 0.00109357 -0.00296633 -0.00108295 0.999995 0.103788 0.127761 0.0597712
FixedParameters: 0 0 0

#Transform 103
Transform: AffineTransform_float_3_3
Parameters: 0.999989 -0.00389951 0.00261939 0.00389562 0.999991 0.00120039 -0.0026243 -0.00118964 0.999996 0.113181 0.136087 0.0362835
FixedParameters: 0 0 0

#Transform 104
Transform: AffineTransform_float_3_3
Parameters: 0.999989 -0.00409615 0.00236503 0.00409263 0.99999 0.00154145 -0.00237131 -0.00153122 0.999996 0.102034 0.159868 0.013763
FixedParameters: 0 0 0

#Transform 105
Transform: AffineTransform_float_3_3
Parameters: 0.999988 -0.0041926 0.00270002 0.00418884 0.99999 0.00160118 -0.00270729 -0.00158983 0.999995 0.119641 0.153686 0.0395334
FixedParameters: 0 0 0

#Transform 106
Transform: AffineTransform_float_3_3
Parameters: 0.999988 -0.00405228 0.00265399 0.00404916 0.999991 0.00122787 -0.00265958 -0.00121639 0.999996 0.129889 0.115418 0.0729166
FixedParameters: 0 0 0

#Transform 107
Transform: AffineTransform_float_3_3
Parameters: 0.999986 -0.0038885 0.0035028 0.0038859 0.999992 0.000841179 -0.00350619 -0.000827639 0.999994 0.135127 0.163794 0.0416855
FixedParameters: 0 0 0

#Transform 108
Transform: AffineTransform_float_3_3
Parameters: 0.999989 -0.00337827 0.00299582 0.00337342 0.999993 0.00141658 -0.00300057 -0.00140693 0.999995 0.100017 0.107262 0.0430031
FixedParameters: 0 0 0

#Transform 109
Transform: AffineTransform_float_3_3
Parameters: 0.999992 -0.00285529 0.0026893 0.00285045 0.999994 0.00176587 -0.00269395 -0.00175839 0.999995 0.088417 0.162525 0.0369163
FixedParameters: 0 0 0

#Transform 110
Transform: AffineTransform_float_3_3
Parameters: 0.999992 -0.00315871 0.0025704 0.00315391 0.999993 0.00184581 -0.0025765 -0.00183786 0.999995 0.0804947 0.145572 0.0517075
FixedParameters: 0 0 0

#Transform 111
Transform: AffineTransform_float_3_3
Parameters: 0.999993 -0.00288236 0.00253209 0.00287653 0.999993 0.00236668 -0.00253867 -0.00235941 0.999994 0.0780468 0.145351 0.063353
FixedParameters: 0 0 0

#Transform 112
Transform: AffineTransform_float_3_3
Parameters: 0.999993 -0.00298179 0.00209847 0.00297701 0.999992 0.00230749 -0.00210588 -0.00230145 0.999995 0.0466746 0.150604 0.011158
FixedParameters: 0 0 0

#Transform 113
Transform: AffineTransform_float_3_3
Parameters: 0.999993 -0.00290102 0.00215885 0.00289367 0.99999 0.00335396 -0.00216775 -0.00334789 0.999992 0.0573301 0.15645 0.0319528
FixedParameters: 0 0 0

#Transform 114
Transform: AffineTransform_float_3_3
Parameters: 0.999995 -0.00248764 0.002233 0.00248139 0.999993 0.00270162 -0.00224063 -0.00269516 0.999994 0.0527975 0.110168 0.0165663
FixedParameters: 0 0 0

#Transform 115
Transform: AffineTransform_float_3_3
Parameters: 0.999993 -0.00206768 0.00289941 0.00206098 0.999996 0.0021227 -0.00290349 -0.00211724 0.999994 0.0315616 0.0716398 -0.00912201
FixedParameters: 0 0 0

#Transform 116
Transform: AffineTransform_float_3_3
Parameters: 0.999991 -0.00289376 0.00281809 0.00288964 0.999994 0.00173026 -0.00282287 -0.00172174 0.999994 0.0607612 0.0534422 0.00531092
FixedParameters: 0 0 0

#Transform 117
Transform: AffineTransform_float_3_3
Parameters: 0.999991 -0.00359053 0.00237429 0.00358742 0.999993 0.00139146 -0.00237916 -0.0013827 0.999996 0.0822818 0.153681 -0.0259839
FixedParameters: 0 0 0

#Transform 118
Transform: AffineTransform_float_3_3
Parameters: 0.999992 -0.00331959 0.00224677 0.00331721 0.999994 0.00125538 -0.00225117 -0.00124741 0.999997 0.0650142 0.126963 -0.00183202
FixedParameters: 0 0 0

#Transform 119
Transform: AffineTransform_float_3_3
Parameters: 0.999991 -0.00362593 0.00245514 0.00362508 0.999994 0.000561347 -0.00245665 -0.000552301 0.999996 0.081574 0.132362 -0.0379815
FixedParameters: 0 0 0

#Transform 120
Transform: AffineTransform_float_3_3
Parameters: 0.999989 -0.00400405 0.00251866 0.00400234 0.999991 0.000735294 -0.00252191 -0.000725204 0.999996 0.0895066 0.139836 0.00907932
FixedParameters: 0 0 0

#Transform 121
Transform: AffineTransform_float_3_3
Parameters: 0.999989 -0.00412667 0.00250564 0.00412447 0.999991 0.000885021 -0.00250922 -0.000874857 0.999996 0.0886321 0.0643284 -0.00598712
FixedParameters: 0 0 0

#Transform 122
Transform: AffineTransform_float_3_3
Parameters: 0.999986 -0.0045651 0.00268226 0.00456109 0.999989 0.0012791 -0.00268821 -0.00126689 0.999996 0.100581 0.159529 -0.00963148
FixedParameters: 0 0 0

#Transform 123
Transform: AffineTransform_float_3_3
Parameters: 0.999988 -0.00410167 0.00269185 0.0040987 0.999991 0.00101399 -0.00269566 -0.00100292 0.999996 0.0709083 0.273927 -0.0713301
FixedParameters: 0 0 0

#Transform 124
Transform: AffineTransform_float_3_3
Parameters: 0.999989 -0.00439526 0.00189563 0.00439468 0.99999 0.000337624 -0.0018963 -0.000329246 0.999998 0.0976207 0.180403 -0.0211022
FixedParameters: 0 0 0

#Transform 125
Transform: AffineTransform_float_3_3
Parameters: 0.999987 -0.00481195 0.00204638 0.0048121 0.999988 -0.000351448 -0.00204525 0.000361512 0.999998 0.104112 0.228592 0.0349091
FixedParameters: 0 0 0

#Transform 126
Transform: AffineTransform_float_3_3
Parameters: 0.999987 -0.00489603 0.00157849 0.00489642 0.999988 -3.89354e-05 -0.00157752 4.70926e-05 0.999999 0.145577 0.206938 0.0423277
FixedParameters: 0 0 0

#Transform 127
Transform: AffineTransform_float_3_3
Parameters: 0.999986 -0.0050572 0.00151492 0.00505914 0.999986 -0.00096716 -0.0015105 0.000975251 0.999998 0.135862 0.153167 0.0493032
FixedParameters: 0 0 0

#Transform 128
Transform: AffineTransform_float_3_3
Parameters: 0.99998 -0.00600354 0.00182465 0.00600591 0.999982 -0.000920699 -0.0018192 0.000931938 0.999998 0.169801 0.192594 0.0251823
FixedParameters: 0 0 0

#Transform 129
Transform: AffineTransform_float_3_3
Parameters: 0.999984 -0.0053999 0.00157565 0.00540265 0.999985 -0.00134379 -0.00156934 0.00135186 0.999998 0.150664 0.196372 -0.0866615
FixedParameters: 0 0 0

#Transform 130
Transform: AffineTransform_float_3_3
Parameters: 0.999984 -0.0041744 0.00392576 0.00418543 0.999987 -0.00293379 -0.00391367 0.00294989 0.999989 0.134079 0.212823 -0.176752
FixedParameters: 0 0 0

#Transform 131
Transform: AffineTransform_float_3_3
Parameters: 0.999981 -0.00523983 0.00313554 0.00524575 0.999985 -0.00200227 -0.00312499 0.00201902 0.999993 0.144878 0.333005 -0.188548
FixedParameters: 0 0 0

#Transform 132
Transform: AffineTransform_float_3_3
Parameters: 0.99998 -0.00528191 0.00334928 0.0052863 0.999985 -0.00140248 -0.00334203 0.00141999 0.999994 0.155394 0.16283 -0.150191
FixedParameters: 0 0 0

#Transform 133
Transform: AffineTransform_float_3_3
Parameters: 0.999977 -0.00589462 0.00344863 0.0059 0.999981 -0.00155072 -0.00343932 0.00157182 0.999993 0.179978 0.218572 -0.184182
FixedParameters: 0 0 0

#Transform 134
Transform: AffineTransform_float_3_3
Parameters: 0.999974 -0.0062648 0.00370253 0.00627239 0.999978 -0.00211657 -0.00368943 0.00213975 0.999991 0.184101 0.193149 -0.236573
FixedParameters: 0 0 0

#Transform 135
Transform: AffineTransform_float_3_3
Parameters: 0.99998 -0.005506 0.0032489 0.00551331 0.999983 -0.00216272 -0.00323627 0.00218064 0.999992 0.172954 0.243101 -0.172587
FixedParameters: 0 0 0

#Transform 136
Transform: AffineTransform_float_3_3
Parameters: 0.999981 -0.00518138 0.00321351 0.00518677 0.999985 -0.0016515 -0.00320502 0.00166784 0.999993 0.163579 0.246268 -0.103964
FixedParameters: 0 0 0

#Transform 137
Transform: AffineTransform_float_3_3
Parameters: 0.999983 -0.00508634 0.00295244 0.00509026 0.999986 -0.0011426 -0.00294685 0.00115803 0.999995 0.157109 0.227118 -0.105459
FixedParameters: 0 0 0

#Transform 138
Transform: AffineTransform_float_3_3
Parameters: 0.999981 -0.00553911 0.00279273 0.00554217 0.999985 -0.00103124 -0.00278692 0.00104678 0.999995 0.166869 0.212094 -0.117395
FixedParameters: 0 0 0

#Transform 139
Transform: AffineTransform_float_3_3
Parameters: 0.999981 -0.0055027 0.00291345 0.00550535 0.999984 -0.000885227 -0.00290839 0.000901398 0.999995 0.170445 0.200307 -0.082145
FixedParameters: 0 0 0

#Transform 140
Transform: AffineTransform_float_3_3
Parameters: 0.999984 -0.00491836 0.00304433 0.00492007 0.999988 -0.00063706 -0.00304112 0.000651458 0.999995 0.139073 0.247003 -0.0949724
FixedParameters: 0 0 0

#Transform 141
Transform: AffineTransform_float_3_3
Parameters: 0.999983 -0.00493362 0.00316604 0.00493446 0.999988 -6.31893e-05 -0.00316598 7.90082e-05 0.999995 0.131972 0.207521 -0.0960956
FixedParameters: 0 0 0

#Transform 142
Transform: AffineTransform_float_3_3
Parameters: 0.999982 -0.00490851 0.00330083 0.00490994 0.999988 -0.000141591 -0.00330006 0.000157669 0.999994 0.130248 0.196503 -0.0947386
FixedParameters: 0 0 0

#Transform 143
Transform: AffineTransform_float_3_3
Parameters: 0.99998 -0.00550864 0.00331973 0.00550882 0.999985 7.41153e-05 -0.00332072 -5.64584e-05 0.999994 0.152758 0.220788 -0.095534
FixedParameters: 0 0 0

#Transform 144
Transform: AffineTransform_float_3_3
Parameters: 0.999977 -0.00576583 0.00359019 0.00576395 0.999984 0.000458977 -0.00359266 -0.000437859 0.999994 0.173644 0.189699 -0.0789129
FixedParameters: 0 0 0

#Transform 145
Transform: AffineTransform_float_3_3
Parameters: 0.999972 -0.00643909 0.00398793 0.00643893 0.99998 0.000183191 -0.00398882 -0.000157826 0.999992 0.178355 0.198878 -0.103129
FixedParameters: 0 0 0

#Transform 146
Transform: AffineTransform_float_3_3
Parameters: 0.999979 -0.00555042 0.00352166 0.00555064 0.999985 -7.88355e-05 -0.00352076 9.84395e-05 0.999994 0.163049 0.212643 -0.129226
FixedParameters: 0 0 0

#Transform 147
Transform: AffineTransform_float_3_3
Parameters: 0.999975 -0.00590899 0.00374438 0.00591225 0.999982 -0.000753204 -0.00374104 0.000775315 0.999993 0.17012 0.299725 -0.121861
FixedParameters: 0 0 0

#Transform 148
Transform: AffineTransform_float_3_3
Parameters: 0.999975 -0.00598526 0.00359624 0.00598772 0.999982 -0.000622823 -0.00359216 0.000645082 0.999993 0.163895 0.115179 -0.0583104
FixedParameters: 0 0 0

#Transform 149
Transform: AffineTransform_float_3_3
Parameters: 0.999973 -0.00603691 0.00405506 0.00603756 0.999982 -0.000107107 -0.00405453 0.000131711 0.999992 0.163939 0.199703 -0.0849912
FixedParameters: 0 0 0
