# transform file /out/sourcedata/freesurfer/sub-v1s17x0050237_ses-1/mri/transforms/cc_up.lta
# created by oesteban on Mon Mar  9 02:28:44 2026

type      = 0 # LINEAR_VOX_TO_VOX
nxforms   = 1
mean      = 128.0000 112.0000 112.0000
sigma     = 10000.0000
1 4 4
9.983698129653931e-01 -1.669302023947239e-02 5.458202958106995e-02 -3.651515245437622e+00 
1.666812971234322e-02 9.998607635498047e-01 9.112657862715423e-04 2.678823852539062e+01 
-5.458963289856911e-02 1.164153357047226e-10 9.985089302062988e-01 3.413808059692383e+01 
0.000000000000000e+00 0.000000000000000e+00 0.000000000000000e+00 1.000000000000000e+00 
src volume info
valid = 1  # volume info valid
filename = /out/sourcedata/freesurfer/sub-v1s17x0050237_ses-1/mri/norm.mgz
volume = 256 256 256
voxelsize = 1.000000000000000e+00 1.000000000000000e+00 1.000000000000000e+00
xras   = -9.999998807907104e-01 -2.779415808618069e-09 1.862645149230957e-09
yras   = 0.000000000000000e+00 -9.313225746154785e-10 -9.999998807907104e-01
zras   = -4.685716703534126e-09 9.999999403953552e-01 0.000000000000000e+00
cras   = -1.166000366210938e+00 -5.634323120117188e+00 -9.500152587890625e+00
dst volume info
valid = 1  # volume info valid
filename = /out/sourcedata/freesurfer/sub-v1s17x0050237_ses-1/mri/norm.mgz
volume = 256 256 256
voxelsize = 1.000000000000000e+00 1.000000000000000e+00 1.000000000000000e+00
xras   = -9.999998807907104e-01 -2.779415808618069e-09 1.862645149230957e-09
yras   = 0.000000000000000e+00 -9.313225746154785e-10 -9.999998807907104e-01
zras   = -4.685716703534126e-09 9.999999403953552e-01 0.000000000000000e+00
cras   = -1.166000366210938e+00 -5.634323120117188e+00 -9.500152587890625e+00
