# transform file transforms/talairach.lta
# created by oesteban on Mon Mar  9 01:17:44 2026

type      = 0 # LINEAR_VOX_TO_VOX
nxforms   = 1
mean      = 128.0000 112.0000 112.0000
sigma     = 10000.0000
1 4 4
9.795412421226501e-01 -3.578390926122665e-02 8.123451471328735e-02 -4.048810482025146e+00 
1.606841571629047e-02 1.119318127632141e+00 2.496348321437836e-01 -3.477992630004883e+01 
-8.922161906957626e-02 -2.000749111175537e-01 9.561601281166077e-01 3.779652786254883e+01 
0.000000000000000e+00 0.000000000000000e+00 0.000000000000000e+00 1.000000000000000e+00 
src volume info
valid = 1  # volume info valid
filename = nu.mgz
volume = 256 256 256
voxelsize = 1.000000000000000e+00 1.000000000000000e+00 1.000000000000000e+00
xras   = -9.999998807907104e-01 -2.779415808618069e-09 1.862645149230957e-09
yras   = 0.000000000000000e+00 -9.313225746154785e-10 -9.999998807907104e-01
zras   = -4.685716703534126e-09 9.999999403953552e-01 0.000000000000000e+00
cras   = -1.166000366210938e+00 -5.634323120117188e+00 -9.500152587890625e+00
dst volume info
valid = 1  # volume info valid
filename = /opt/freesurfer/average/RB_all_2020-01-02.gca
volume = 256 256 256
voxelsize = 1.000000000000000e+00 1.000000000000000e+00 1.000000000000000e+00
xras   = -1.000000000000000e+00 0.000000000000000e+00 0.000000000000000e+00
yras   = 0.000000000000000e+00 0.000000000000000e+00 -1.000000000000000e+00
zras   = 0.000000000000000e+00 1.000000000000000e+00 0.000000000000000e+00
cras   = 0.000000000000000e+00 0.000000000000000e+00 0.000000000000000e+00
