type      = 1 # LINEAR_RAS_TO_RAS
nxforms   = 1
mean      = 0.0000 0.0000 0.0000
sigma     = 1.0000
1 4 4
1.093564987182617e+00 -5.610100179910660e-02 -3.011699952185154e-02 -8.987000212073326e-03 
7.571200281381607e-02 1.004647016525269e+00 4.343200027942657e-01 2.987457036972046e+00 
3.052099980413914e-02 -3.931019902229309e-01 1.046663999557495e+00 -8.282760620117188e+00 
0.000000000000000e+00 0.000000000000000e+00 0.000000000000000e+00 1.000000000000000e+00 
src volume info
valid = 1  # volume info valid
filename = /out/sourcedata/freesurfer/sub-v1s17x0050237_ses-1/mri/orig_nu.mgz
volume = 256 256 256
voxelsize = 1.000000000000000e+00 1.000000000000000e+00 1.000000000000000e+00
xras   = -9.999998807907104e-01 -2.779415808618069e-09 1.862645149230957e-09
yras   = 0.000000000000000e+00 -9.313225746154785e-10 -9.999998807907104e-01
zras   = -4.685716703534126e-09 9.999999403953552e-01 0.000000000000000e+00
cras   = -1.166000366210938e+00 -5.634323120117188e+00 -9.500152587890625e+00
dst volume info
valid = 1  # volume info valid
filename = /opt/freesurfer/average/mni305.cor.mgz
volume = 256 256 256
voxelsize = 1.000000000000000e+00 1.000000000000000e+00 1.000000000000000e+00
xras   = -1.000000000000000e+00 0.000000000000000e+00 0.000000000000000e+00
yras   = 0.000000000000000e+00 0.000000000000000e+00 -1.000000000000000e+00
zras   = 0.000000000000000e+00 1.000000000000000e+00 0.000000000000000e+00
cras   = 0.000000000000000e+00 0.000000000000000e+00 0.000000000000000e+00
subject fsaverage
fscale 0.100000
