type      = 0 # LINEAR_VOX_TO_VOX
nxforms   = 1
mean      = 0.0000 0.0000 0.0000
sigma     = 1.0000
1 4 4
1.093564867973328e+00 -3.011699579656124e-02 5.610100179910660e-02 -1.462037658691406e+01 
3.052099235355854e-02 1.046663880348206e+00 3.931019604206085e-01 -4.414976501464844e+01 
-7.571199536323547e-02 -4.343199431896210e-01 1.004646897315979e+00 5.780184936523438e+01 
0.000000000000000e+00 0.000000000000000e+00 0.000000000000000e+00 1.000000000000000e+00 
src volume info
valid = 1  # volume info valid
filename = /out/sourcedata/freesurfer/sub-v1s17x0050237_ses-1/mri/orig.mgz
volume = 256 256 256
voxelsize = 1.000000000000000e+00 1.000000000000000e+00 1.000000000000000e+00
xras   = -9.999998807907104e-01 -2.779415808618069e-09 1.862645149230957e-09
yras   = 0.000000000000000e+00 -9.313225746154785e-10 -9.999998807907104e-01
zras   = -4.685716703534126e-09 9.999999403953552e-01 0.000000000000000e+00
cras   = -1.166000366210938e+00 -5.634323120117188e+00 -9.500152587890625e+00
dst volume info
valid = 1  # volume info valid
filename = /opt/freesurfer/average/mni305.cor.mgz
volume = 256 256 256
voxelsize = 1.000000000000000e+00 1.000000000000000e+00 1.000000000000000e+00
xras   = -1.000000000000000e+00 0.000000000000000e+00 0.000000000000000e+00
yras   = 0.000000000000000e+00 0.000000000000000e+00 -1.000000000000000e+00
zras   = 0.000000000000000e+00 1.000000000000000e+00 0.000000000000000e+00
cras   = 0.000000000000000e+00 0.000000000000000e+00 0.000000000000000e+00
subject fsaverage
fscale 0.100000
