# transform file /out/sourcedata/freesurfer/sub-v1s17x0050269_ses-1/mri/transforms/cc_up.lta
# created by oesteban on Mon Mar  9 04:21:46 2026

type      = 0 # LINEAR_VOX_TO_VOX
nxforms   = 1
mean      = 130.0000 100.0000 111.0000
sigma     = 10000.0000
1 4 4
9.991381168365479e-01 -1.775589585304260e-02 3.752252086997032e-02 -3.257103443145752e+00 
1.774338819086552e-02 9.998424053192139e-01 6.663509411737323e-04 4.565643692016602e+01 
-3.752843663096428e-02 0.000000000000000e+00 9.992956519126892e-01 2.490734481811523e+01 
0.000000000000000e+00 0.000000000000000e+00 0.000000000000000e+00 1.000000000000000e+00 
src volume info
valid = 1  # volume info valid
filename = /out/sourcedata/freesurfer/sub-v1s17x0050269_ses-1/mri/norm.mgz
volume = 256 256 256
voxelsize = 1.000000000000000e+00 1.000000000000000e+00 1.000000000000000e+00
xras   = -9.999999403953552e-01 -5.486072041094303e-09 -4.656612873077393e-10
yras   = 4.656612873077393e-10 0.000000000000000e+00 -9.999999403953552e-01
zras   = 1.760781742632389e-09 1.000000000000000e+00 -9.313225746154785e-10
cras   = -5.656890869140625e-01 -7.130432128906250e-02 -2.497851562500000e+01
dst volume info
valid = 1  # volume info valid
filename = /out/sourcedata/freesurfer/sub-v1s17x0050269_ses-1/mri/norm.mgz
volume = 256 256 256
voxelsize = 1.000000000000000e+00 1.000000000000000e+00 1.000000000000000e+00
xras   = -9.999999403953552e-01 -5.486072041094303e-09 -4.656612873077393e-10
yras   = 4.656612873077393e-10 0.000000000000000e+00 -9.999999403953552e-01
zras   = 1.760781742632389e-09 1.000000000000000e+00 -9.313225746154785e-10
cras   = -5.656890869140625e-01 -7.130432128906250e-02 -2.497851562500000e+01
