type      = 1 # LINEAR_RAS_TO_RAS
nxforms   = 1
mean      = 0.0000 0.0000 0.0000
sigma     = 1.0000
1 4 4
1.129405975341797e+00 -4.094500094652176e-02 -1.710899919271469e-02 1.694121956825256e+00 
6.146100163459778e-02 1.131201028823853e+00 1.325390040874481e-01 6.985700130462646e-01 
1.923700049519539e-02 -2.392189949750900e-01 1.244976043701172e+00 -6.792938232421875e+00 
0.000000000000000e+00 0.000000000000000e+00 0.000000000000000e+00 1.000000000000000e+00 
src volume info
valid = 1  # volume info valid
filename = /out/sourcedata/freesurfer/sub-v1s17x0050269_ses-1/mri/orig_nu.mgz
volume = 256 256 256
voxelsize = 1.000000000000000e+00 1.000000000000000e+00 1.000000000000000e+00
xras   = -9.999999403953552e-01 -5.486072041094303e-09 -4.656612873077393e-10
yras   = 4.656612873077393e-10 0.000000000000000e+00 -9.999999403953552e-01
zras   = 1.760781742632389e-09 1.000000000000000e+00 -9.313225746154785e-10
cras   = -5.656890869140625e-01 -7.130432128906250e-02 -2.497851562500000e+01
dst volume info
valid = 1  # volume info valid
filename = /opt/freesurfer/average/mni305.cor.mgz
volume = 256 256 256
voxelsize = 1.000000000000000e+00 1.000000000000000e+00 1.000000000000000e+00
xras   = -1.000000000000000e+00 0.000000000000000e+00 0.000000000000000e+00
yras   = 0.000000000000000e+00 0.000000000000000e+00 -1.000000000000000e+00
zras   = 0.000000000000000e+00 1.000000000000000e+00 0.000000000000000e+00
cras   = 0.000000000000000e+00 0.000000000000000e+00 0.000000000000000e+00
subject fsaverage
fscale 0.100000
