# transform file transforms/talairach.lta
# created by oesteban on Mon Mar  9 03:00:37 2026

type      = 0 # LINEAR_VOX_TO_VOX
nxforms   = 1
mean      = 130.0000 100.0000 111.0000
sigma     = 10000.0000
1 4 4
1.037669181823730e+00 -2.320779673755169e-02 4.015260189771652e-02 -1.012374973297119e+01 
1.736322604119778e-02 1.167000532150269e+00 1.090307161211967e-01 -5.980206966400146e+00 
-4.314882308244705e-02 -1.188758984208107e-01 9.737606048583984e-01 1.871346092224121e+01 
0.000000000000000e+00 0.000000000000000e+00 0.000000000000000e+00 1.000000000000000e+00 
src volume info
valid = 1  # volume info valid
filename = nu.mgz
volume = 256 256 256
voxelsize = 1.000000000000000e+00 1.000000000000000e+00 1.000000000000000e+00
xras   = -9.999999403953552e-01 -5.486072041094303e-09 -4.656612873077393e-10
yras   = 4.656612873077393e-10 0.000000000000000e+00 -9.999999403953552e-01
zras   = 1.760781742632389e-09 1.000000000000000e+00 -9.313225746154785e-10
cras   = -5.656890869140625e-01 -7.130432128906250e-02 -2.497851562500000e+01
dst volume info
valid = 1  # volume info valid
filename = /opt/freesurfer/average/RB_all_2020-01-02.gca
volume = 256 256 256
voxelsize = 1.000000000000000e+00 1.000000000000000e+00 1.000000000000000e+00
xras   = -1.000000000000000e+00 0.000000000000000e+00 0.000000000000000e+00
yras   = 0.000000000000000e+00 0.000000000000000e+00 -1.000000000000000e+00
zras   = 0.000000000000000e+00 1.000000000000000e+00 0.000000000000000e+00
cras   = 0.000000000000000e+00 0.000000000000000e+00 0.000000000000000e+00
