type      = 0 # LINEAR_VOX_TO_VOX
nxforms   = 1
mean      = 0.0000 0.0000 0.0000
sigma     = 1.0000
1 4 4
1.129405856132507e+00 -1.710899733006954e-02 4.094499722123146e-02 -2.110047912597656e+01 
1.923699676990509e-02 1.244975924491882e+00 2.392189949750900e-01 -2.655488586425781e+01 
-6.146100535988808e-02 -1.325389891862869e-01 1.131201028823853e+00 5.310791015625000e+00 
0.000000000000000e+00 0.000000000000000e+00 0.000000000000000e+00 1.000000000000000e+00 
src volume info
valid = 1  # volume info valid
filename = /out/sourcedata/freesurfer/sub-v1s17x0050269_ses-1/mri/orig.mgz
volume = 256 256 256
voxelsize = 1.000000000000000e+00 1.000000000000000e+00 1.000000000000000e+00
xras   = -9.999999403953552e-01 -5.486072041094303e-09 -4.656612873077393e-10
yras   = 4.656612873077393e-10 0.000000000000000e+00 -9.999999403953552e-01
zras   = 1.760781742632389e-09 1.000000000000000e+00 -9.313225746154785e-10
cras   = -5.656890869140625e-01 -7.130432128906250e-02 -2.497851562500000e+01
dst volume info
valid = 1  # volume info valid
filename = /opt/freesurfer/average/mni305.cor.mgz
volume = 256 256 256
voxelsize = 1.000000000000000e+00 1.000000000000000e+00 1.000000000000000e+00
xras   = -1.000000000000000e+00 0.000000000000000e+00 0.000000000000000e+00
yras   = 0.000000000000000e+00 0.000000000000000e+00 -1.000000000000000e+00
zras   = 0.000000000000000e+00 1.000000000000000e+00 0.000000000000000e+00
cras   = 0.000000000000000e+00 0.000000000000000e+00 0.000000000000000e+00
subject fsaverage
fscale 0.100000
