# transform file /out/sourcedata/freesurfer/sub-v1s17x0051137_ses-1/mri/transforms/cc_up.lta
# created by oesteban on Mon Mar  9 04:32:11 2026

type      = 0 # LINEAR_VOX_TO_VOX
nxforms   = 1
mean      = 128.0000 122.0000 104.0000
sigma     = 10000.0000
1 4 4
9.999817013740540e-01 3.782560816034675e-03 4.724895581603050e-03 -8.389469385147095e-01 
-3.782518440857530e-03 9.999929070472717e-01 -1.787233304639813e-05 2.848662376403809e+01 
-4.724929109215736e-03 1.818989403545856e-12 9.999888539314270e-01 3.060589027404785e+01 
0.000000000000000e+00 0.000000000000000e+00 0.000000000000000e+00 1.000000000000000e+00 
src volume info
valid = 1  # volume info valid
filename = /out/sourcedata/freesurfer/sub-v1s17x0051137_ses-1/mri/norm.mgz
volume = 256 256 256
voxelsize = 1.000000000000000e+00 1.000000000000000e+00 1.000000000000000e+00
xras   = -1.000000000000000e+00 1.673470251262188e-10 0.000000000000000e+00
yras   = -1.862645149230957e-09 0.000000000000000e+00 -1.000000119209290e+00
zras   = 3.019522409886122e-10 1.000000119209290e+00 0.000000000000000e+00
cras   = -1.751251220703125e+00 8.666603088378906e+00 -2.409255981445312e+00
dst volume info
valid = 1  # volume info valid
filename = /out/sourcedata/freesurfer/sub-v1s17x0051137_ses-1/mri/norm.mgz
volume = 256 256 256
voxelsize = 1.000000000000000e+00 1.000000000000000e+00 1.000000000000000e+00
xras   = -1.000000000000000e+00 1.673470251262188e-10 0.000000000000000e+00
yras   = -1.862645149230957e-09 0.000000000000000e+00 -1.000000119209290e+00
zras   = 3.019522409886122e-10 1.000000119209290e+00 0.000000000000000e+00
cras   = -1.751251220703125e+00 8.666603088378906e+00 -2.409255981445312e+00
