# transform file transforms/talairach.lta
# created by oesteban on Mon Mar  9 03:15:07 2026

type      = 0 # LINEAR_VOX_TO_VOX
nxforms   = 1
mean      = 128.0000 122.0000 104.0000
sigma     = 10000.0000
1 4 4
9.813981056213379e-01 -2.259224653244019e-03 -4.039963707327843e-03 7.804803848266602e-01 
-2.221647417172790e-03 1.030249357223511e+00 7.824593037366867e-02 -1.065919399261475e+01 
4.496063105762005e-03 -8.503519743680954e-02 9.637859463691711e-01 1.925042343139648e+01 
0.000000000000000e+00 0.000000000000000e+00 0.000000000000000e+00 1.000000000000000e+00 
src volume info
valid = 1  # volume info valid
filename = nu.mgz
volume = 256 256 256
voxelsize = 1.000000000000000e+00 1.000000000000000e+00 1.000000000000000e+00
xras   = -1.000000000000000e+00 1.673470251262188e-10 0.000000000000000e+00
yras   = -1.862645149230957e-09 0.000000000000000e+00 -1.000000119209290e+00
zras   = 3.019522409886122e-10 1.000000119209290e+00 0.000000000000000e+00
cras   = -1.751251220703125e+00 8.666603088378906e+00 -2.409255981445312e+00
dst volume info
valid = 1  # volume info valid
filename = /opt/freesurfer/average/RB_all_2020-01-02.gca
volume = 256 256 256
voxelsize = 1.000000000000000e+00 1.000000000000000e+00 1.000000000000000e+00
xras   = -1.000000000000000e+00 0.000000000000000e+00 0.000000000000000e+00
yras   = 0.000000000000000e+00 0.000000000000000e+00 -1.000000000000000e+00
zras   = 0.000000000000000e+00 1.000000000000000e+00 0.000000000000000e+00
cras   = 0.000000000000000e+00 0.000000000000000e+00 0.000000000000000e+00
