type      = 0 # LINEAR_VOX_TO_VOX
nxforms   = 1
mean      = 0.0000 0.0000 0.0000
sigma     = 1.0000
1 4 4
9.994840025901794e-01 7.457002997398376e-03 -1.317300181835890e-02 4.975357055664062e-01 
-3.893199935555458e-02 1.030628085136414e+00 1.205550134181976e-01 -8.654022216796875e+00 
-8.976700156927109e-02 -1.339750140905380e-01 1.019340157508850e+00 3.302638244628906e+01 
0.000000000000000e+00 0.000000000000000e+00 0.000000000000000e+00 1.000000000000000e+00 
src volume info
valid = 1  # volume info valid
filename = /out/sourcedata/freesurfer/sub-v1s17x0051137_ses-1/mri/orig.mgz
volume = 256 256 256
voxelsize = 1.000000000000000e+00 1.000000000000000e+00 1.000000000000000e+00
xras   = -1.000000000000000e+00 1.673470251262188e-10 0.000000000000000e+00
yras   = -1.862645149230957e-09 0.000000000000000e+00 -1.000000119209290e+00
zras   = 3.019522409886122e-10 1.000000119209290e+00 0.000000000000000e+00
cras   = -1.751251220703125e+00 8.666603088378906e+00 -2.409255981445312e+00
dst volume info
valid = 1  # volume info valid
filename = /opt/freesurfer/average/mni305.cor.mgz
volume = 256 256 256
voxelsize = 1.000000000000000e+00 1.000000000000000e+00 1.000000000000000e+00
xras   = -1.000000000000000e+00 0.000000000000000e+00 0.000000000000000e+00
yras   = 0.000000000000000e+00 0.000000000000000e+00 -1.000000000000000e+00
zras   = 0.000000000000000e+00 1.000000000000000e+00 0.000000000000000e+00
cras   = 0.000000000000000e+00 0.000000000000000e+00 0.000000000000000e+00
subject fsaverage
fscale 0.100000
