#Insight Transform File V1.0
#Transform 0
Transform: AffineTransform_float_3_3
Parameters: 1 0.000252269 -2.07589e-05 -0.000252289 1 -0.000487973 2.05127e-05 0.000487984 1 -0.0493312 0.0905637 -0.0898306
FixedParameters: 0 0 0

#Transform 1
Transform: AffineTransform_float_3_3
Parameters: 1 0.00021277 0.000125966 -0.000213632 1 -0.000425186 -0.000125939 0.000425152 1 -0.055114 0.0831805 -0.0484673
FixedParameters: 0 0 0

#Transform 2
Transform: AffineTransform_float_3_3
Parameters: 1 0.000632058 -8.7301e-05 -0.00063218 0.999999 -0.000698565 8.64177e-05 0.000698675 1 -0.061475 0.0934943 -0.0427744
FixedParameters: 0 0 0

#Transform 3
Transform: AffineTransform_float_3_3
Parameters: 1 3.14524e-05 0.000172757 -3.12158e-05 1 -0.000684718 -0.0001728 0.000684707 1 -0.0261531 0.106177 -0.0486691
FixedParameters: 0 0 0

#Transform 4
Transform: AffineTransform_float_3_3
Parameters: 1 9.23551e-05 0.000457169 -9.16855e-05 0.999999 -0.000732275 -0.000457304 0.000732191 0.999999 -0.0311043 0.103271 -0.0393329
FixedParameters: 0 0 0

#Transform 5
Transform: AffineTransform_float_3_3
Parameters: 1 -8.18816e-06 7.21338e-06 8.06988e-06 1 -0.00114821 -7.18254e-06 0.00114821 1 -0.00165665 0.111796 -0.0641912
FixedParameters: 0 0 0

#Transform 6
Transform: AffineTransform_float_3_3
Parameters: 1 0.000346236 0.000524598 -0.000345255 0.999999 -0.000736308 -0.000524132 0.00073601 0.999999 -0.0193992 0.108349 -0.0452536
FixedParameters: 0 0 0

#Transform 7
Transform: AffineTransform_float_3_3
Parameters: 1 -0.000293662 0.000613786 0.000293327 1 -0.00051634 -0.000613274 0.00051672 0.999999 -0.0131515 0.0886092 -0.038675
FixedParameters: 0 0 0

#Transform 8
Transform: AffineTransform_float_3_3
Parameters: 1 -0.000317359 0.000526148 0.000317241 0.999999 -0.00111477 -0.00052613 0.00111415 1 0.00493478 0.12232 -0.0513336
FixedParameters: 0 0 0

#Transform 9
Transform: AffineTransform_float_3_3
Parameters: 0.999999 -0.000275782 0.000720503 0.000276354 0.999999 -0.00116351 -0.000719639 0.00116393 0.999999 0.000598676 0.133412 -0.0545881
FixedParameters: 0 0 0

#Transform 10
Transform: AffineTransform_float_3_3
Parameters: 0.999999 -0.000248334 0.000829503 0.000248486 0.999999 -0.000662758 -0.000828901 0.000662281 0.999999 -0.00348692 0.112162 -0.0283504
FixedParameters: 0 0 0

#Transform 11
Transform: AffineTransform_float_3_3
Parameters: 1 -2.51153e-05 0.000577028 2.56719e-05 1 -0.000482267 -0.000577004 0.000482296 0.999999 -0.0232251 0.128207 -0.0336648
FixedParameters: 0 0 0

#Transform 12
Transform: AffineTransform_float_3_3
Parameters: 1 -4.69533e-05 0.000479638 4.7313e-05 1 -0.000592225 -0.000480558 0.000592206 0.999999 -0.0191946 0.0841244 -0.0533355
FixedParameters: 0 0 0

#Transform 13
Transform: AffineTransform_float_3_3
Parameters: 0.999999 -4.70779e-05 0.000834224 4.78181e-05 1 -0.00109236 -0.000833835 0.00109155 0.999999 -0.0195566 0.107364 -0.0685734
FixedParameters: 0 0 0

#Transform 14
Transform: AffineTransform_float_3_3
Parameters: 1 0.000223141 0.000599659 -0.000222235 0.999999 -0.000754988 -0.000599996 0.000754721 0.999999 -0.0304855 0.131984 -0.0449608
FixedParameters: 0 0 0

#Transform 15
Transform: AffineTransform_float_3_3
Parameters: 1 -2.76907e-05 0.000386262 2.73282e-05 0.999999 -0.000784867 -0.00038601 0.000784908 0.999999 -0.0167497 0.110199 -0.0387712
FixedParameters: 0 0 0

#Transform 16
Transform: AffineTransform_float_3_3
Parameters: 0.999999 0.000749803 0.000477845 -0.000749394 0.999999 -0.000428465 -0.000478487 0.000427748 1 -0.0397737 0.0584277 -0.0226184
FixedParameters: 0 0 0

#Transform 17
Transform: AffineTransform_float_3_3
Parameters: 1 0.000466877 0.000290791 -0.000466379 1 -0.00108611 -0.000291793 0.00108584 1 -0.0372342 0.158868 -0.0298161
FixedParameters: 0 0 0

#Transform 18
Transform: AffineTransform_float_3_3
Parameters: 1 3.42792e-05 0.000116754 -3.4157e-05 1 -0.00110044 -0.000116817 0.00110043 1 -0.0196956 0.0910285 -0.0574011
FixedParameters: 0 0 0

#Transform 19
Transform: AffineTransform_float_3_3
Parameters: 1 0.000245814 -0.000318044 -0.000246122 0.999999 -0.000811765 0.00031862 0.000811986 0.999999 -0.01634 0.220402 -0.0901884
FixedParameters: 0 0 0

#Transform 20
Transform: AffineTransform_float_3_3
Parameters: 1 3.58079e-05 -0.000545644 -3.54881e-05 1 0.000293047 0.000545665 -0.000293008 1 0.0140454 0.0272456 0.0158072
FixedParameters: 0 0 0

#Transform 21
Transform: AffineTransform_float_3_3
Parameters: 0.999999 0.000716834 0.000173496 -0.000716742 1 -0.00032681 -0.000174029 0.00032747 1 -0.044186 0.154054 -0.0573078
FixedParameters: 0 0 0

#Transform 22
Transform: AffineTransform_float_3_3
Parameters: 1 0.000242403 -0.000470496 -0.000242754 1 -0.000373046 0.000470315 0.000373274 1 -0.00725921 0.120628 -0.0481639
FixedParameters: 0 0 0

#Transform 23
Transform: AffineTransform_float_3_3
Parameters: 0.999999 0.000789394 -0.000373695 -0.000789285 0.999999 0.000146193 0.000373926 -0.000145602 1 -0.022591 0.0504745 0.00682818
FixedParameters: 0 0 0

#Transform 24
Transform: AffineTransform_float_3_3
Parameters: 1 0.000841797 -0.000651544 -0.000841544 1 -0.000712145 0.000651127 0.000712876 0.999999 -0.0345684 0.231548 -0.101636
FixedParameters: 0 0 0

#Transform 25
Transform: AffineTransform_float_3_3
Parameters: 1 0.000936116 -0.000713873 -0.000936269 1 -0.000788826 0.000712203 0.000789731 0.999999 -0.044945 0.140287 -0.0901312
FixedParameters: 0 0 0

#Transform 26
Transform: AffineTransform_float_3_3
Parameters: 0.999999 0.00071148 -0.00118413 -0.000713945 0.999997 -0.00234106 0.0011822 0.0023419 0.999996 -0.00591106 0.162166 -0.148362
FixedParameters: 0 0 0

#Transform 27
Transform: AffineTransform_float_3_3
Parameters: 1 0.000810756 -0.000757331 -0.00081214 0.999999 -0.00162041 0.00075556 0.00162036 0.999998 -0.0207396 0.113848 -0.108883
FixedParameters: 0 0 0

#Transform 28
Transform: AffineTransform_float_3_3
Parameters: 1 0.000905446 -0.000711245 -0.000906551 0.999999 -0.00152948 0.000709332 0.00152949 0.999998 -0.0398319 0.113665 -0.0996917
FixedParameters: 0 0 0

#Transform 29
Transform: AffineTransform_float_3_3
Parameters: 0.999999 0.00111361 -0.000884495 -0.00111614 0.999997 -0.00207576 0.000881712 0.00207652 0.999997 -0.0456892 0.124673 -0.122825
FixedParameters: 0 0 0

#Transform 30
Transform: AffineTransform_float_3_3
Parameters: 0.999998 0.0011982 -0.000994 -0.00120056 0.999998 -0.00186596 0.000992345 0.0018672 0.999998 -0.102824 0.0494187 0.00185771
FixedParameters: 0 0 0

#Transform 31
Transform: AffineTransform_float_3_3
Parameters: 0.999999 0.00159887 -0.000637844 -0.00159924 0.999997 -0.00139555 0.000635202 0.00139637 0.999999 -0.134391 0.108772 -0.0933069
FixedParameters: 0 0 0

#Transform 32
Transform: AffineTransform_float_3_3
Parameters: 0.999999 0.00127759 -0.00056123 -0.00127931 0.999993 -0.00348535 0.000556865 0.00348665 0.999994 -0.114924 0.0963832 -0.135418
FixedParameters: 0 0 0

#Transform 33
Transform: AffineTransform_float_3_3
Parameters: 0.999999 0.00134711 -0.000501071 -0.00134774 0.999995 -0.00290055 0.000496867 0.00290079 0.999996 -0.106218 0.151129 -0.17117
FixedParameters: 0 0 0

#Transform 34
Transform: AffineTransform_float_3_3
Parameters: 1 0.00115966 -0.000279375 -0.00116035 0.999998 -0.00175458 0.000277283 0.00175495 0.999998 -0.105269 0.159425 -0.12797
FixedParameters: 0 0 0

#Transform 35
Transform: AffineTransform_float_3_3
Parameters: 0.999998 0.00200987 -0.000598874 -0.00200954 0.999998 0.00044556 0.000599719 -0.000444037 1 -0.137454 0.000276783 0.099451
FixedParameters: 0 0 0

#Transform 36
Transform: AffineTransform_float_3_3
Parameters: 0.999997 0.00230639 -0.000431899 -0.00230643 0.999997 -0.00053989 0.000431406 0.000540779 1 -0.18866 0.179144 -0.0362411
FixedParameters: 0 0 0

#Transform 37
Transform: AffineTransform_float_3_3
Parameters: 0.999998 0.00182004 -0.000642865 -0.00182193 0.999997 -0.00194376 0.000639807 0.00194463 0.999998 -0.169814 0.079554 -0.135038
FixedParameters: 0 0 0

#Transform 38
Transform: AffineTransform_float_3_3
Parameters: 0.999997 0.0016547 -0.00194644 -0.00165826 0.999996 -0.00220185 0.00194344 0.0022049 0.999996 -0.145118 0.273751 -0.225046
FixedParameters: 0 0 0

#Transform 39
Transform: AffineTransform_float_3_3
Parameters: 0.999998 0.00167562 -0.000913072 -0.0016782 0.999995 -0.00238532 0.000909842 0.00238736 0.999997 -0.124722 0.0205515 -0.177577
FixedParameters: 0 0 0

#Transform 40
Transform: AffineTransform_float_3_3
Parameters: 0.999998 0.00185069 -0.000900475 -0.00185342 0.999994 -0.00289756 0.000894343 0.00289944 0.999995 -0.151609 0.190535 -0.181687
FixedParameters: 0 0 0

#Transform 41
Transform: AffineTransform_float_3_3
Parameters: 0.999998 0.00183622 -0.000873284 -0.0018383 0.999993 -0.00322556 0.000866877 0.00322645 0.999994 -0.152188 0.108999 -0.201283
FixedParameters: 0 0 0

#Transform 42
Transform: AffineTransform_float_3_3
Parameters: 0.999998 0.00193788 -0.000441059 -0.00193941 0.999995 -0.00249095 0.000436345 0.00249215 0.999997 -0.167675 0.114653 -0.192757
FixedParameters: 0 0 0

#Transform 43
Transform: AffineTransform_float_3_3
Parameters: 0.999999 0.0016803 -0.000737346 -0.00168343 0.999993 -0.00315339 0.000731534 0.00315485 0.999995 -0.15274 0.116944 -0.163913
FixedParameters: 0 0 0

#Transform 44
Transform: AffineTransform_float_3_3
Parameters: 0.999999 0.00159084 -0.00080085 -0.00159368 0.999994 -0.00324563 0.000795128 0.00324672 0.999994 -0.140199 0.112723 -0.1912
FixedParameters: 0 0 0

#Transform 45
Transform: AffineTransform_float_3_3
Parameters: 0.999999 0.00162377 -0.000826586 -0.00162566 0.999995 -0.00272574 0.000822302 0.00272739 0.999996 -0.138477 0.100859 -0.19626
FixedParameters: 0 0 0

#Transform 46
Transform: AffineTransform_float_3_3
Parameters: 0.999996 0.00123066 -0.00273638 -0.00123763 0.999996 -0.0025661 0.00273388 0.00257024 0.999993 -0.160904 0.274173 -0.316311
FixedParameters: 0 0 0

#Transform 47
Transform: AffineTransform_float_3_3
Parameters: 0.999986 0.00157209 -0.0050224 -0.0015878 0.999994 -0.00319466 0.00501772 0.00320312 0.999983 -0.151312 0.192065 -0.633839
FixedParameters: 0 0 0

#Transform 48
Transform: AffineTransform_float_3_3
Parameters: 0.999994 0.00231467 -0.00245979 -0.0023229 0.999993 -0.00318436 0.00245299 0.00318994 0.999992 -0.19037 0.0116895 -0.491309
FixedParameters: 0 0 0

#Transform 49
Transform: AffineTransform_float_3_3
Parameters: 0.999995 0.00237559 -0.00218156 -0.0023836 0.999991 -0.0035595 0.00217358 0.00356411 0.999992 -0.184061 0.134138 -0.474764
FixedParameters: 0 0 0

#Transform 50
Transform: AffineTransform_float_3_3
Parameters: 0.999997 0.00180463 -0.00165544 -0.00181037 0.999993 -0.00314579 0.00164933 0.00314893 0.999994 -0.165756 0.0580625 -0.392227
FixedParameters: 0 0 0

#Transform 51
Transform: AffineTransform_float_3_3
Parameters: 0.999997 0.00182068 -0.00167071 -0.00182619 0.999994 -0.00304665 0.00166489 0.00304949 0.999994 -0.146321 0.136179 -0.324043
FixedParameters: 0 0 0

#Transform 52
Transform: AffineTransform_float_3_3
Parameters: 0.999998 0.00175725 -0.00126878 -0.00176107 0.999994 -0.00300546 0.00126361 0.00300801 0.999995 -0.140945 0.14445 -0.361219
FixedParameters: 0 0 0

#Transform 53
Transform: AffineTransform_float_3_3
Parameters: 0.999998 0.00175015 -0.00130558 -0.00175393 0.999994 -0.00290772 0.00130079 0.00291039 0.999995 -0.14529 0.171358 -0.380987
FixedParameters: 0 0 0

#Transform 54
Transform: AffineTransform_float_3_3
Parameters: 0.999998 0.00158488 -0.00131578 -0.00158814 0.999995 -0.00261597 0.00131197 0.00261726 0.999996 -0.14026 0.15992 -0.420789
FixedParameters: 0 0 0

#Transform 55
Transform: AffineTransform_float_3_3
Parameters: 0.999996 0.0023541 -0.00143482 -0.00235747 0.999995 -0.00251409 0.00142847 0.0025172 0.999996 -0.243109 0.166646 -0.641466
FixedParameters: 0 0 0

#Transform 56
Transform: AffineTransform_float_3_3
Parameters: 0.999998 0.00186222 -0.000556999 -0.00186414 0.999992 -0.00334569 0.00055129 0.00334687 0.999995 -0.211179 0.0751144 -0.432393
FixedParameters: 0 0 0

#Transform 57
Transform: AffineTransform_float_3_3
Parameters: 0.999998 0.00168013 -0.000875639 -0.00168425 0.999992 -0.00378209 0.000869503 0.00378371 0.999992 -0.156162 0.127601 -0.408333
FixedParameters: 0 0 0

#Transform 58
Transform: AffineTransform_float_3_3
Parameters: 0.999999 0.00145423 -0.000482 -0.00145547 0.999993 -0.00363623 0.000476954 0.00363757 0.999994 -0.161351 0.0921561 -0.413795
FixedParameters: 0 0 0

#Transform 59
Transform: AffineTransform_float_3_3
Parameters: 1 0.000987028 -0.000282624 -0.000987988 0.999993 -0.00352384 0.000279511 0.00352332 0.999994 -0.139227 0.089379 -0.361648
FixedParameters: 0 0 0

#Transform 60
Transform: AffineTransform_float_3_3
Parameters: 1 0.00101502 -0.00012104 -0.00101643 0.99999 -0.00437564 0.000116162 0.00437615 0.999991 -0.12381 0.129887 -0.413619
FixedParameters: 0 0 0

#Transform 61
Transform: AffineTransform_float_3_3
Parameters: 1 0.0010897 0.000192225 -0.00108943 0.999992 -0.00365573 -0.000196983 0.00365552 0.999994 -0.128835 0.118268 -0.374007
FixedParameters: 0 0 0

#Transform 62
Transform: AffineTransform_float_3_3
Parameters: 1 0.0010906 0.000202074 -0.00109012 0.999992 -0.0038036 -0.000206156 0.00380303 0.999993 -0.129968 0.138264 -0.342585
FixedParameters: 0 0 0

#Transform 63
Transform: AffineTransform_float_3_3
Parameters: 1 0.000892886 0.000992765 -0.000888687 0.99999 -0.0043642 -0.000996731 0.00436362 0.99999 -0.0915215 0.112477 -0.357871
FixedParameters: 0 0 0

#Transform 64
Transform: AffineTransform_float_3_3
Parameters: 0.999999 0.000669219 0.00100512 -0.000665083 0.999993 -0.00382733 -0.00100755 0.00382618 0.999992 -0.0834793 0.130641 -0.351974
FixedParameters: 0 0 0

#Transform 65
Transform: AffineTransform_float_3_3
Parameters: 1 0.000683584 0.00107943 -0.000678334 0.999992 -0.00408892 -0.00108239 0.00408855 0.999991 -0.082752 0.113036 -0.311657
FixedParameters: 0 0 0

#Transform 66
Transform: AffineTransform_float_3_3
Parameters: 1 0.000799697 0.000971483 -0.000795932 0.999991 -0.00415862 -0.000974257 0.00415735 0.999991 -0.0909269 0.136183 -0.309806
FixedParameters: 0 0 0

#Transform 67
Transform: AffineTransform_float_3_3
Parameters: 1 0.000351312 -0.000416482 -0.00035314 0.999989 -0.00459809 0.000414736 0.00459796 0.99999 -0.039651 0.214654 -0.510216
FixedParameters: 0 0 0

#Transform 68
Transform: AffineTransform_float_3_3
Parameters: 0.999989 0.00162458 -0.00447658 -0.00162915 0.999998 -0.000929578 0.00447558 0.000936682 0.99999 -0.110036 0.253682 -0.653991
FixedParameters: 0 0 0

#Transform 69
Transform: AffineTransform_float_3_3
Parameters: 0.999994 0.0026315 -0.00219517 -0.00263657 0.999994 -0.00236692 0.00218906 0.00237306 0.999995 -0.141835 0.047086 -0.580521
FixedParameters: 0 0 0

#Transform 70
Transform: AffineTransform_float_3_3
Parameters: 0.999998 0.0018774 -0.000300017 -0.0018788 0.999992 -0.00334174 0.000293393 0.00334283 0.999995 -0.0690563 0.135185 -0.520437
FixedParameters: 0 0 0

#Transform 71
Transform: AffineTransform_float_3_3
Parameters: 0.999998 0.00158375 0.000381956 -0.00158294 0.999994 -0.00311623 -0.000386515 0.00311588 0.999995 -0.0198123 0.135343 -0.466962
FixedParameters: 0 0 0

#Transform 72
Transform: AffineTransform_float_3_3
Parameters: 0.999998 0.00159978 0.000275575 -0.00159917 0.999989 -0.00434281 -0.000282081 0.00434201 0.999991 -0.028424 0.127063 -0.448064
FixedParameters: 0 0 0

#Transform 73
Transform: AffineTransform_float_3_3
Parameters: 0.999999 0.00134856 0.000539058 -0.00134598 0.999989 -0.00432666 -0.00054531 0.00432557 0.999991 -0.0146441 0.108433 -0.464044
FixedParameters: 0 0 0

#Transform 74
Transform: AffineTransform_float_3_3
Parameters: 0.999997 0.00196479 0.000829079 -0.00196523 0.999998 0.000694592 -0.000827642 -0.000696524 0.999999 -0.0729373 0.0579954 -0.10289
FixedParameters: 0 0 0

#Transform 75
Transform: AffineTransform_float_3_3
Parameters: 0.999999 0.00127193 0.000485992 -0.00127254 0.999999 0.000601064 -0.000484509 -0.0006018 0.999999 -0.021311 0.147007 -0.150168
FixedParameters: 0 0 0

#Transform 76
Transform: AffineTransform_float_3_3
Parameters: 0.999997 0.00209464 0.00118581 -0.00209862 0.999993 0.00334548 -0.00117909 -0.0033473 0.999994 -0.135298 0.0413782 0.0804471
FixedParameters: 0 0 0

#Transform 77
Transform: AffineTransform_float_3_3
Parameters: 0.999998 0.00157602 -0.000221249 -0.001576 0.999998 0.00127461 0.000223344 -0.00127445 0.999999 -0.148934 0.27992 -0.170557
FixedParameters: 0 0 0

#Transform 78
Transform: AffineTransform_float_3_3
Parameters: 0.999994 0.00257773 -0.00234259 -0.00257655 0.999997 0.000496149 0.00234374 -0.000489961 0.999997 -0.226353 0.26514 -0.375885
FixedParameters: 0 0 0

#Transform 79
Transform: AffineTransform_float_3_3
Parameters: 0.999998 0.00188643 -0.000173477 -0.00188544 0.999998 0.000718221 0.000174969 -0.00071756 0.999999 -0.182719 0.117996 -0.380622
FixedParameters: 0 0 0

#Transform 80
Transform: AffineTransform_float_3_3
Parameters: 0.999998 0.00219093 0.000753765 -0.00219006 0.999997 -0.000894622 -0.00075571 0.000893782 0.999999 -0.163238 0.18831 -0.42827
FixedParameters: 0 0 0

#Transform 81
Transform: AffineTransform_float_3_3
Parameters: 0.999999 0.00162302 0.000906274 -0.00162139 0.999998 -0.00121225 -0.000908092 0.00120995 0.999999 -0.136395 0.149103 -0.417455
FixedParameters: 0 0 0

#Transform 82
Transform: AffineTransform_float_3_3
Parameters: 0.999998 0.00167555 0.00131718 -0.00167203 0.999996 -0.00231615 -0.00132148 0.00231381 0.999996 -0.108828 0.167127 -0.355077
FixedParameters: 0 0 0

#Transform 83
Transform: AffineTransform_float_3_3
Parameters: 0.999997 0.00144613 0.00214951 -0.00144119 0.999997 -0.00196607 -0.00215256 0.00196271 0.999996 -0.112496 0.119401 -0.351215
FixedParameters: 0 0 0

#Transform 84
Transform: AffineTransform_float_3_3
Parameters: 0.999996 0.00111536 0.00260667 -0.00110928 0.999997 -0.00218432 -0.00260851 0.00218182 0.999994 -0.112233 0.120861 -0.334133
FixedParameters: 0 0 0

#Transform 85
Transform: AffineTransform_float_3_3
Parameters: 0.999997 0.000839565 0.00241093 -0.000832691 0.999996 -0.00285004 -0.00241332 0.00284795 0.999993 -0.0991134 0.129992 -0.328449
FixedParameters: 0 0 0

#Transform 86
Transform: AffineTransform_float_3_3
Parameters: 0.999995 0.000765185 0.00299003 -0.000755709 0.999995 -0.00321702 -0.0029919 0.00321438 0.999991 -0.0814084 0.0850731 -0.324917
FixedParameters: 0 0 0

#Transform 87
Transform: AffineTransform_float_3_3
Parameters: 0.999995 0.000562634 0.00309073 -0.00055002 0.999992 -0.00403179 -0.0030927 0.00403024 0.999987 -0.0699428 0.157775 -0.307199
FixedParameters: 0 0 0

#Transform 88
Transform: AffineTransform_float_3_3
Parameters: 0.999999 -0.00017354 0.00193516 0.000177776 0.999998 -0.00217978 -0.00193448 0.00217997 0.999996 -0.0328801 0.244777 -0.297045
FixedParameters: 0 0 0

#Transform 89
Transform: AffineTransform_float_3_3
Parameters: 0.999999 0.000244888 0.000895038 -0.000243918 0.999998 -0.00170094 -0.000895455 0.00170095 0.999998 -0.0421642 0.18625 -0.339604
FixedParameters: 0 0 0

#Transform 90
Transform: AffineTransform_float_3_3
Parameters: 0.999996 0.00152574 0.00233212 -0.00151861 0.999994 -0.00315634 -0.00233731 0.00315314 0.999992 -0.116833 0.0422839 -0.417591
FixedParameters: 0 0 0

#Transform 91
Transform: AffineTransform_float_3_3
Parameters: 0.999996 0.00151013 0.00229592 -0.00149954 0.999989 -0.00442856 -0.00230234 0.00442481 0.999988 -0.109832 0.149959 -0.412166
FixedParameters: 0 0 0

#Transform 92
Transform: AffineTransform_float_3_3
Parameters: 0.999996 0.00157675 0.00258684 -0.00156682 0.999991 -0.00395789 -0.00259325 0.00395419 0.999989 -0.119563 0.129056 -0.379805
FixedParameters: 0 0 0

#Transform 93
Transform: AffineTransform_float_3_3
Parameters: 0.999996 0.00156022 0.00252505 -0.00154841 0.999988 -0.00447412 -0.00253284 0.00446979 0.999987 -0.129404 0.130396 -0.384402
FixedParameters: 0 0 0

#Transform 94
Transform: AffineTransform_float_3_3
Parameters: 0.999994 0.00161805 0.00303641 -0.0016056 0.999991 -0.00392781 -0.00304286 0.00392288 0.999988 -0.104634 0.130897 -0.376048
FixedParameters: 0 0 0

#Transform 95
Transform: AffineTransform_float_3_3
Parameters: 0.999996 0.00132342 0.00271519 -0.00131106 0.999989 -0.00448145 -0.00272165 0.00447778 0.999986 -0.11551 0.154969 -0.395451
FixedParameters: 0 0 0

#Transform 96
Transform: AffineTransform_float_3_3
Parameters: 0.999995 0.00141138 0.00302117 -0.00139615 0.999987 -0.00499281 -0.00302822 0.00498835 0.999983 -0.0985677 0.155111 -0.428235
FixedParameters: 0 0 0

#Transform 97
Transform: AffineTransform_float_3_3
Parameters: 0.999995 0.00122809 0.00310774 -0.00121354 0.999988 -0.00473692 -0.00311336 0.0047337 0.999984 -0.082326 0.102816 -0.388866
FixedParameters: 0 0 0

#Transform 98
Transform: AffineTransform_float_3_3
Parameters: 0.999995 0.000988673 0.00293978 -0.000972618 0.999985 -0.00540776 -0.00294526 0.00540457 0.999981 -0.0793343 0.173006 -0.396845
FixedParameters: 0 0 0

#Transform 99
Transform: AffineTransform_float_3_3
Parameters: 0.999992 0.00109955 0.00376923 -0.00107988 0.999985 -0.00528814 -0.00377469 0.00528424 0.999979 -0.0694294 0.0883182 -0.379709
FixedParameters: 0 0 0

#Transform 100
Transform: AffineTransform_float_3_3
Parameters: 0.999993 0.000878031 0.00350054 -0.000859147 0.999985 -0.00537021 -0.00350507 0.00536662 0.99998 -0.0544246 0.141245 -0.35821
FixedParameters: 0 0 0

#Transform 101
Transform: AffineTransform_float_3_3
Parameters: 0.999994 0.000742451 0.0034511 -0.000721716 0.999982 -0.00591415 -0.00345472 0.0059116 0.999977 -0.026171 0.183617 -0.428781
FixedParameters: 0 0 0

#Transform 102
Transform: AffineTransform_float_3_3
Parameters: 1 -0.000139098 0.000853503 0.000143289 0.999984 -0.00566717 -0.000853031 0.00566736 0.999983 0.0444119 0.225533 -0.4666
FixedParameters: 0 0 0

#Transform 103
Transform: AffineTransform_float_3_3
Parameters: 0.999997 0.000831468 0.00220728 -0.000821055 0.999987 -0.00504175 -0.00221123 0.00503887 0.999985 0.00916243 0.0388209 -0.477955
FixedParameters: 0 0 0

#Transform 104
Transform: AffineTransform_float_3_3
Parameters: 0.999995 0.000854085 0.00303979 -0.000835993 0.999982 -0.00595058 -0.00304429 0.00594848 0.999978 -0.00608613 0.0978293 -0.48137
FixedParameters: 0 0 0

#Transform 105
Transform: AffineTransform_float_3_3
Parameters: 0.999997 0.00053782 0.00268756 -0.000521218 0.999981 -0.00624132 -0.00269085 0.00623961 0.999977 0.0175146 0.182423 -0.470538
FixedParameters: 0 0 0

#Transform 106
Transform: AffineTransform_float_3_3
Parameters: 0.999995 0.000623769 0.00315495 -0.000605043 0.999983 -0.00589751 -0.00315852 0.00589563 0.999978 0.0156727 0.0814099 -0.436354
FixedParameters: 0 0 0

#Transform 107
Transform: AffineTransform_float_3_3
Parameters: 0.999996 0.000192076 0.00307648 -0.000171489 0.999979 -0.00653686 -0.00307798 0.00653623 0.999974 0.0409246 0.171011 -0.504516
FixedParameters: 0 0 0

#Transform 108
Transform: AffineTransform_float_3_3
Parameters: 0.999997 -0.000505341 0.00197958 0.000514853 0.999987 -0.00497772 -0.00197654 0.00497915 0.999985 0.0777226 0.11675 -0.527587
FixedParameters: 0 0 0

#Transform 109
Transform: AffineTransform_float_3_3
Parameters: 0.999994 0.000573535 -0.00329066 -0.000583967 0.999995 -0.0030368 0.00328837 0.00303862 0.99999 -0.0919336 0.256893 -0.887193
FixedParameters: 0 0 0

#Transform 110
Transform: AffineTransform_float_3_3
Parameters: 0.999997 0.00103313 -0.00245033 -0.00104733 0.999982 -0.00591032 0.00244405 0.00591289 0.99998 -0.0177331 0.0277091 -0.994902
FixedParameters: 0 0 0

#Transform 111
Transform: AffineTransform_float_3_3
Parameters: 0.999998 0.00175152 -0.000524757 -0.00175467 0.999968 -0.00780329 0.000511234 0.00780425 0.999969 -0.0891285 0.0684212 -0.996384
FixedParameters: 0 0 0

#Transform 112
Transform: AffineTransform_float_3_3
Parameters: 0.999998 0.00154142 0.00158823 -0.00153059 0.999978 -0.00647086 -0.00159832 0.00646891 0.999978 -0.0645269 0.0632381 -0.872398
FixedParameters: 0 0 0

#Transform 113
Transform: AffineTransform_float_3_3
Parameters: 0.999997 0.000701341 0.00232576 -0.000686334 0.999979 -0.00641949 -0.00232977 0.00641708 0.999976 0.0186892 0.0653543 -0.806154
FixedParameters: 0 0 0

#Transform 114
Transform: AffineTransform_float_3_3
Parameters: 0.999997 0.000638225 0.00234242 -0.000623035 0.999979 -0.00645752 -0.00234666 0.00645573 0.999977 0.00985781 0.111116 -0.797747
FixedParameters: 0 0 0

#Transform 115
Transform: AffineTransform_float_3_3
Parameters: 0.999997 0.000598369 0.00243952 -0.000582309 0.999978 -0.00660552 -0.00244319 0.00660382 0.999975 0.0107831 0.106565 -0.806318
FixedParameters: 0 0 0

#Transform 116
Transform: AffineTransform_float_3_3
Parameters: 0.999999 0.000167284 0.00117838 -0.000159578 0.999978 -0.00658065 -0.00117921 0.00658038 0.999977 0.0694298 0.0846948 -0.774539
FixedParameters: 0 0 0

#Transform 117
Transform: AffineTransform_float_3_3
Parameters: 0.999999 0.00026446 0.00151387 -0.000254619 0.999977 -0.00683012 -0.00151547 0.00682951 0.999975 0.0801466 0.102042 -0.74824
FixedParameters: 0 0 0

#Transform 118
Transform: AffineTransform_float_3_3
Parameters: 0.999998 -0.000266687 0.00214635 0.000285922 0.999956 -0.00928334 -0.00214357 0.00928396 0.999954 0.0971208 0.119943 -0.929157
FixedParameters: 0 0 0

#Transform 119
Transform: AffineTransform_float_3_3
Parameters: 0.999999 -9.85011e-05 0.00156165 0.000110608 0.999969 -0.00789113 -0.00156081 0.00789054 0.999968 0.0946225 0.0993384 -0.736532
FixedParameters: 0 0 0

#Transform 120
Transform: AffineTransform_float_3_3
Parameters: 0.999997 -0.000346406 0.00253658 0.000366458 0.999968 -0.007924 -0.00253413 0.00792427 0.999965 0.124922 0.0578931 -0.699532
FixedParameters: 0 0 0

#Transform 121
Transform: AffineTransform_float_3_3
Parameters: 0.999997 -0.000609901 0.00229432 0.000629071 0.999965 -0.00828546 -0.00228862 0.00828666 0.999963 0.152347 0.110939 -0.643143
FixedParameters: 0 0 0

#Transform 122
Transform: AffineTransform_float_3_3
Parameters: 0.999996 -0.000998931 0.00275986 0.0010228 0.999963 -0.00847864 -0.00275145 0.0084814 0.99996 0.169911 0.0913549 -0.644123
FixedParameters: 0 0 0

#Transform 123
Transform: AffineTransform_float_3_3
Parameters: 0.999996 -0.000462028 0.00268238 0.000482481 0.99997 -0.00770083 -0.00267814 0.00770225 0.999967 0.128655 0.0845768 -0.603416
FixedParameters: 0 0 0

#Transform 124
Transform: AffineTransform_float_3_3
Parameters: 0.999996 -0.000458618 0.0027092 0.000480104 0.999968 -0.00809412 -0.00270436 0.00809517 0.999964 0.125371 0.135206 -0.582691
FixedParameters: 0 0 0

#Transform 125
Transform: AffineTransform_float_3_3
Parameters: 0.999996 -0.000462901 0.002676 0.000482758 0.999971 -0.00760725 -0.00267182 0.00760827 0.999967 0.126843 0.114356 -0.576625
FixedParameters: 0 0 0

#Transform 126
Transform: AffineTransform_float_3_3
Parameters: 0.999994 -0.000710472 0.00337969 0.000735409 0.999973 -0.00737839 -0.00337411 0.00738114 0.999967 0.14505 0.0882006 -0.572039
FixedParameters: 0 0 0

#Transform 127
Transform: AffineTransform_float_3_3
Parameters: 0.999996 -0.000745905 0.00300474 0.000769864 0.999969 -0.00790557 -0.0029982 0.00790754 0.999964 0.143868 0.124164 -0.59114
FixedParameters: 0 0 0

#Transform 128
Transform: AffineTransform_float_3_3
Parameters: 0.999995 -0.000391752 0.00299899 0.00041431 0.99997 -0.0077531 -0.00299606 0.0077535 0.999965 0.108232 0.117714 -0.56316
FixedParameters: 0 0 0

#Transform 129
Transform: AffineTransform_float_3_3
Parameters: 0.999994 -0.000560449 0.00338546 0.000585591 0.999972 -0.00752786 -0.00338074 0.00752969 0.999965 0.118796 0.117389 -0.557329
FixedParameters: 0 0 0

#Transform 130
Transform: AffineTransform_float_3_3
Parameters: 0.999995 -0.000341028 0.00322695 0.000365691 0.999969 -0.00778234 -0.00322347 0.00778403 0.999964 0.135841 0.165919 -0.575356
FixedParameters: 0 0 0

#Transform 131
Transform: AffineTransform_float_3_3
Parameters: 0.999995 -0.000903027 0.00317548 0.000928525 0.999966 -0.00816682 -0.0031684 0.0081694 0.999962 0.163888 0.143476 -0.616426
FixedParameters: 0 0 0

#Transform 132
Transform: AffineTransform_float_3_3
Parameters: 0.999994 -0.000871666 0.00339609 0.000897556 0.99997 -0.00772557 -0.00338917 0.00772842 0.999965 0.152687 0.113099 -0.581816
FixedParameters: 0 0 0

#Transform 133
Transform: AffineTransform_float_3_3
Parameters: 0.999994 -0.000809965 0.00347031 0.000838048 0.999969 -0.00789549 -0.00346405 0.00789847 0.999963 0.167836 0.118046 -0.567623
FixedParameters: 0 0 0

#Transform 134
Transform: AffineTransform_float_3_3
Parameters: 0.999994 -0.00112781 0.00345239 0.00115636 0.999963 -0.00847831 -0.0034422 0.00848289 0.999958 0.181304 0.11006 -0.552805
FixedParameters: 0 0 0

#Transform 135
Transform: AffineTransform_float_3_3
Parameters: 0.999994 -0.000947978 0.0034719 0.000975886 0.999967 -0.00807645 -0.00346383 0.00807993 0.999961 0.182998 0.113437 -0.569104
FixedParameters: 0 0 0

#Transform 136
Transform: AffineTransform_float_3_3
Parameters: 0.999992 -0.00108191 0.00398659 0.00111412 0.999966 -0.00807422 -0.00397736 0.00807832 0.999959 0.180492 0.138474 -0.551736
FixedParameters: 0 0 0

#Transform 137
Transform: AffineTransform_float_3_3
Parameters: 0.999991 -0.00109516 0.00391904 0.00112571 0.999969 -0.00771805 -0.00391085 0.00772206 0.999962 0.188905 0.0993321 -0.533018
FixedParameters: 0 0 0

#Transform 138
Transform: AffineTransform_float_3_3
Parameters: 0.999992 -0.00112209 0.00379981 0.00115129 0.999969 -0.00777671 -0.00379014 0.00778121 0.999962 0.228738 0.0591372 -0.510168
FixedParameters: 0 0 0

#Transform 139
Transform: AffineTransform_float_3_3
Parameters: 0.99999 -0.00152326 0.00419121 0.00155713 0.999966 -0.00813052 -0.00417918 0.00813623 0.999958 0.227659 0.0766621 -0.571385
FixedParameters: 0 0 0

#Transform 140
Transform: AffineTransform_float_3_3
Parameters: 0.999988 -0.0014605 0.00474839 0.00149872 0.999967 -0.00797406 -0.00473599 0.00798097 0.999957 0.216746 0.12821 -0.572479
FixedParameters: 0 0 0

#Transform 141
Transform: AffineTransform_float_3_3
Parameters: 0.999987 -0.00155467 0.00478556 0.00159397 0.999965 -0.00819821 -0.00477266 0.00820602 0.999955 0.230941 0.116563 -0.556667
FixedParameters: 0 0 0

#Transform 142
Transform: AffineTransform_float_3_3
Parameters: 0.999986 -0.00187433 0.00487924 0.00191615 0.999962 -0.00850317 -0.00486245 0.008512 0.999952 0.248006 0.0926424 -0.547242
FixedParameters: 0 0 0

#Transform 143
Transform: AffineTransform_float_3_3
Parameters: 0.999988 -0.00172447 0.00459166 0.00176298 0.999964 -0.00828639 -0.00457704 0.00829463 0.999955 0.248741 0.110415 -0.551729
FixedParameters: 0 0 0

#Transform 144
Transform: AffineTransform_float_3_3
Parameters: 0.999986 -0.00187661 0.00486472 0.00191741 0.999964 -0.00829467 -0.00484893 0.00830344 0.999954 0.240476 0.110979 -0.557674
FixedParameters: 0 0 0

#Transform 145
Transform: AffineTransform_float_3_3
Parameters: 0.999988 -0.00142747 0.00475923 0.00146684 0.999965 -0.00822886 -0.00474735 0.00823544 0.999954 0.215936 0.0945707 -0.547658
FixedParameters: 0 0 0

#Transform 146
Transform: AffineTransform_float_3_3
Parameters: 0.999989 -0.00146742 0.00440774 0.00150648 0.99996 -0.00889106 -0.00439438 0.0088974 0.999951 0.226712 0.126546 -0.550159
FixedParameters: 0 0 0

#Transform 147
Transform: AffineTransform_float_3_3
Parameters: 0.999986 -0.00187786 0.00485681 0.00191776 0.999965 -0.00818095 -0.00484047 0.00818976 0.999955 0.236574 0.111616 -0.546598
FixedParameters: 0 0 0

#Transform 148
Transform: AffineTransform_float_3_3
Parameters: 0.999986 -0.00187801 0.00485591 0.00191775 0.999965 -0.00816803 -0.00483968 0.00817774 0.999955 0.232748 0.114966 -0.54609
FixedParameters: 0 0 0

#Transform 149
Transform: AffineTransform_float_3_3
Parameters: 0.999988 -0.00165676 0.00470537 0.00169642 0.999962 -0.00845056 -0.00469188 0.00845896 0.999953 0.238032 0.123337 -0.512964
FixedParameters: 0 0 0
