# transform file /out/sourcedata/freesurfer/sub-v1s17x0051140_ses-1/mri/transforms/cc_up.lta
# created by oesteban on Mon Mar  9 04:47:00 2026

type      = 0 # LINEAR_VOX_TO_VOX
nxforms   = 1
mean      = 130.0000 102.0000 113.0000
sigma     = 10000.0000
1 4 4
9.988484978675842e-01 4.286055266857147e-02 -2.155676297843456e-02 -2.297013521194458e+00 
-4.285057634115219e-02 9.990810155868530e-01 9.247846901416779e-04 5.051339721679688e+01 
2.157659083604813e-02 -5.820766091346741e-11 9.997672438621521e-01 1.523662376403809e+01 
0.000000000000000e+00 0.000000000000000e+00 0.000000000000000e+00 1.000000000000000e+00 
src volume info
valid = 1  # volume info valid
filename = /out/sourcedata/freesurfer/sub-v1s17x0051140_ses-1/mri/norm.mgz
volume = 256 256 256
voxelsize = 1.000000000000000e+00 1.000000000000000e+00 1.000000000000000e+00
xras   = -1.000000000000000e+00 -3.346940502524376e-10 0.000000000000000e+00
yras   = 0.000000000000000e+00 0.000000000000000e+00 -9.999999403953552e-01
zras   = -1.309672370553017e-10 9.999999403953552e-01 0.000000000000000e+00
cras   = 1.024047851562500e+00 -5.276855468750000e+00 -2.261177062988281e+01
dst volume info
valid = 1  # volume info valid
filename = /out/sourcedata/freesurfer/sub-v1s17x0051140_ses-1/mri/norm.mgz
volume = 256 256 256
voxelsize = 1.000000000000000e+00 1.000000000000000e+00 1.000000000000000e+00
xras   = -1.000000000000000e+00 -3.346940502524376e-10 0.000000000000000e+00
yras   = 0.000000000000000e+00 0.000000000000000e+00 -9.999999403953552e-01
zras   = -1.309672370553017e-10 9.999999403953552e-01 0.000000000000000e+00
cras   = 1.024047851562500e+00 -5.276855468750000e+00 -2.261177062988281e+01
