# transform file transforms/talairach.lta
# created by oesteban on Mon Mar  9 03:26:30 2026

type      = 0 # LINEAR_VOX_TO_VOX
nxforms   = 1
mean      = 130.0000 103.0000 113.0000
sigma     = 10000.0000
1 4 4
1.054103016853333e+00 2.262015081942081e-02 -9.359519928693771e-03 -1.077235031127930e+01 
-1.880679838359356e-02 1.147078275680542e+00 4.526863247156143e-02 4.320818424224854e+00 
6.775904446840286e-03 -5.590271949768066e-02 9.087677597999573e-01 9.584031105041504e+00 
0.000000000000000e+00 0.000000000000000e+00 0.000000000000000e+00 1.000000000000000e+00 
src volume info
valid = 1  # volume info valid
filename = nu.mgz
volume = 256 256 256
voxelsize = 1.000000000000000e+00 1.000000000000000e+00 1.000000000000000e+00
xras   = -1.000000000000000e+00 -3.346940502524376e-10 0.000000000000000e+00
yras   = 0.000000000000000e+00 0.000000000000000e+00 -9.999999403953552e-01
zras   = -1.309672370553017e-10 9.999999403953552e-01 0.000000000000000e+00
cras   = 1.024047851562500e+00 -5.276855468750000e+00 -2.261177062988281e+01
dst volume info
valid = 1  # volume info valid
filename = /opt/freesurfer/average/RB_all_2020-01-02.gca
volume = 256 256 256
voxelsize = 1.000000000000000e+00 1.000000000000000e+00 1.000000000000000e+00
xras   = -1.000000000000000e+00 0.000000000000000e+00 0.000000000000000e+00
yras   = 0.000000000000000e+00 0.000000000000000e+00 -1.000000000000000e+00
zras   = 0.000000000000000e+00 1.000000000000000e+00 0.000000000000000e+00
cras   = 0.000000000000000e+00 0.000000000000000e+00 0.000000000000000e+00
