# transform file /out/sourcedata/freesurfer/sub-v1s17x0050254_ses-1/mri/transforms/cc_up.lta
# created by oesteban on Mon Mar  9 03:47:24 2026

type      = 0 # LINEAR_VOX_TO_VOX
nxforms   = 1
mean      = 128.0000 109.0000 108.0000
sigma     = 10000.0000
1 4 4
9.933952093124390e-01 5.286851525306702e-02 -1.018376424908638e-01 6.059990882873535e+00 
-5.259288102388382e-02 9.986015558242798e-01 5.391545128077269e-03 4.728104400634766e+01 
1.019802689552307e-01 0.000000000000000e+00 9.947864413261414e-01 1.553259944915771e+01 
0.000000000000000e+00 0.000000000000000e+00 0.000000000000000e+00 1.000000000000000e+00 
src volume info
valid = 1  # volume info valid
filename = /out/sourcedata/freesurfer/sub-v1s17x0050254_ses-1/mri/norm.mgz
volume = 256 256 256
voxelsize = 1.000000000000000e+00 1.000000000000000e+00 1.000000000000000e+00
xras   = -1.000000000000000e+00 -1.609350874787197e-09 -2.328306436538696e-10
yras   = 0.000000000000000e+00 -5.820766091346741e-11 -1.000000000000000e+00
zras   = 1.609578248462640e-09 1.000000000000000e+00 -5.820766091346741e-11
cras   = 9.664001464843750e-01 3.634963989257812e+00 -1.684931945800781e+01
dst volume info
valid = 1  # volume info valid
filename = /out/sourcedata/freesurfer/sub-v1s17x0050254_ses-1/mri/norm.mgz
volume = 256 256 256
voxelsize = 1.000000000000000e+00 1.000000000000000e+00 1.000000000000000e+00
xras   = -1.000000000000000e+00 -1.609350874787197e-09 -2.328306436538696e-10
yras   = 0.000000000000000e+00 -5.820766091346741e-11 -1.000000000000000e+00
zras   = 1.609578248462640e-09 1.000000000000000e+00 -5.820766091346741e-11
cras   = 9.664001464843750e-01 3.634963989257812e+00 -1.684931945800781e+01
