type      = 1 # LINEAR_RAS_TO_RAS
nxforms   = 1
mean      = 0.0000 0.0000 0.0000
sigma     = 1.0000
1 4 4
1.145058989524841e+00 1.026739999651909e-01 4.810199886560440e-02 2.927089929580688e-01 
-8.623199909925461e-02 1.088374018669128e+00 2.325019985437393e-01 -2.018241882324219e+00 
-1.852799952030182e-02 -1.914020031690598e-01 1.144986033439636e+00 -6.059418201446533e+00 
0.000000000000000e+00 0.000000000000000e+00 0.000000000000000e+00 1.000000000000000e+00 
src volume info
valid = 1  # volume info valid
filename = /out/sourcedata/freesurfer/sub-v1s17x0050254_ses-1/mri/orig_nu.mgz
volume = 256 256 256
voxelsize = 1.000000000000000e+00 1.000000000000000e+00 1.000000000000000e+00
xras   = -1.000000000000000e+00 -1.609350874787197e-09 -2.328306436538696e-10
yras   = 0.000000000000000e+00 -5.820766091346741e-11 -1.000000000000000e+00
zras   = 1.609578248462640e-09 1.000000000000000e+00 -5.820766091346741e-11
cras   = 9.664001464843750e-01 3.634963989257812e+00 -1.684931945800781e+01
dst volume info
valid = 1  # volume info valid
filename = /opt/freesurfer/average/mni305.cor.mgz
volume = 256 256 256
voxelsize = 1.000000000000000e+00 1.000000000000000e+00 1.000000000000000e+00
xras   = -1.000000000000000e+00 0.000000000000000e+00 0.000000000000000e+00
yras   = 0.000000000000000e+00 0.000000000000000e+00 -1.000000000000000e+00
zras   = 0.000000000000000e+00 1.000000000000000e+00 0.000000000000000e+00
cras   = 0.000000000000000e+00 0.000000000000000e+00 0.000000000000000e+00
subject fsaverage
fscale 0.100000
