# transform file transforms/talairach.lta
# created by oesteban on Mon Mar  9 02:26:09 2026

type      = 0 # LINEAR_VOX_TO_VOX
nxforms   = 1
mean      = 127.0000 110.0000 108.0000
sigma     = 10000.0000
1 4 4
1.031682133674622e+00 4.761629924178123e-02 -1.060502976179123e-01 6.994919776916504e-01 
-3.307465836405754e-02 1.167525649070740e+00 1.884434372186661e-01 -1.419012737274170e+01 
1.497196853160858e-01 -1.272016316652298e-01 1.039884090423584e+00 -6.606438159942627e+00 
0.000000000000000e+00 0.000000000000000e+00 0.000000000000000e+00 1.000000000000000e+00 
src volume info
valid = 1  # volume info valid
filename = nu.mgz
volume = 256 256 256
voxelsize = 1.000000000000000e+00 1.000000000000000e+00 1.000000000000000e+00
xras   = -1.000000000000000e+00 -1.609350874787197e-09 -2.328306436538696e-10
yras   = 0.000000000000000e+00 -5.820766091346741e-11 -1.000000000000000e+00
zras   = 1.609578248462640e-09 1.000000000000000e+00 -5.820766091346741e-11
cras   = 9.664001464843750e-01 3.634963989257812e+00 -1.684931945800781e+01
dst volume info
valid = 1  # volume info valid
filename = /opt/freesurfer/average/RB_all_2020-01-02.gca
volume = 256 256 256
voxelsize = 1.000000000000000e+00 1.000000000000000e+00 1.000000000000000e+00
xras   = -1.000000000000000e+00 0.000000000000000e+00 0.000000000000000e+00
yras   = 0.000000000000000e+00 0.000000000000000e+00 -1.000000000000000e+00
zras   = 0.000000000000000e+00 1.000000000000000e+00 0.000000000000000e+00
cras   = 0.000000000000000e+00 0.000000000000000e+00 0.000000000000000e+00
