# transform file /out/sourcedata/freesurfer/sub-v1s17x0050259_ses-1/mri/transforms/cc_up.lta
# created by oesteban on Mon Mar  9 03:23:23 2026

type      = 0 # LINEAR_VOX_TO_VOX
nxforms   = 1
mean      = 129.0000 121.0000 125.0000
sigma     = 10000.0000
1 4 4
9.990530014038086e-01 2.097521722316742e-02 3.811818361282349e-02 -7.641112327575684e+00 
-2.095996588468552e-02 9.997799992561340e-01 -7.997131324373186e-04 2.282195472717285e+01 
-3.812657296657562e-02 5.820765397457350e-11 9.992728233337402e-01 1.500412464141846e+01 
0.000000000000000e+00 0.000000000000000e+00 0.000000000000000e+00 1.000000000000000e+00 
src volume info
valid = 1  # volume info valid
filename = /out/sourcedata/freesurfer/sub-v1s17x0050259_ses-1/mri/norm.mgz
volume = 256 256 256
voxelsize = 1.000000000000000e+00 1.000000000000000e+00 1.000000000000000e+00
xras   = -1.000000000000000e+00 -2.793967723846436e-09 0.000000000000000e+00
yras   = 3.725290298461914e-09 0.000000000000000e+00 -1.000000000000000e+00
zras   = -9.022187441587448e-10 9.999999403953552e-01 -4.656612873077393e-10
cras   = -1.628799438476562e+00 -1.387935638427734e+01 -1.630187988281250e+00
dst volume info
valid = 1  # volume info valid
filename = /out/sourcedata/freesurfer/sub-v1s17x0050259_ses-1/mri/norm.mgz
volume = 256 256 256
voxelsize = 1.000000000000000e+00 1.000000000000000e+00 1.000000000000000e+00
xras   = -1.000000000000000e+00 -2.793967723846436e-09 0.000000000000000e+00
yras   = 3.725290298461914e-09 0.000000000000000e+00 -1.000000000000000e+00
zras   = -9.022187441587448e-10 9.999999403953552e-01 -4.656612873077393e-10
cras   = -1.628799438476562e+00 -1.387935638427734e+01 -1.630187988281250e+00
