# transform file transforms/talairach.lta
# created by oesteban on Mon Mar  9 02:26:53 2026

type      = 0 # LINEAR_VOX_TO_VOX
nxforms   = 1
mean      = 129.0000 121.0000 125.0000
sigma     = 10000.0000
1 4 4
1.051590085029602e+00 -1.572127803228796e-04 5.128189548850060e-02 -1.483778285980225e+01 
-1.430185366189107e-04 1.150770187377930e+00 5.629369057714939e-03 -1.540277671813965e+01 
-4.696635156869888e-02 -7.022466976195574e-03 9.418501257896423e-01 1.140886545181274e+00 
0.000000000000000e+00 0.000000000000000e+00 0.000000000000000e+00 1.000000000000000e+00 
src volume info
valid = 1  # volume info valid
filename = nu.mgz
volume = 256 256 256
voxelsize = 1.000000000000000e+00 1.000000000000000e+00 1.000000000000000e+00
xras   = -1.000000000000000e+00 -2.793967723846436e-09 0.000000000000000e+00
yras   = 3.725290298461914e-09 0.000000000000000e+00 -1.000000000000000e+00
zras   = -9.022187441587448e-10 9.999999403953552e-01 -4.656612873077393e-10
cras   = -1.628799438476562e+00 -1.387935638427734e+01 -1.630187988281250e+00
dst volume info
valid = 1  # volume info valid
filename = /opt/freesurfer/average/RB_all_2020-01-02.gca
volume = 256 256 256
voxelsize = 1.000000000000000e+00 1.000000000000000e+00 1.000000000000000e+00
xras   = -1.000000000000000e+00 0.000000000000000e+00 0.000000000000000e+00
yras   = 0.000000000000000e+00 0.000000000000000e+00 -1.000000000000000e+00
zras   = 0.000000000000000e+00 1.000000000000000e+00 0.000000000000000e+00
cras   = 0.000000000000000e+00 0.000000000000000e+00 0.000000000000000e+00
