#Insight Transform File V1.0
#Transform 0
Transform: AffineTransform_float_3_3
Parameters: 0.999996 0.00126511 -0.00241443 -0.00126266 0.999999 0.00120585 0.00241586 -0.0012023 0.999996 -0.0199238 0.0287532 -0.0983195
FixedParameters: 0 0 0

#Transform 1
Transform: AffineTransform_float_3_3
Parameters: 0.999995 0.00118874 -0.00296932 -0.00118976 0.999999 -0.000155689 0.00296984 0.000158778 0.999996 -0.0462405 0.0271101 -0.042284
FixedParameters: 0 0 0

#Transform 2
Transform: AffineTransform_float_3_3
Parameters: 0.999999 -0.000286961 -0.00179184 0.000286636 1 -0.00034113 0.0017919 0.000340668 0.999999 0.0345071 0.0716284 -0.111883
FixedParameters: 0 0 0

#Transform 3
Transform: AffineTransform_float_3_3
Parameters: 0.999999 -5.31493e-05 -0.000858014 5.22272e-05 1 -0.00113702 0.000857972 0.00113597 0.999999 0.0303734 0.0615603 -0.152345
FixedParameters: 0 0 0

#Transform 4
Transform: AffineTransform_float_3_3
Parameters: 1 -0.000167223 -0.00106176 0.000166166 1 -0.000963439 0.00106194 0.000963087 0.999999 -0.0125616 0.030265 -0.0553419
FixedParameters: 0 0 0

#Transform 5
Transform: AffineTransform_float_3_3
Parameters: 0.999999 0.000399871 -0.000857898 -0.000400785 0.999999 -0.00121502 0.000857753 0.00121473 0.999999 0.0060131 0.0965392 -0.114056
FixedParameters: 0 0 0

#Transform 6
Transform: AffineTransform_float_3_3
Parameters: 1 0.000187531 -0.00062739 -0.000188651 0.999998 -0.00186924 0.00062754 0.00186945 0.999998 -0.00198336 0.00639475 -0.0933947
FixedParameters: 0 0 0

#Transform 7
Transform: AffineTransform_float_3_3
Parameters: 0.999999 0.000242539 -0.000851742 -0.000243321 1 -0.0010675 0.000851084 0.00106792 0.999999 0.00608931 0.0594336 -0.130096
FixedParameters: 0 0 0

#Transform 8
Transform: AffineTransform_float_3_3
Parameters: 1 0.000348971 -0.00104991 -0.000350504 0.999999 -0.00126854 0.00104987 0.00126925 0.999998 -0.0755751 -0.0270132 -0.016855
FixedParameters: 0 0 0

#Transform 9
Transform: AffineTransform_float_3_3
Parameters: 1 -2.50451e-05 -0.000719787 2.2982e-05 0.999996 -0.00306881 0.000720653 0.00306875 0.999995 -0.0604978 -0.0645726 -0.0827682
FixedParameters: 0 0 0

#Transform 10
Transform: AffineTransform_float_3_3
Parameters: 1 7.87361e-05 -0.000391806 -8.02153e-05 0.999994 -0.00351654 0.000391122 0.00351661 0.999993 -0.0266112 0.0147012 -0.213325
FixedParameters: 0 0 0

#Transform 11
Transform: AffineTransform_float_3_3
Parameters: 1 0.000222498 -0.000214825 -0.000223444 0.999996 -0.00254026 0.000213701 0.00254035 0.999997 -0.045866 -0.035019 -0.131275
FixedParameters: 0 0 0

#Transform 12
Transform: AffineTransform_float_3_3
Parameters: 1 0.000519261 0.00091109 -0.00051748 0.999997 -0.00246801 -0.000912195 0.00246827 0.999997 -0.0106411 0.00916379 -0.112777
FixedParameters: 0 0 0

#Transform 13
Transform: AffineTransform_float_3_3
Parameters: 1 0.000381071 9.06161e-05 -0.000381579 0.999998 -0.00207127 -9.20256e-05 0.00207216 0.999998 0.0158934 -0.0526472 -0.100207
FixedParameters: 0 0 0

#Transform 14
Transform: AffineTransform_float_3_3
Parameters: 0.999999 0.000823234 0.000383127 -0.000821677 0.999996 -0.00268509 -0.000385388 0.00268536 0.999996 -0.0165513 -0.0351805 -0.101969
FixedParameters: 0 0 0

#Transform 15
Transform: AffineTransform_float_3_3
Parameters: 1 0.0006429 -3.62858e-05 -0.000643501 0.999992 -0.00397939 3.3311e-05 0.00397938 0.999992 -0.0297045 0.0166129 -0.0803044
FixedParameters: 0 0 0

#Transform 16
Transform: AffineTransform_float_3_3
Parameters: 1 0.0006663 0.000151551 -0.00066581 0.999995 -0.00313669 -0.000153594 0.00313644 0.999995 0.0159 0.0541969 -0.179084
FixedParameters: 0 0 0

#Transform 17
Transform: AffineTransform_float_3_3
Parameters: 1 0.000521545 -0.000207277 -0.000521557 1 -0.000370328 0.00020788 0.000370521 1 0.0168934 0.0550509 -0.036678
FixedParameters: 0 0 0

#Transform 18
Transform: AffineTransform_float_3_3
Parameters: 1 0.000569307 -0.000856556 -0.000568832 1 -0.000354438 0.000856997 0.000355392 0.999999 0.0340382 0.00749233 -0.052908
FixedParameters: 0 0 0

#Transform 19
Transform: AffineTransform_float_3_3
Parameters: 1 -0.000132875 -0.000211898 0.000132309 0.999999 -0.00144658 0.000212285 0.00144653 0.999999 0.0384419 -0.0177324 -0.0639523
FixedParameters: 0 0 0

#Transform 20
Transform: AffineTransform_float_3_3
Parameters: 1 0.000152619 -0.000223598 -0.000152705 1 -0.000192486 0.00022354 0.000192555 1 0.000948929 0.0056629 -0.00472703
FixedParameters: 0 0 0

#Transform 21
Transform: AffineTransform_float_3_3
Parameters: 1 -0.000134366 -0.000183264 0.000134279 1 -0.000235925 0.000183328 0.000235876 1 0.0320551 0.00367344 -0.024894
FixedParameters: 0 0 0

#Transform 22
Transform: AffineTransform_float_3_3
Parameters: 1 0.000135878 -0.00113687 -0.00013551 1 0.000185595 0.0011369 -0.000185964 1 -0.0148759 -0.0497851 0.0361065
FixedParameters: 0 0 0

#Transform 23
Transform: AffineTransform_float_3_3
Parameters: 0.999995 2.96352e-05 -0.00311663 -2.36749e-05 0.999999 0.00177334 0.00311742 -0.00177398 0.999993 -0.0178141 -0.0253087 0.0735829
FixedParameters: 0 0 0

#Transform 24
Transform: AffineTransform_float_3_3
Parameters: 0.999999 0.000382351 -0.00117333 -0.000381781 0.999999 0.000687257 0.00117398 -0.00068704 0.999999 -0.0246395 -0.0660012 0.00611699
FixedParameters: 0 0 0

#Transform 25
Transform: AffineTransform_float_3_3
Parameters: 1 0.000160513 -0.000645113 -0.000159136 0.999999 0.00175918 0.000645823 -0.00175897 0.999998 -0.00513689 -0.0316206 0.0372
FixedParameters: 0 0 0

#Transform 26
Transform: AffineTransform_float_3_3
Parameters: 1 4.83325e-05 -0.000348257 -4.75635e-05 1 0.00103566 0.000348359 -0.00103563 1 0.0154041 -0.0265854 0.00503174
FixedParameters: 0 0 0

#Transform 27
Transform: AffineTransform_float_3_3
Parameters: 1 -0.000118875 -8.14569e-05 0.000118808 1 -0.000410358 8.15544e-05 0.000410338 1 0.00563525 -0.0476358 -0.0348637
FixedParameters: 0 0 0

#Transform 28
Transform: AffineTransform_float_3_3
Parameters: 0.999999 0.000683817 -0.000702866 -0.000683937 1 -0.000918086 0.000702438 0.000918066 1 -0.0197117 0.0534149 -0.113151
FixedParameters: 0 0 0

#Transform 29
Transform: AffineTransform_float_3_3
Parameters: 1 0.000621757 -7.69262e-05 -0.000621769 0.999999 -0.00131863 7.62788e-05 0.0013187 0.999999 -0.022367 -0.023713 -0.0374375
FixedParameters: 0 0 0

#Transform 30
Transform: AffineTransform_float_3_3
Parameters: 1 0.00105594 0.000535124 -0.00105541 0.999998 -0.0012812 -0.000536675 0.001281 0.999999 -0.0604926 -0.0223446 -0.0146837
FixedParameters: 0 0 0

#Transform 31
Transform: AffineTransform_float_3_3
Parameters: 1 0.000745968 0.000764348 -0.000745165 0.999999 -0.00168821 -0.000765565 0.001688 0.999998 -0.0597835 -0.0225133 -0.0537693
FixedParameters: 0 0 0

#Transform 32
Transform: AffineTransform_float_3_3
Parameters: 0.999999 0.000803121 0.000985558 -0.000800725 0.999998 -0.00164343 -0.000987051 0.00164211 0.999998 -0.0496159 -0.0223746 -0.0473869
FixedParameters: 0 0 0

#Transform 33
Transform: AffineTransform_float_3_3
Parameters: 0.999999 0.000554189 0.00136685 -0.000551695 0.999998 -0.00192392 -0.00136753 0.00192362 0.999997 -0.0318667 -0.00256139 -0.0856368
FixedParameters: 0 0 0

#Transform 34
Transform: AffineTransform_float_3_3
Parameters: 0.999999 0.000906176 0.00126805 -0.000903386 0.999998 -0.00217169 -0.00127054 0.00217032 0.999997 -0.0489476 0.026195 -0.0148654
FixedParameters: 0 0 0

#Transform 35
Transform: AffineTransform_float_3_3
Parameters: 1 0.000419021 0.000360777 -0.000417532 0.999991 -0.00406732 -0.000362882 0.00406699 0.999991 -0.0447021 0.116931 -0.152134
FixedParameters: 0 0 0

#Transform 36
Transform: AffineTransform_float_3_3
Parameters: 0.999999 0.000478702 0.000767678 -0.000475882 0.999992 -0.00397711 -0.000768903 0.00397632 0.999992 0.0208236 0.0727794 -0.188275
FixedParameters: 0 0 0

#Transform 37
Transform: AffineTransform_float_3_3
Parameters: 1 0.000388777 0.000701931 -0.000385759 0.99999 -0.00445073 -0.000702781 0.00445109 0.99999 -0.00387337 -0.0159199 -0.183822
FixedParameters: 0 0 0

#Transform 38
Transform: AffineTransform_float_3_3
Parameters: 0.999996 -8.13719e-05 0.00279552 8.94171e-05 0.999997 -0.00272754 -0.00279602 0.00272822 0.999993 0.0238784 0.0537385 -0.123915
FixedParameters: 0 0 0

#Transform 39
Transform: AffineTransform_float_3_3
Parameters: 0.999996 0.000426059 0.0026936 -0.00041581 0.999992 -0.00389315 -0.00269527 0.00389199 0.999989 0.0157067 0.062411 -0.135699
FixedParameters: 0 0 0

#Transform 40
Transform: AffineTransform_float_3_3
Parameters: 0.999996 0.000587173 0.00267633 -0.000577579 0.999993 -0.00361789 -0.00267905 0.00361684 0.99999 0.0367927 0.00482429 -0.107332
FixedParameters: 0 0 0

#Transform 41
Transform: AffineTransform_float_3_3
Parameters: 0.999994 4.59233e-05 0.00355348 -2.88688e-05 0.999989 -0.00464488 -0.00355347 0.00464564 0.999983 0.0704109 -0.011123 -0.171597
FixedParameters: 0 0 0

#Transform 42
Transform: AffineTransform_float_3_3
Parameters: 0.999992 -0.00041581 0.00394664 0.000432119 0.999992 -0.00401966 -0.00394506 0.00402149 0.999985 0.0660065 0.0182156 -0.1225
FixedParameters: 0 0 0

#Transform 43
Transform: AffineTransform_float_3_3
Parameters: 0.999992 -0.000461661 0.00397139 0.000474801 0.999994 -0.0032219 -0.00396965 0.00322409 0.999987 0.0450186 0.00427703 -0.107254
FixedParameters: 0 0 0

#Transform 44
Transform: AffineTransform_float_3_3
Parameters: 0.999992 -0.000330639 0.00399796 0.000346211 0.999993 -0.00387619 -0.00399718 0.00387709 0.999984 0.0593315 0.0246086 -0.158069
FixedParameters: 0 0 0

#Transform 45
Transform: AffineTransform_float_3_3
Parameters: 0.999995 -0.000268117 0.00327482 0.000280175 0.999993 -0.0035676 -0.00327426 0.00356893 0.999988 0.0720597 0.065369 -0.17773
FixedParameters: 0 0 0

#Transform 46
Transform: AffineTransform_float_3_3
Parameters: 0.999993 -0.000142301 0.0037324 0.000154722 0.999994 -0.00330628 -0.0037317 0.0033065 0.999987 0.0328255 -0.0130441 -0.156277
FixedParameters: 0 0 0

#Transform 47
Transform: AffineTransform_float_3_3
Parameters: 0.999993 -0.000390073 0.00349587 0.000401211 0.999994 -0.00321828 -0.00349473 0.0032199 0.999989 0.0451777 0.050023 -0.169256
FixedParameters: 0 0 0

#Transform 48
Transform: AffineTransform_float_3_3
Parameters: 0.999991 -0.000174183 0.00427488 0.000193122 0.99999 -0.00446501 -0.00427351 0.00446532 0.999981 0.0443494 0.0555125 -0.217373
FixedParameters: 0 0 0

#Transform 49
Transform: AffineTransform_float_3_3
Parameters: 0.999994 0.000261075 0.00338684 -0.000242183 0.999985 -0.00551975 -0.00338784 0.00551876 0.999979 0.0785614 0.112835 -0.296004
FixedParameters: 0 0 0

#Transform 50
Transform: AffineTransform_float_3_3
Parameters: 0.999995 -3.6882e-05 0.003064 5.67761e-05 0.99998 -0.00627479 -0.00306364 0.0062746 0.999975 0.0782364 0.0245061 -0.238259
FixedParameters: 0 0 0

#Transform 51
Transform: AffineTransform_float_3_3
Parameters: 0.999994 8.97237e-05 0.00336104 -6.7446e-05 0.999978 -0.00664807 -0.00336172 0.00664734 0.999973 0.0821278 0.12553 -0.282674
FixedParameters: 0 0 0

#Transform 52
Transform: AffineTransform_float_3_3
Parameters: 0.999994 0.000120208 0.00359276 -9.7731e-05 0.999981 -0.0061404 -0.00359386 0.00614065 0.999974 0.0329468 0.0918004 -0.238118
FixedParameters: 0 0 0

#Transform 53
Transform: AffineTransform_float_3_3
Parameters: 0.999993 0.000120722 0.00360222 -9.89028e-05 0.999982 -0.00603458 -0.00360333 0.00603387 0.999976 0.0510595 0.0892425 -0.240987
FixedParameters: 0 0 0

#Transform 54
Transform: AffineTransform_float_3_3
Parameters: 0.999995 0.000413214 0.0032231 -0.000391988 0.999978 -0.00669947 -0.00322512 0.00669852 0.999973 0.0517018 0.132921 -0.285069
FixedParameters: 0 0 0

#Transform 55
Transform: AffineTransform_float_3_3
Parameters: 0.999993 0.000194454 0.00395363 -0.000161191 0.999965 -0.00837656 -0.00395559 0.00837675 0.999957 0.0512592 0.0966602 -0.309404
FixedParameters: 0 0 0

#Transform 56
Transform: AffineTransform_float_3_3
Parameters: 0.999995 0.000520185 0.00299282 -0.000493412 0.999961 -0.0088277 -0.00299763 0.0088263 0.999957 0.0287988 0.0915315 -0.238951
FixedParameters: 0 0 0

#Transform 57
Transform: AffineTransform_float_3_3
Parameters: 0.999996 0.000299255 0.00287741 -0.000270557 0.99995 -0.009969 -0.0028795 0.00996873 0.999946 0.0464035 0.11974 -0.381772
FixedParameters: 0 0 0

#Transform 58
Transform: AffineTransform_float_3_3
Parameters: 0.999985 -0.00179272 0.0050931 0.00184868 0.999938 -0.0110295 -0.00507287 0.0110387 0.999926 0.108892 0.139886 -0.358949
FixedParameters: 0 0 0

#Transform 59
Transform: AffineTransform_float_3_3
Parameters: 0.999982 -0.00235962 0.00558132 0.00242989 0.999918 -0.0125978 -0.00555097 0.0126109 0.999906 0.152385 0.142634 -0.477831
FixedParameters: 0 0 0

#Transform 60
Transform: AffineTransform_float_3_3
Parameters: 0.999984 -0.00199652 0.00535336 0.0020637 0.999919 -0.0125966 -0.00532848 0.0126074 0.999907 0.148138 0.121277 -0.444374
FixedParameters: 0 0 0

#Transform 61
Transform: AffineTransform_float_3_3
Parameters: 0.999989 -0.00119902 0.00448464 0.00123977 0.999958 -0.00907691 -0.00447364 0.00908274 0.999948 0.102563 0.181581 -0.152576
FixedParameters: 0 0 0

#Transform 62
Transform: AffineTransform_float_3_3
Parameters: 0.999996 -0.00097593 0.00264159 0.000999138 0.999958 -0.00910563 -0.00263285 0.00910878 0.999954 0.186441 0.172124 -0.192047
FixedParameters: 0 0 0

#Transform 63
Transform: AffineTransform_float_3_3
Parameters: 0.999995 -0.00145285 0.00287173 0.00148163 0.999947 -0.0101212 -0.00285664 0.010126 0.999945 0.205463 0.146879 -0.371535
FixedParameters: 0 0 0

#Transform 64
Transform: AffineTransform_float_3_3
Parameters: 0.999993 -0.00115579 0.00337601 0.0011982 0.999922 -0.0124093 -0.00336146 0.0124143 0.999917 0.133517 0.0806977 -0.291552
FixedParameters: 0 0 0

#Transform 65
Transform: AffineTransform_float_3_3
Parameters: 0.999996 -0.000821558 0.00257698 0.000850098 0.999937 -0.0111658 -0.00256777 0.0111683 0.999934 0.130411 0.132203 -0.291622
FixedParameters: 0 0 0

#Transform 66
Transform: AffineTransform_float_3_3
Parameters: 0.999994 -0.00106752 0.00348473 0.00110659 0.999938 -0.0110246 -0.00347309 0.0110282 0.999933 0.130927 0.0714003 -0.336357
FixedParameters: 0 0 0

#Transform 67
Transform: AffineTransform_float_3_3
Parameters: 0.999993 -0.00121223 0.00331321 0.00125454 0.999918 -0.012769 -0.00329724 0.012773 0.999913 0.148315 0.0978247 -0.368958
FixedParameters: 0 0 0

#Transform 68
Transform: AffineTransform_float_3_3
Parameters: 0.999992 -0.0016282 0.00383104 0.00167404 0.999926 -0.0120572 -0.00381133 0.0120641 0.99992 0.15718 0.0664812 -0.326736
FixedParameters: 0 0 0

#Transform 69
Transform: AffineTransform_float_3_3
Parameters: 0.999991 -0.00165823 0.00385333 0.00170529 0.999923 -0.0122766 -0.003833 0.0122829 0.999918 0.157646 0.136767 -0.385364
FixedParameters: 0 0 0

#Transform 70
Transform: AffineTransform_float_3_3
Parameters: 0.999991 -0.00156181 0.0037721 0.00160964 0.999918 -0.0127182 -0.00375156 0.0127244 0.999912 0.149492 0.0672874 -0.299202
FixedParameters: 0 0 0

#Transform 71
Transform: AffineTransform_float_3_3
Parameters: 0.999993 -0.00195135 0.00317604 0.00199328 0.999912 -0.0131529 -0.00314991 0.0131586 0.999908 0.165914 0.176597 -0.321757
FixedParameters: 0 0 0

#Transform 72
Transform: AffineTransform_float_3_3
Parameters: 0.999992 -0.00132828 0.00371642 0.00136891 0.99994 -0.0108872 -0.00370209 0.0108923 0.999934 0.120146 0.0829976 -0.290988
FixedParameters: 0 0 0

#Transform 73
Transform: AffineTransform_float_3_3
Parameters: 0.99999 -0.0018503 0.0040184 0.00188929 0.999952 -0.00961809 -0.00399998 0.00962537 0.999946 0.164418 0.117523 -0.321127
FixedParameters: 0 0 0

#Transform 74
Transform: AffineTransform_float_3_3
Parameters: 0.999988 -0.00234187 0.00445192 0.00238568 0.999948 -0.00987599 -0.00442805 0.00988652 0.999941 0.157169 0.0812795 -0.237733
FixedParameters: 0 0 0

#Transform 75
Transform: AffineTransform_float_3_3
Parameters: 0.999994 -0.0019034 0.00274018 0.0019301 0.99995 -0.00981671 -0.0027216 0.0098222 0.999948 0.121188 0.138762 -0.226321
FixedParameters: 0 0 0

#Transform 76
Transform: AffineTransform_float_3_3
Parameters: 0.999989 -0.00240646 0.00398719 0.00244937 0.99994 -0.0106663 -0.00396144 0.0106756 0.999935 0.130587 0.0536943 -0.306451
FixedParameters: 0 0 0

#Transform 77
Transform: AffineTransform_float_3_3
Parameters: 0.999988 -0.00236082 0.00424387 0.0024089 0.999933 -0.0113271 -0.00421702 0.0113363 0.999927 0.148571 0.116081 -0.299845
FixedParameters: 0 0 0

#Transform 78
Transform: AffineTransform_float_3_3
Parameters: 0.999985 -0.00243179 0.00481348 0.0024912 0.999921 -0.0123288 -0.00478333 0.0123405 0.999913 0.171524 0.10742 -0.416989
FixedParameters: 0 0 0

#Transform 79
Transform: AffineTransform_float_3_3
Parameters: 0.999986 -0.00220814 0.00491048 0.0022629 0.999935 -0.0111803 -0.00488568 0.0111914 0.999926 0.196973 0.164482 -0.449334
FixedParameters: 0 0 0

#Transform 80
Transform: AffineTransform_float_3_3
Parameters: 0.99999 -0.00182568 0.0038992 0.00186881 0.999937 -0.011057 -0.00387909 0.0110645 0.999931 0.221222 0.19663 -0.506176
FixedParameters: 0 0 0

#Transform 81
Transform: AffineTransform_float_3_3
Parameters: 0.999988 -0.00204867 0.00455879 0.00209748 0.999941 -0.0106933 -0.00453652 0.010703 0.999932 0.153886 0.0981685 -0.276121
FixedParameters: 0 0 0

#Transform 82
Transform: AffineTransform_float_3_3
Parameters: 0.999987 -0.0023118 0.00462027 0.00235999 0.999944 -0.0103228 -0.00459644 0.0103329 0.999936 0.155999 0.122442 -0.319951
FixedParameters: 0 0 0

#Transform 83
Transform: AffineTransform_float_3_3
Parameters: 0.999985 -0.00186417 0.00513899 0.00192586 0.999926 -0.0119794 -0.00511675 0.0119886 0.999915 0.163837 0.135711 -0.329845
FixedParameters: 0 0 0

#Transform 84
Transform: AffineTransform_float_3_3
Parameters: 0.999974 -0.00348195 0.00621986 0.00356021 0.999915 -0.012541 -0.00617583 0.0125629 0.999902 0.221646 0.186893 -0.433946
FixedParameters: 0 0 0

#Transform 85
Transform: AffineTransform_float_3_3
Parameters: 0.999975 -0.00292967 0.00653937 0.00301357 0.999914 -0.0127468 -0.00650106 0.012766 0.999897 0.176148 0.113058 -0.370267
FixedParameters: 0 0 0

#Transform 86
Transform: AffineTransform_float_3_3
Parameters: 0.999974 -0.00290821 0.00670265 0.00299171 0.999917 -0.0125612 -0.0066657 0.0125813 0.999899 0.186442 0.114132 -0.45881
FixedParameters: 0 0 0

#Transform 87
Transform: AffineTransform_float_3_3
Parameters: 0.99998 -0.00283067 0.00577788 0.00291093 0.999897 -0.0140652 -0.00573744 0.0140818 0.999885 0.197083 0.242998 -0.623353
FixedParameters: 0 0 0

#Transform 88
Transform: AffineTransform_float_3_3
Parameters: 0.999981 -0.00251389 0.00576842 0.00258749 0.999914 -0.0128522 -0.00573526 0.012867 0.999901 0.169631 0.0949442 -0.45058
FixedParameters: 0 0 0

#Transform 89
Transform: AffineTransform_float_3_3
Parameters: 0.999982 -0.00372779 0.00479391 0.00377016 0.999955 -0.00869986 -0.0047613 0.008718 0.99995 0.19402 0.141772 -0.277079
FixedParameters: 0 0 0

#Transform 90
Transform: AffineTransform_float_3_3
Parameters: 0.999977 -0.00368748 0.00573278 0.00374618 0.999939 -0.0104033 -0.0056933 0.0104249 0.999929 0.190337 0.120701 -0.351921
FixedParameters: 0 0 0

#Transform 91
Transform: AffineTransform_float_3_3
Parameters: 0.99998 -0.00332135 0.00542503 0.00336152 0.999969 -0.00723617 -0.0054007 0.00725491 0.999959 0.191041 0.0938877 -0.272331
FixedParameters: 0 0 0

#Transform 92
Transform: AffineTransform_float_3_3
Parameters: 0.999979 -0.00378333 0.00527324 0.00381726 0.999972 -0.00649548 -0.00524854 0.00651527 0.999965 0.171352 0.0258723 -0.239084
FixedParameters: 0 0 0

#Transform 93
Transform: AffineTransform_float_3_3
Parameters: 0.999983 -0.00330286 0.00466697 0.00333884 0.999965 -0.00773433 -0.00464085 0.00774987 0.999959 0.157821 0.0745135 -0.246336
FixedParameters: 0 0 0

#Transform 94
Transform: AffineTransform_float_3_3
Parameters: 0.999982 -0.00309155 0.00514425 0.00312688 0.999972 -0.00683729 -0.00512319 0.00685363 0.999963 0.16193 0.0427336 -0.298181
FixedParameters: 0 0 0

#Transform 95
Transform: AffineTransform_float_3_3
Parameters: 0.999984 -0.00327655 0.00476645 0.00331107 0.999969 -0.00720322 -0.00474255 0.0072194 0.999963 0.160121 0.0692868 -0.23082
FixedParameters: 0 0 0

#Transform 96
Transform: AffineTransform_float_3_3
Parameters: 0.999986 -0.00301452 0.00422709 0.00304986 0.99996 -0.0084244 -0.00420118 0.00843745 0.999955 0.159209 0.120494 -0.303505
FixedParameters: 0 0 0

#Transform 97
Transform: AffineTransform_float_3_3
Parameters: 0.99999 -0.00239598 0.00371422 0.00242337 0.999971 -0.00718395 -0.00369709 0.00719323 0.999967 0.143456 0.0516252 -0.249662
FixedParameters: 0 0 0

#Transform 98
Transform: AffineTransform_float_3_3
Parameters: 0.999989 -0.00226413 0.00400874 0.00229669 0.999966 -0.00792463 -0.00399134 0.00793462 0.99996 0.148591 0.180654 -0.295189
FixedParameters: 0 0 0

#Transform 99
Transform: AffineTransform_float_3_3
Parameters: 0.999989 -0.00225429 0.00419123 0.00228805 0.999965 -0.00807846 -0.00417286 0.00808851 0.999959 0.105232 0.0827852 -0.272009
FixedParameters: 0 0 0

#Transform 100
Transform: AffineTransform_float_3_3
Parameters: 0.999988 -0.00289075 0.00390989 0.00291302 0.99998 -0.00569874 -0.00389399 0.00570935 0.999976 0.124056 0.0334394 -0.143817
FixedParameters: 0 0 0

#Transform 101
Transform: AffineTransform_float_3_3
Parameters: 0.999988 -0.00256097 0.00413575 0.00259736 0.999959 -0.00867077 -0.00411318 0.00868167 0.999953 0.126246 0.0545798 -0.220129
FixedParameters: 0 0 0

#Transform 102
Transform: AffineTransform_float_3_3
Parameters: 0.999991 -0.0021029 0.00357686 0.00213423 0.999958 -0.00892512 -0.00355746 0.00893265 0.999954 0.0946473 0.0431972 -0.190371
FixedParameters: 0 0 0

#Transform 103
Transform: AffineTransform_float_3_3
Parameters: 0.999991 -0.00212776 0.00372624 0.0021614 0.999957 -0.00902831 -0.00370677 0.00903669 0.999952 0.132443 0.0979078 -0.193815
FixedParameters: 0 0 0

#Transform 104
Transform: AffineTransform_float_3_3
Parameters: 0.999994 -0.00205938 0.00288483 0.00208454 0.999961 -0.00860546 -0.00286771 0.00861114 0.999959 0.122686 0.0177638 -0.20326
FixedParameters: 0 0 0

#Transform 105
Transform: AffineTransform_float_3_3
Parameters: 0.999993 -0.00203003 0.00317659 0.00206231 0.999948 -0.01001 -0.00315609 0.0100171 0.999945 0.126906 0.142486 -0.320436
FixedParameters: 0 0 0

#Transform 106
Transform: AffineTransform_float_3_3
Parameters: 0.999985 -0.00272711 0.0047143 0.00277584 0.999942 -0.0103443 -0.00468559 0.0103579 0.999936 0.105191 0.0770885 -0.238345
FixedParameters: 0 0 0

#Transform 107
Transform: AffineTransform_float_3_3
Parameters: 0.999986 -0.00278762 0.00434801 0.00283089 0.999947 -0.00989878 -0.00432049 0.00991099 0.999941 0.135937 0.0752491 -0.22737
FixedParameters: 0 0 0

#Transform 108
Transform: AffineTransform_float_3_3
Parameters: 0.999982 -0.00313568 0.00521619 0.00318965 0.999943 -0.0102102 -0.00518347 0.0102259 0.999934 0.139797 0.0376773 -0.241954
FixedParameters: 0 0 0

#Transform 109
Transform: AffineTransform_float_3_3
Parameters: 0.999976 -0.00328416 0.00606694 0.00334411 0.999945 -0.00989529 -0.00603428 0.00991454 0.999933 0.152557 0.0882386 -0.308523
FixedParameters: 0 0 0

#Transform 110
Transform: AffineTransform_float_3_3
Parameters: 0.999982 -0.00324874 0.00499484 0.00330004 0.999943 -0.0102074 -0.00496111 0.0102235 0.999936 0.183166 0.11885 -0.378547
FixedParameters: 0 0 0

#Transform 111
Transform: AffineTransform_float_3_3
Parameters: 0.999983 -0.00308395 0.00498548 0.00314107 0.99993 -0.011396 -0.00494971 0.0114117 0.999923 0.162648 0.0913641 -0.32985
FixedParameters: 0 0 0

#Transform 112
Transform: AffineTransform_float_3_3
Parameters: 0.999982 -0.00303881 0.00522328 0.00310291 0.999921 -0.0122251 -0.00518631 0.0122412 0.999912 0.158651 0.131475 -0.45723
FixedParameters: 0 0 0

#Transform 113
Transform: AffineTransform_float_3_3
Parameters: 0.999982 -0.00304275 0.00526483 0.00310178 0.999932 -0.0111745 -0.00523107 0.0111912 0.999924 0.130947 0.121563 -0.355635
FixedParameters: 0 0 0

#Transform 114
Transform: AffineTransform_float_3_3
Parameters: 0.999986 -0.00263563 0.00452831 0.00269647 0.999905 -0.0134895 -0.00449153 0.0135022 0.999898 0.0854567 0.128139 -0.387682
FixedParameters: 0 0 0

#Transform 115
Transform: AffineTransform_float_3_3
Parameters: 0.99999 -0.00190907 0.00384781 0.00196076 0.999907 -0.0134402 -0.00382211 0.0134473 0.999902 0.0823821 0.122919 -0.429189
FixedParameters: 0 0 0

#Transform 116
Transform: AffineTransform_float_3_3
Parameters: 0.999989 -0.00211928 0.00421559 0.00217362 0.999912 -0.0131234 -0.00418702 0.013132 0.999906 0.122143 0.178132 -0.517015
FixedParameters: 0 0 0

#Transform 117
Transform: AffineTransform_float_3_3
Parameters: 0.999986 -0.00277508 0.00446483 0.00284094 0.999886 -0.014821 -0.00442292 0.0148338 0.99988 0.153951 0.170713 -0.456705
FixedParameters: 0 0 0

#Transform 118
Transform: AffineTransform_float_3_3
Parameters: 0.999985 -0.00277232 0.00474316 0.00284028 0.999892 -0.0144036 -0.0047024 0.0144172 0.999885 0.129451 0.0752483 -0.362167
FixedParameters: 0 0 0

#Transform 119
Transform: AffineTransform_float_3_3
Parameters: 0.999985 -0.0028707 0.00464034 0.00294983 0.999847 -0.0171928 -0.00459043 0.0172058 0.999841 0.151513 0.193247 -0.477557
FixedParameters: 0 0 0

#Transform 120
Transform: AffineTransform_float_3_3
Parameters: 0.999986 -0.00290884 0.00432817 0.00298324 0.999846 -0.0173045 -0.00427803 0.0173174 0.999841 0.14659 0.1773 -0.49422
FixedParameters: 0 0 0

#Transform 121
Transform: AffineTransform_float_3_3
Parameters: 0.999989 -0.0024689 0.00394431 0.00254042 0.999829 -0.0182829 -0.00389863 0.0182931 0.999825 0.118906 0.112799 -0.529322
FixedParameters: 0 0 0

#Transform 122
Transform: AffineTransform_float_3_3
Parameters: 0.999984 -0.00293201 0.00475644 0.0030291 0.999784 -0.0205725 -0.00469493 0.0205864 0.999778 0.155388 0.144268 -0.530566
FixedParameters: 0 0 0

#Transform 123
Transform: AffineTransform_float_3_3
Parameters: 0.999985 -0.00304806 0.00465331 0.0031438 0.99978 -0.0207061 -0.00458946 0.0207212 0.999775 0.165392 0.135095 -0.587452
FixedParameters: 0 0 0

#Transform 124
Transform: AffineTransform_float_3_3
Parameters: 0.999982 -0.00290206 0.00513914 0.00300941 0.999774 -0.0210125 -0.00507761 0.0210268 0.999766 0.159493 0.173171 -0.446857
FixedParameters: 0 0 0

#Transform 125
Transform: AffineTransform_float_3_3
Parameters: 0.999982 -0.00310644 0.00514996 0.00322007 0.999749 -0.0221851 -0.00508026 0.0222018 0.999741 0.129253 0.0911288 -0.624335
FixedParameters: 0 0 0

#Transform 126
Transform: AffineTransform_float_3_3
Parameters: 0.999984 -0.00320541 0.00457799 0.00329948 0.999783 -0.0205983 -0.00451179 0.0206129 0.999777 0.146638 0.112317 -0.583301
FixedParameters: 0 0 0

#Transform 127
Transform: AffineTransform_float_3_3
Parameters: 0.999976 -0.00328459 0.00598841 0.00340448 0.999794 -0.0199946 -0.00592214 0.0200145 0.999782 0.143753 0.15918 -0.556447
FixedParameters: 0 0 0

#Transform 128
Transform: AffineTransform_float_3_3
Parameters: 0.999977 -0.00330661 0.00580063 0.00342694 0.999777 -0.020826 -0.00573053 0.0208446 0.999766 0.16566 0.0728108 -0.601226
FixedParameters: 0 0 0

#Transform 129
Transform: AffineTransform_float_3_3
Parameters: 0.999983 -0.00270708 0.0051894 0.00280723 0.999805 -0.0195238 -0.00513541 0.0195387 0.999796 0.164457 0.180826 -0.557835
FixedParameters: 0 0 0

#Transform 130
Transform: AffineTransform_float_3_3
Parameters: 0.999981 -0.00310168 0.00529044 0.00321577 0.999761 -0.02165 -0.00522142 0.0216663 0.999751 0.144728 0.121318 -0.701886
FixedParameters: 0 0 0

#Transform 131
Transform: AffineTransform_float_3_3
Parameters: 0.999982 -0.00265682 0.005221 0.00278065 0.999709 -0.0239636 -0.00515625 0.0239775 0.999699 0.13367 0.0727522 -0.715158
FixedParameters: 0 0 0

#Transform 132
Transform: AffineTransform_float_3_3
Parameters: 0.99998 -0.00353796 0.00520807 0.00365344 0.999745 -0.0222668 -0.00512856 0.0222849 0.999738 0.200445 0.190571 -0.656659
FixedParameters: 0 0 0

#Transform 133
Transform: AffineTransform_float_3_3
Parameters: 0.999981 -0.00303981 0.00528098 0.00315419 0.999761 -0.0216088 -0.00521403 0.0216249 0.999753 0.167681 0.104209 -0.569845
FixedParameters: 0 0 0

#Transform 134
Transform: AffineTransform_float_3_3
Parameters: 0.999983 -0.00301034 0.00486817 0.00311811 0.999745 -0.022397 -0.00480014 0.0224114 0.999737 0.172447 0.159673 -0.659904
FixedParameters: 0 0 0

#Transform 135
Transform: AffineTransform_float_3_3
Parameters: 0.999982 -0.00308321 0.00519064 0.00319108 0.999775 -0.0209989 -0.0051244 0.0210152 0.999766 0.155322 0.0648635 -0.579696
FixedParameters: 0 0 0

#Transform 136
Transform: AffineTransform_float_3_3
Parameters: 0.999978 -0.00345788 0.005777 0.00358131 0.999763 -0.021459 -0.00570055 0.0214791 0.999753 0.166128 0.0969152 -0.611957
FixedParameters: 0 0 0

#Transform 137
Transform: AffineTransform_float_3_3
Parameters: 0.99998 -0.00353537 0.00523225 0.00365404 0.999735 -0.0227293 -0.00514998 0.0227478 0.999728 0.176033 0.0742118 -0.678679
FixedParameters: 0 0 0

#Transform 138
Transform: AffineTransform_float_3_3
Parameters: 0.999981 -0.00326423 0.00517565 0.00338463 0.999722 -0.0233113 -0.00509733 0.0233287 0.999715 0.171843 0.0808494 -0.661609
FixedParameters: 0 0 0

#Transform 139
Transform: AffineTransform_float_3_3
Parameters: 0.999981 -0.00325671 0.00526707 0.00337849 0.999725 -0.0232392 -0.00519025 0.0232572 0.999716 0.172326 0.142437 -0.589146
FixedParameters: 0 0 0

#Transform 140
Transform: AffineTransform_float_3_3
Parameters: 0.99998 -0.00329047 0.00529761 0.00340596 0.999752 -0.0220074 -0.00522462 0.0220249 0.999744 0.188373 0.0647699 -0.648212
FixedParameters: 0 0 0

#Transform 141
Transform: AffineTransform_float_3_3
Parameters: 0.999978 -0.00337385 0.00569538 0.00349674 0.999754 -0.0218687 -0.00562041 0.0218876 0.999745 0.185935 0.0779426 -0.603718
FixedParameters: 0 0 0

#Transform 142
Transform: AffineTransform_float_3_3
Parameters: 0.999979 -0.00350174 0.00540763 0.00362855 0.999716 -0.023551 -0.00532349 0.0235698 0.999708 0.191719 0.0957027 -0.62091
FixedParameters: 0 0 0

#Transform 143
Transform: AffineTransform_float_3_3
Parameters: 0.999975 -0.0036945 0.00608124 0.00383645 0.999714 -0.0235902 -0.00599207 0.0236131 0.999703 0.207685 0.0357041 -0.660214
FixedParameters: 0 0 0

#Transform 144
Transform: AffineTransform_float_3_3
Parameters: 0.999984 -0.00224946 0.00507131 0.00236807 0.999721 -0.0235161 -0.00501711 0.0235268 0.999711 0.173085 0.119395 -0.573696
FixedParameters: 0 0 0

#Transform 145
Transform: AffineTransform_float_3_3
Parameters: 0.999986 -0.00294917 0.00453705 0.00306509 0.999663 -0.0257971 -0.00445931 0.025811 0.999657 0.191091 0.121826 -0.725244
FixedParameters: 0 0 0

#Transform 146
Transform: AffineTransform_float_3_3
Parameters: 0.999984 -0.00360245 0.00450573 0.00371813 0.999659 -0.0258225 -0.00441154 0.0258396 0.999657 0.202591 0.0775155 -0.724981
FixedParameters: 0 0 0

#Transform 147
Transform: AffineTransform_float_3_3
Parameters: 0.99998 -0.00348166 0.0052292 0.00361446 0.999666 -0.025593 -0.00513798 0.0256112 0.999659 0.19292 0.110981 -0.669069
FixedParameters: 0 0 0

#Transform 148
Transform: AffineTransform_float_3_3
Parameters: 0.999977 -0.00395475 0.0055203 0.00409533 0.99966 -0.0257748 -0.00541612 0.0257964 0.999653 0.19679 0.0499157 -0.727987
FixedParameters: 0 0 0

#Transform 149
Transform: AffineTransform_float_3_3
Parameters: 0.999977 -0.00381957 0.00551275 0.00395575 0.999684 -0.0248441 -0.00541589 0.024865 0.999676 0.210321 0.0676161 -0.66106
FixedParameters: 0 0 0
