# transform file /out/sourcedata/freesurfer/sub-v1s17x0050261_ses-1/mri/transforms/cc_up.lta
# created by oesteban on Mon Mar  9 04:03:53 2026

type      = 0 # LINEAR_VOX_TO_VOX
nxforms   = 1
mean      = 129.0000 134.0000 111.0000
sigma     = 10000.0000
1 4 4
9.994868636131287e-01 -1.802470535039902e-02 2.648138999938965e-02 5.118764638900757e-01 
1.801838353276253e-02 9.998375773429871e-01 4.773967957589775e-04 1.366546535491943e+01 
-2.648569270968437e-02 0.000000000000000e+00 9.996492266654968e-01 2.542114448547363e+01 
0.000000000000000e+00 0.000000000000000e+00 0.000000000000000e+00 1.000000000000000e+00 
src volume info
valid = 1  # volume info valid
filename = /out/sourcedata/freesurfer/sub-v1s17x0050261_ses-1/mri/norm.mgz
volume = 256 256 256
voxelsize = 1.000000000000000e+00 1.000000000000000e+00 1.000000000000000e+00
xras   = -1.000000000000000e+00 -5.220499588176608e-10 0.000000000000000e+00
yras   = 0.000000000000000e+00 -1.164153218269348e-10 -1.000000000000000e+00
zras   = -1.346052158623934e-09 9.999999403953552e-01 0.000000000000000e+00
cras   = -1.056625366210938e+00 2.581207275390625e+00 4.163467407226562e+00
dst volume info
valid = 1  # volume info valid
filename = /out/sourcedata/freesurfer/sub-v1s17x0050261_ses-1/mri/norm.mgz
volume = 256 256 256
voxelsize = 1.000000000000000e+00 1.000000000000000e+00 1.000000000000000e+00
xras   = -1.000000000000000e+00 -5.220499588176608e-10 0.000000000000000e+00
yras   = 0.000000000000000e+00 -1.164153218269348e-10 -1.000000000000000e+00
zras   = -1.346052158623934e-09 9.999999403953552e-01 0.000000000000000e+00
cras   = -1.056625366210938e+00 2.581207275390625e+00 4.163467407226562e+00
