# transform file transforms/talairach.lta
# created by oesteban on Mon Mar  9 02:47:59 2026

type      = 0 # LINEAR_VOX_TO_VOX
nxforms   = 1
mean      = 129.0000 136.0000 111.0000
sigma     = 10000.0000
1 4 4
1.002588391304016e+00 -2.207672782242298e-02 3.678447008132935e-02 -3.291707515716553e+00 
6.509642582386732e-03 1.026278495788574e+00 3.238472640514374e-01 -4.734472656250000e+01 
-4.195772111415863e-02 -3.163527250289917e-01 9.652608036994934e-01 5.255349731445312e+01 
0.000000000000000e+00 0.000000000000000e+00 0.000000000000000e+00 1.000000000000000e+00 
src volume info
valid = 1  # volume info valid
filename = nu.mgz
volume = 256 256 256
voxelsize = 1.000000000000000e+00 1.000000000000000e+00 1.000000000000000e+00
xras   = -1.000000000000000e+00 -5.220499588176608e-10 0.000000000000000e+00
yras   = 0.000000000000000e+00 -1.164153218269348e-10 -1.000000000000000e+00
zras   = -1.346052158623934e-09 9.999999403953552e-01 0.000000000000000e+00
cras   = -1.056625366210938e+00 2.581207275390625e+00 4.163467407226562e+00
dst volume info
valid = 1  # volume info valid
filename = /opt/freesurfer/average/RB_all_2020-01-02.gca
volume = 256 256 256
voxelsize = 1.000000000000000e+00 1.000000000000000e+00 1.000000000000000e+00
xras   = -1.000000000000000e+00 0.000000000000000e+00 0.000000000000000e+00
yras   = 0.000000000000000e+00 0.000000000000000e+00 -1.000000000000000e+00
zras   = 0.000000000000000e+00 1.000000000000000e+00 0.000000000000000e+00
cras   = 0.000000000000000e+00 0.000000000000000e+00 0.000000000000000e+00
