type      = 0 # LINEAR_VOX_TO_VOX
nxforms   = 1
mean      = 0.0000 0.0000 0.0000
sigma     = 1.0000
1 4 4
1.089128017425537e+00 -2.310100011527538e-02 3.409699723124504e-02 -1.211618041992188e+01 
3.764100000262260e-02 1.083644032478333e+00 4.432369768619537e-01 -6.951448059082031e+01 
1.495499908924103e-02 -3.230139911174774e-01 1.129171848297119e+00 2.903974151611328e+01 
0.000000000000000e+00 0.000000000000000e+00 0.000000000000000e+00 1.000000000000000e+00 
src volume info
valid = 1  # volume info valid
filename = /out/sourcedata/freesurfer/sub-v1s17x0050261_ses-1/mri/orig.mgz
volume = 256 256 256
voxelsize = 1.000000000000000e+00 1.000000000000000e+00 1.000000000000000e+00
xras   = -1.000000000000000e+00 -5.220499588176608e-10 0.000000000000000e+00
yras   = 0.000000000000000e+00 -1.164153218269348e-10 -1.000000000000000e+00
zras   = -1.346052158623934e-09 9.999999403953552e-01 0.000000000000000e+00
cras   = -1.056625366210938e+00 2.581207275390625e+00 4.163467407226562e+00
dst volume info
valid = 1  # volume info valid
filename = /opt/freesurfer/average/mni305.cor.mgz
volume = 256 256 256
voxelsize = 1.000000000000000e+00 1.000000000000000e+00 1.000000000000000e+00
xras   = -1.000000000000000e+00 0.000000000000000e+00 0.000000000000000e+00
yras   = 0.000000000000000e+00 0.000000000000000e+00 -1.000000000000000e+00
zras   = 0.000000000000000e+00 1.000000000000000e+00 0.000000000000000e+00
cras   = 0.000000000000000e+00 0.000000000000000e+00 0.000000000000000e+00
subject fsaverage
fscale 0.100000
