# transform file /out/sourcedata/freesurfer/sub-v1s17x0051135_ses-1/mri/transforms/cc_up.lta
# created by oesteban on Mon Mar  9 04:40:47 2026

type      = 0 # LINEAR_VOX_TO_VOX
nxforms   = 1
mean      = 130.0000 103.0000 100.0000
sigma     = 10000.0000
1 4 4
9.970165491104126e-01 6.100750993937254e-03 7.694654911756516e-02 -9.463435173034668e+00 
-6.082663312554359e-03 9.999813437461853e-01 -4.694405070040375e-04 4.683712387084961e+01 
-7.694797962903976e-02 0.000000000000000e+00 9.970351457595825e-01 4.328807449340820e+01 
0.000000000000000e+00 0.000000000000000e+00 0.000000000000000e+00 1.000000000000000e+00 
src volume info
valid = 1  # volume info valid
filename = /out/sourcedata/freesurfer/sub-v1s17x0051135_ses-1/mri/norm.mgz
volume = 256 256 256
voxelsize = 1.000000000000000e+00 1.000000000000000e+00 1.000000000000000e+00
xras   = -9.999999403953552e-01 1.215084921568632e-09 0.000000000000000e+00
yras   = -3.725290298461914e-09 0.000000000000000e+00 -9.999999403953552e-01
zras   = -1.207808963954449e-09 9.999999403953552e-01 2.328306436538696e-10
cras   = -5.666503906250000e-01 1.479558563232422e+01 -2.177764892578125e+01
dst volume info
valid = 1  # volume info valid
filename = /out/sourcedata/freesurfer/sub-v1s17x0051135_ses-1/mri/norm.mgz
volume = 256 256 256
voxelsize = 1.000000000000000e+00 1.000000000000000e+00 1.000000000000000e+00
xras   = -9.999999403953552e-01 1.215084921568632e-09 0.000000000000000e+00
yras   = -3.725290298461914e-09 0.000000000000000e+00 -9.999999403953552e-01
zras   = -1.207808963954449e-09 9.999999403953552e-01 2.328306436538696e-10
cras   = -5.666503906250000e-01 1.479558563232422e+01 -2.177764892578125e+01
