# transform file transforms/talairach.lta
# created by oesteban on Mon Mar  9 03:12:06 2026

type      = 0 # LINEAR_VOX_TO_VOX
nxforms   = 1
mean      = 130.0000 104.0000 100.0000
sigma     = 10000.0000
1 4 4
9.957123994827271e-01 3.692363947629929e-02 5.596318840980530e-02 -1.171905899047852e+01 
-3.917762637138367e-02 1.147362589836121e+00 1.932524293661118e-01 -6.515104293823242e+00 
-5.053727328777313e-02 -1.408455967903137e-01 1.008377671241760e+00 3.377774429321289e+01 
0.000000000000000e+00 0.000000000000000e+00 0.000000000000000e+00 1.000000000000000e+00 
src volume info
valid = 1  # volume info valid
filename = nu.mgz
volume = 256 256 256
voxelsize = 1.000000000000000e+00 1.000000000000000e+00 1.000000000000000e+00
xras   = -9.999999403953552e-01 1.215084921568632e-09 0.000000000000000e+00
yras   = -3.725290298461914e-09 0.000000000000000e+00 -9.999999403953552e-01
zras   = -1.207808963954449e-09 9.999999403953552e-01 2.328306436538696e-10
cras   = -5.666503906250000e-01 1.479558563232422e+01 -2.177764892578125e+01
dst volume info
valid = 1  # volume info valid
filename = /opt/freesurfer/average/RB_all_2020-01-02.gca
volume = 256 256 256
voxelsize = 1.000000000000000e+00 1.000000000000000e+00 1.000000000000000e+00
xras   = -1.000000000000000e+00 0.000000000000000e+00 0.000000000000000e+00
yras   = 0.000000000000000e+00 0.000000000000000e+00 -1.000000000000000e+00
zras   = 0.000000000000000e+00 1.000000000000000e+00 0.000000000000000e+00
cras   = 0.000000000000000e+00 0.000000000000000e+00 0.000000000000000e+00
