# transform file /out/sourcedata/freesurfer/sub-v1s17x0050253_ses-1/mri/transforms/cc_up.lta
# created by oesteban on Mon Mar  9 03:45:28 2026

type      = 0 # LINEAR_VOX_TO_VOX
nxforms   = 1
mean      = 130.0000 113.0000 106.0000
sigma     = 10000.0000
1 4 4
9.972377419471741e-01 -5.290006846189499e-02 5.213709548115730e-02 -1.448765993118286e+00 
5.282791703939438e-02 9.985997080802917e-01 2.761923475190997e-03 2.701074409484863e+01 
-5.221020057797432e-02 2.328306158982940e-10 9.986360669136047e-01 3.690375518798828e+01 
0.000000000000000e+00 0.000000000000000e+00 0.000000000000000e+00 1.000000000000000e+00 
src volume info
valid = 1  # volume info valid
filename = /out/sourcedata/freesurfer/sub-v1s17x0050253_ses-1/mri/norm.mgz
volume = 256 256 256
voxelsize = 1.000000000000000e+00 1.000000000000000e+00 1.000000000000000e+00
xras   = -9.999999403953552e-01 4.947651177644730e-10 0.000000000000000e+00
yras   = 0.000000000000000e+00 4.656612873077393e-10 -1.000000000000000e+00
zras   = -5.093170329928398e-10 9.999999403953552e-01 -4.656612873077393e-10
cras   = 1.651710510253906e+00 5.747375488281250e+00 -1.230960845947266e+01
dst volume info
valid = 1  # volume info valid
filename = /out/sourcedata/freesurfer/sub-v1s17x0050253_ses-1/mri/norm.mgz
volume = 256 256 256
voxelsize = 1.000000000000000e+00 1.000000000000000e+00 1.000000000000000e+00
xras   = -9.999999403953552e-01 4.947651177644730e-10 0.000000000000000e+00
yras   = 0.000000000000000e+00 4.656612873077393e-10 -1.000000000000000e+00
zras   = -5.093170329928398e-10 9.999999403953552e-01 -4.656612873077393e-10
cras   = 1.651710510253906e+00 5.747375488281250e+00 -1.230960845947266e+01
