type      = 1 # LINEAR_RAS_TO_RAS
nxforms   = 1
mean      = 0.0000 0.0000 0.0000
sigma     = 1.0000
1 4 4
1.106369018554688e+00 -5.165600031614304e-02 -5.629299953579903e-02 2.563169896602631e-01 
9.607999771833420e-02 1.069643020629883e+00 1.810580044984818e-01 -7.000269889831543e-01 
5.188700184226036e-02 -1.312219947576523e-01 1.118921041488647e+00 -4.086394786834717e+00 
0.000000000000000e+00 0.000000000000000e+00 0.000000000000000e+00 1.000000000000000e+00 
src volume info
valid = 1  # volume info valid
filename = /out/sourcedata/freesurfer/sub-v1s17x0050253_ses-1/mri/orig_nu.mgz
volume = 256 256 256
voxelsize = 1.000000000000000e+00 1.000000000000000e+00 1.000000000000000e+00
xras   = -9.999999403953552e-01 4.947651177644730e-10 0.000000000000000e+00
yras   = 0.000000000000000e+00 4.656612873077393e-10 -1.000000000000000e+00
zras   = -5.093170329928398e-10 9.999999403953552e-01 -4.656612873077393e-10
cras   = 1.651710510253906e+00 5.747375488281250e+00 -1.230960845947266e+01
dst volume info
valid = 1  # volume info valid
filename = /opt/freesurfer/average/mni305.cor.mgz
volume = 256 256 256
voxelsize = 1.000000000000000e+00 1.000000000000000e+00 1.000000000000000e+00
xras   = -1.000000000000000e+00 0.000000000000000e+00 0.000000000000000e+00
yras   = 0.000000000000000e+00 0.000000000000000e+00 -1.000000000000000e+00
zras   = 0.000000000000000e+00 1.000000000000000e+00 0.000000000000000e+00
cras   = 0.000000000000000e+00 0.000000000000000e+00 0.000000000000000e+00
subject fsaverage
fscale 0.100000
