# transform file transforms/talairach.lta
# created by oesteban on Mon Mar  9 02:20:16 2026

type      = 0 # LINEAR_VOX_TO_VOX
nxforms   = 1
mean      = 130.0000 113.0000 107.0000
sigma     = 10000.0000
1 4 4
1.013878226280212e+00 -4.169669747352600e-02 4.505944997072220e-02 -6.225125312805176e+00 
3.339384123682976e-02 1.122089147567749e+00 1.658639162778854e-01 -2.176041030883789e+01 
-4.782584682106972e-02 -1.465231478214264e-01 9.684128165245056e-01 3.171952438354492e+01 
0.000000000000000e+00 0.000000000000000e+00 0.000000000000000e+00 1.000000000000000e+00 
src volume info
valid = 1  # volume info valid
filename = nu.mgz
volume = 256 256 256
voxelsize = 1.000000000000000e+00 1.000000000000000e+00 1.000000000000000e+00
xras   = -9.999999403953552e-01 4.947651177644730e-10 0.000000000000000e+00
yras   = 0.000000000000000e+00 4.656612873077393e-10 -1.000000000000000e+00
zras   = -5.093170329928398e-10 9.999999403953552e-01 -4.656612873077393e-10
cras   = 1.651710510253906e+00 5.747375488281250e+00 -1.230960845947266e+01
dst volume info
valid = 1  # volume info valid
filename = /opt/freesurfer/average/RB_all_2020-01-02.gca
volume = 256 256 256
voxelsize = 1.000000000000000e+00 1.000000000000000e+00 1.000000000000000e+00
xras   = -1.000000000000000e+00 0.000000000000000e+00 0.000000000000000e+00
yras   = 0.000000000000000e+00 0.000000000000000e+00 -1.000000000000000e+00
zras   = 0.000000000000000e+00 1.000000000000000e+00 0.000000000000000e+00
cras   = 0.000000000000000e+00 0.000000000000000e+00 0.000000000000000e+00
