#Insight Transform File V1.0
#Transform 0
Transform: AffineTransform_float_3_3
Parameters: 0.999995 -0.00116683 0.00288894 0.00116918 0.999999 -0.000679433 -0.00288826 0.000682511 0.999996 0.0557056 -0.0827248 0.135509
FixedParameters: 0 0 0

#Transform 1
Transform: AffineTransform_float_3_3
Parameters: 0.999995 -0.00116734 0.00295197 0.00116859 1 -0.000277413 -0.00295147 0.00028058 0.999996 0.0372184 -0.121721 0.158888
FixedParameters: 0 0 0

#Transform 2
Transform: AffineTransform_float_3_3
Parameters: 0.999996 -0.0011526 0.00231502 0.00115166 0.999999 0.000614396 -0.00231599 -0.000611453 0.999997 0.0301917 -0.0763006 0.0728167
FixedParameters: 0 0 0

#Transform 3
Transform: AffineTransform_float_3_3
Parameters: 0.999997 -0.000527719 0.00239661 0.000526265 1 0.00029674 -0.002396 -0.000296166 0.999998 0.0275339 -0.106747 0.122086
FixedParameters: 0 0 0

#Transform 4
Transform: AffineTransform_float_3_3
Parameters: 0.999997 -0.00111918 0.00217487 0.00111845 0.999999 0.000616343 -0.00217577 -0.000612956 0.999997 0.0412998 -0.0734226 0.0637098
FixedParameters: 0 0 0

#Transform 5
Transform: AffineTransform_float_3_3
Parameters: 0.999998 -0.000828758 0.00218815 0.000828175 1 7.57012e-05 -0.00218838 -7.43939e-05 0.999998 0.0356429 -0.0655377 0.0681068
FixedParameters: 0 0 0

#Transform 6
Transform: AffineTransform_float_3_3
Parameters: 0.999997 -0.000348356 0.00240172 0.00034803 1 -0.000181956 -0.00240137 0.000183967 0.999997 0.0236435 -0.105063 0.117306
FixedParameters: 0 0 0

#Transform 7
Transform: AffineTransform_float_3_3
Parameters: 0.999997 -0.00074885 0.00203827 0.00074781 0.999999 0.000750745 -0.00203888 -0.000749177 0.999998 0.00206209 0.00205447 0.052053
FixedParameters: 0 0 0

#Transform 8
Transform: AffineTransform_float_3_3
Parameters: 0.999997 -0.000634773 0.00206156 0.000633542 1 0.000552176 -0.00206154 -0.000551029 0.999998 0.0185133 -0.0877111 0.094251
FixedParameters: 0 0 0

#Transform 9
Transform: AffineTransform_float_3_3
Parameters: 0.999998 -0.000541805 0.00191685 0.000538792 0.999999 0.00105827 -0.00191727 -0.00105766 0.999998 0.00149469 -0.0249359 0.0749122
FixedParameters: 0 0 0

#Transform 10
Transform: AffineTransform_float_3_3
Parameters: 0.999998 -0.000611863 0.00155964 0.000610274 1 0.000876875 -0.00155997 -0.000875938 0.999998 -0.0162353 -0.0683523 0.0887955
FixedParameters: 0 0 0

#Transform 11
Transform: AffineTransform_float_3_3
Parameters: 0.999999 -0.000467738 0.00125796 0.000466613 1 0.00042235 -0.00125834 -0.000420763 0.999999 -0.0144502 0.00119612 0.101886
FixedParameters: 0 0 0

#Transform 12
Transform: AffineTransform_float_3_3
Parameters: 0.999999 -2.80173e-05 0.000947926 2.71359e-05 1 0.00101973 -0.000948146 -0.0010197 0.999999 -0.0444466 -0.025185 0.102776
FixedParameters: 0 0 0

#Transform 13
Transform: AffineTransform_float_3_3
Parameters: 1 1.43534e-05 0.00105537 -1.43976e-05 1 0.000434182 -0.00105559 -0.000434727 1 -0.0653779 -0.0405144 0.0612995
FixedParameters: 0 0 0

#Transform 14
Transform: AffineTransform_float_3_3
Parameters: 1 -6.5954e-05 0.000724023 6.5899e-05 0.999999 0.000720391 -0.000724268 -0.000719901 1 -0.0436469 -0.034886 0.0476564
FixedParameters: 0 0 0

#Transform 15
Transform: AffineTransform_float_3_3
Parameters: 0.999999 0.000437881 -0.000615971 -0.000437644 1 0.000222876 0.000616141 -0.000223247 1 -0.0307656 0.0069074 -0.0176864
FixedParameters: 0 0 0

#Transform 16
Transform: AffineTransform_float_3_3
Parameters: 1 0.000135028 0.00013624 -0.000135016 1 -4.40997e-05 -0.000136251 4.40629e-05 1 -0.0439997 -0.0193501 -0.00173815
FixedParameters: 0 0 0

#Transform 17
Transform: AffineTransform_float_3_3
Parameters: 1 0.000150455 0.000287668 -0.00015073 1 0.000478934 -0.000287524 -0.000479021 1 -0.0382128 -0.0160711 0.00137588
FixedParameters: 0 0 0

#Transform 18
Transform: AffineTransform_float_3_3
Parameters: 1 -9.17594e-06 -0.000404852 8.67033e-06 0.999999 0.000837329 0.000404073 -0.000837278 0.999999 0.00207506 -0.0114062 0.0290006
FixedParameters: 0 0 0

#Transform 19
Transform: AffineTransform_float_3_3
Parameters: 1 2.73667e-05 -0.000292951 -2.71075e-05 1 0.000442455 0.000292975 -0.000442439 1 -0.0191142 -0.0431967 0.00704187
FixedParameters: 0 0 0

#Transform 20
Transform: AffineTransform_float_3_3
Parameters: 1 -0.000437828 0.000261844 0.000437772 1 -0.000290805 -0.000262565 0.000291077 1 0.00614551 0.0136317 -0.0188051
FixedParameters: 0 0 0

#Transform 21
Transform: AffineTransform_float_3_3
Parameters: 1 3.54328e-05 0.000471707 -3.55288e-05 1 0.000101687 -0.0004717 -0.00010172 1 -0.00370252 -0.0315508 0.00530479
FixedParameters: 0 0 0

#Transform 22
Transform: AffineTransform_float_3_3
Parameters: 0.999999 0.000362884 -0.0010204 -0.000365117 0.999998 -0.00226583 0.00101945 0.00226649 0.999997 -0.0181888 0.156161 -0.425222
FixedParameters: 0 0 0

#Transform 23
Transform: AffineTransform_float_3_3
Parameters: 1 0.000236275 -0.00121988 -0.000238764 0.999998 -0.00192661 0.0012196 0.00192661 0.999998 0.00343405 0.179993 -0.418035
FixedParameters: 0 0 0

#Transform 24
Transform: AffineTransform_float_3_3
Parameters: 1 0.000231687 -0.00121204 -0.000233877 0.999999 -0.00172502 0.00121083 0.00172464 0.999998 0.00253473 0.174051 -0.357807
FixedParameters: 0 0 0

#Transform 25
Transform: AffineTransform_float_3_3
Parameters: 1 -0.000162174 -0.00109932 0.000161063 0.999999 -0.000919266 0.00109942 0.000919307 0.999999 -0.0205859 0.144729 -0.320436
FixedParameters: 0 0 0

#Transform 26
Transform: AffineTransform_float_3_3
Parameters: 1 -0.000352458 -0.000391568 0.000352787 0.999999 -0.000824293 0.000391938 0.000824001 0.999999 -0.018987 0.16248 -0.323642
FixedParameters: 0 0 0

#Transform 27
Transform: AffineTransform_float_3_3
Parameters: 1 -0.000292471 0.000277322 0.000292101 1 -0.00097585 -0.000276554 0.000975615 0.999999 -0.0403528 0.149312 -0.299156
FixedParameters: 0 0 0

#Transform 28
Transform: AffineTransform_float_3_3
Parameters: 0.999999 -0.000686602 -0.000193576 0.000686162 0.999999 -0.00133044 0.00019545 0.00133017 0.999999 -0.0486299 0.167897 -0.333211
FixedParameters: 0 0 0

#Transform 29
Transform: AffineTransform_float_3_3
Parameters: 1 -0.000540147 -7.96112e-05 0.00053984 0.999999 -0.000853814 7.95837e-05 0.000854681 0.999999 -0.0574644 0.114721 -0.312264
FixedParameters: 0 0 0

#Transform 30
Transform: AffineTransform_float_3_3
Parameters: 1 -0.000467536 0.000318146 0.000467578 0.999999 -0.000453783 -0.000318723 0.000453213 1 -0.0590521 0.198532 -0.321353
FixedParameters: 0 0 0

#Transform 31
Transform: AffineTransform_float_3_3
Parameters: 1 -0.000468508 0.000191268 0.000468823 0.999999 -0.00126479 -0.000191036 0.0012641 1 -0.0409516 0.13466 -0.252185
FixedParameters: 0 0 0

#Transform 32
Transform: AffineTransform_float_3_3
Parameters: 1 -0.000437742 0.000212049 0.000437926 1 -0.000434049 -0.000211669 0.000434234 1 -0.0598295 0.149782 -0.281348
FixedParameters: 0 0 0

#Transform 33
Transform: AffineTransform_float_3_3
Parameters: 1 -0.000470363 0.000350125 0.000470471 1 -0.000154816 -0.000349979 0.000155145 1 -0.0603882 0.11828 -0.238626
FixedParameters: 0 0 0

#Transform 34
Transform: AffineTransform_float_3_3
Parameters: 0.999999 -0.000713836 0.000519922 0.000713718 0.999999 0.000113259 -0.000520083 -0.000112517 1 -0.072223 0.181414 -0.279109
FixedParameters: 0 0 0

#Transform 35
Transform: AffineTransform_float_3_3
Parameters: 0.999999 -0.000587407 0.000729468 0.000587779 0.999999 -0.000281122 -0.000729163 0.000281068 1 -0.06176 0.160519 -0.215453
FixedParameters: 0 0 0

#Transform 36
Transform: AffineTransform_float_3_3
Parameters: 0.999999 -0.000771181 0.000565686 0.000770736 1 0.000634499 -0.000565702 -0.000634081 0.999999 -0.080304 0.129589 -0.250483
FixedParameters: 0 0 0

#Transform 37
Transform: AffineTransform_float_3_3
Parameters: 0.999999 -0.000884632 0.00038967 0.000883928 0.999999 0.00126734 -0.000390888 -0.00126669 0.999999 -0.0922085 0.131896 -0.238416
FixedParameters: 0 0 0

#Transform 38
Transform: AffineTransform_float_3_3
Parameters: 1 -0.000658804 0.000769217 0.000656771 0.999998 0.00143146 -0.00077015 -0.0014314 0.999999 -0.109298 0.132458 -0.233996
FixedParameters: 0 0 0

#Transform 39
Transform: AffineTransform_float_3_3
Parameters: 1 -0.000531132 0.000427135 0.000529637 0.999998 0.00221728 -0.000428393 -0.00221779 0.999998 -0.112482 0.0641335 -0.23644
FixedParameters: 0 0 0

#Transform 40
Transform: AffineTransform_float_3_3
Parameters: 1 -0.000566087 0.000197523 0.00056574 0.999998 0.00179172 -0.00019848 -0.00179154 0.999999 -0.106916 0.171864 -0.283426
FixedParameters: 0 0 0

#Transform 41
Transform: AffineTransform_float_3_3
Parameters: 0.999999 -0.000875737 0.000284077 0.000875007 0.999996 0.00241569 -0.000286211 -0.00241528 0.999997 -0.0727097 0.0895169 -0.224952
FixedParameters: 0 0 0

#Transform 42
Transform: AffineTransform_float_3_3
Parameters: 0.999999 -0.000914765 -0.000117576 0.000915173 0.999995 0.00282935 0.000114752 -0.00282964 0.999996 -0.0962498 0.139574 -0.298192
FixedParameters: 0 0 0

#Transform 43
Transform: AffineTransform_float_3_3
Parameters: 0.999999 -0.00101726 0.000322941 0.00101646 0.999996 0.00268313 -0.000325279 -0.00268261 0.999997 -0.0951769 0.165578 -0.267951
FixedParameters: 0 0 0

#Transform 44
Transform: AffineTransform_float_3_3
Parameters: 0.999999 -0.00103376 0.000347201 0.00103272 0.999994 0.00335249 -0.000349939 -0.00335195 0.999995 -0.0998798 0.188645 -0.325228
FixedParameters: 0 0 0

#Transform 45
Transform: AffineTransform_float_3_3
Parameters: 0.999999 -0.00103124 0.00046012 0.00102905 0.999992 0.00401076 -0.000464111 -0.00401041 0.999992 -0.10176 0.134954 -0.275826
FixedParameters: 0 0 0

#Transform 46
Transform: AffineTransform_float_3_3
Parameters: 1 -0.000986901 0.00065361 0.000984141 0.999992 0.0038976 -0.000657265 -0.00389651 0.999992 -0.104061 0.169367 -0.330719
FixedParameters: 0 0 0

#Transform 47
Transform: AffineTransform_float_3_3
Parameters: 0.999999 -0.00125994 0.000279768 0.00125927 0.999995 0.00282091 -0.000283818 -0.00282075 0.999996 -0.0944624 0.166038 -0.290737
FixedParameters: 0 0 0

#Transform 48
Transform: AffineTransform_float_3_3
Parameters: 0.999999 -0.00108563 0.000215972 0.00108439 0.999991 0.00410496 -0.000220336 -0.00410466 0.999992 -0.09906 0.153533 -0.314832
FixedParameters: 0 0 0

#Transform 49
Transform: AffineTransform_float_3_3
Parameters: 0.999999 -0.00136426 0.000579794 0.0013611 0.999989 0.00443084 -0.000585598 -0.00442993 0.99999 -0.0931268 0.0832987 -0.279279
FixedParameters: 0 0 0

#Transform 50
Transform: AffineTransform_float_3_3
Parameters: 0.999999 -0.00130383 0.000554483 0.00130172 0.999989 0.00432629 -0.000560657 -0.00432508 0.999991 -0.105326 0.15832 -0.347848
FixedParameters: 0 0 0

#Transform 51
Transform: AffineTransform_float_3_3
Parameters: 1 -0.00117749 0.000483692 0.00117614 0.999992 0.00378517 -0.000488636 -0.00378464 0.999992 -0.0821788 0.137479 -0.290971
FixedParameters: 0 0 0

#Transform 52
Transform: AffineTransform_float_3_3
Parameters: 1 -0.00114996 1.34077e-05 0.00114954 0.999988 0.0047857 -1.95615e-05 -0.00478583 0.999989 -0.0977571 0.117071 -0.323682
FixedParameters: 0 0 0

#Transform 53
Transform: AffineTransform_float_3_3
Parameters: 1 -0.00102638 0.000532915 0.00102425 0.99999 0.00433165 -0.000537675 -0.00433076 0.999991 -0.0969931 0.116295 -0.298343
FixedParameters: 0 0 0

#Transform 54
Transform: AffineTransform_float_3_3
Parameters: 0.999999 -0.00109282 0.000171266 0.00109196 0.999991 0.00403619 -0.000175602 -0.00403639 0.999992 -0.0986143 0.177661 -0.359263
FixedParameters: 0 0 0

#Transform 55
Transform: AffineTransform_float_3_3
Parameters: 0.999999 -0.0014435 0.000578153 0.00144125 0.999987 0.00471933 -0.00058471 -0.00471931 0.999988 -0.0891735 0.0873354 -0.302878
FixedParameters: 0 0 0

#Transform 56
Transform: AffineTransform_float_3_3
Parameters: 0.999999 -0.00109467 0.000320823 0.00109247 0.999986 0.00506976 -0.0003262 -0.00506928 0.999987 -0.099333 0.163345 -0.313452
FixedParameters: 0 0 0

#Transform 57
Transform: AffineTransform_float_3_3
Parameters: 1 -0.00103408 0.000536917 0.00103188 0.999989 0.00459362 -0.000541288 -0.00459366 0.99999 -0.102544 0.146522 -0.312474
FixedParameters: 0 0 0

#Transform 58
Transform: AffineTransform_float_3_3
Parameters: 0.999999 -0.00112043 0.000241454 0.00111903 0.999985 0.0053552 -0.000247702 -0.00535529 0.999985 -0.098576 0.172156 -0.34225
FixedParameters: 0 0 0

#Transform 59
Transform: AffineTransform_float_3_3
Parameters: 0.999999 -0.0013349 0.000395046 0.00133217 0.999987 0.00501301 -0.000401791 -0.00501263 0.999988 -0.0960625 0.104225 -0.280994
FixedParameters: 0 0 0

#Transform 60
Transform: AffineTransform_float_3_3
Parameters: 0.999999 -0.00148275 0.000504888 0.00147976 0.999984 0.00549186 -0.000513672 -0.00549109 0.999984 -0.0956523 0.113045 -0.367575
FixedParameters: 0 0 0

#Transform 61
Transform: AffineTransform_float_3_3
Parameters: 0.999999 -0.00157035 0.000530327 0.00156827 0.999983 0.00548882 -0.000539303 -0.00548793 0.999984 -0.0868359 0.134157 -0.324313
FixedParameters: 0 0 0

#Transform 62
Transform: AffineTransform_float_3_3
Parameters: 0.999999 -0.00160155 0.000381639 0.00160034 0.999983 0.0054936 -0.000389793 -0.00549319 0.999984 -0.098739 0.134523 -0.353089
FixedParameters: 0 0 0

#Transform 63
Transform: AffineTransform_float_3_3
Parameters: 0.999998 -0.00164133 9.86899e-05 0.00164078 0.999987 0.00488853 -0.000106945 -0.00488798 0.999988 -0.0868178 0.147291 -0.324588
FixedParameters: 0 0 0

#Transform 64
Transform: AffineTransform_float_3_3
Parameters: 0.999999 -0.00147043 0.000265043 0.00146918 0.999986 0.00507567 -0.000272363 -0.0050756 0.999987 -0.111034 0.141045 -0.35182
FixedParameters: 0 0 0

#Transform 65
Transform: AffineTransform_float_3_3
Parameters: 0.999999 -0.00159728 0.000410035 0.00159557 0.999984 0.00554571 -0.000419233 -0.00554517 0.999985 -0.0978843 0.146155 -0.40325
FixedParameters: 0 0 0

#Transform 66
Transform: AffineTransform_float_3_3
Parameters: 0.999999 -0.00124528 0.000391046 0.00124237 0.999984 0.00540889 -0.000397766 -0.00540817 0.999985 -0.115991 0.159636 -0.387545
FixedParameters: 0 0 0

#Transform 67
Transform: AffineTransform_float_3_3
Parameters: 1 -0.00119448 -0.000157458 0.00119523 0.99998 0.00619118 0.000150234 -0.00619128 0.99998 -0.13426 0.167984 -0.434843
FixedParameters: 0 0 0

#Transform 68
Transform: AffineTransform_float_3_3
Parameters: 1 -0.0011577 -0.00028117 0.00115943 0.999982 0.00589267 0.000274051 -0.0058935 0.999983 -0.131774 0.176769 -0.396354
FixedParameters: 0 0 0

#Transform 69
Transform: AffineTransform_float_3_3
Parameters: 0.999998 -0.00152408 -0.000604046 0.00152767 0.999979 0.00621098 0.000594332 -0.00621212 0.999981 -0.13773 0.216815 -0.436198
FixedParameters: 0 0 0

#Transform 70
Transform: AffineTransform_float_3_3
Parameters: 1 -0.00111618 -0.000199653 0.00111709 0.999987 0.00511764 0.000193319 -0.00511864 0.999987 -0.148905 0.197731 -0.39335
FixedParameters: 0 0 0

#Transform 71
Transform: AffineTransform_float_3_3
Parameters: 0.999999 -0.00131919 -0.000314355 0.0013204 0.999987 0.00499303 0.000307497 -0.00499312 0.999988 -0.140344 0.237222 -0.510765
FixedParameters: 0 0 0

#Transform 72
Transform: AffineTransform_float_3_3
Parameters: 0.999999 -0.000902184 -0.000137566 0.000903701 0.999984 0.00545103 0.000132764 -0.00545144 0.999985 -0.167664 0.226823 -0.516349
FixedParameters: 0 0 0

#Transform 73
Transform: AffineTransform_float_3_3
Parameters: 0.999999 -0.000718329 -0.000514328 0.000720767 0.999988 0.00487024 0.000510689 -0.00487102 0.999988 -0.170865 0.264665 -0.493984
FixedParameters: 0 0 0

#Transform 74
Transform: AffineTransform_float_3_3
Parameters: 1 -0.000489087 -0.000211794 0.000490348 0.999983 0.00582631 0.000209486 -0.00582659 0.999983 -0.190244 0.224243 -0.536971
FixedParameters: 0 0 0

#Transform 75
Transform: AffineTransform_float_3_3
Parameters: 0.999999 -0.000893848 -0.000303512 0.000895611 0.999983 0.00577381 0.000298767 -0.00577358 0.999983 -0.170804 0.243469 -0.542984
FixedParameters: 0 0 0

#Transform 76
Transform: AffineTransform_float_3_3
Parameters: 1 -0.000963117 -0.000428268 0.00096555 0.999985 0.00539343 0.000422333 -0.00539344 0.999985 -0.164907 0.295804 -0.580223
FixedParameters: 0 0 0

#Transform 77
Transform: AffineTransform_float_3_3
Parameters: 0.999999 -0.000823346 -0.0002225 0.000824067 0.999982 0.00591967 0.00021738 -0.00592014 0.999983 -0.150256 0.190609 -0.528976
FixedParameters: 0 0 0

#Transform 78
Transform: AffineTransform_float_3_3
Parameters: 1 -0.000857969 -0.000573223 0.000861291 0.999976 0.00681316 0.000567055 -0.00681288 0.999977 -0.15814 0.227456 -0.483151
FixedParameters: 0 0 0

#Transform 79
Transform: AffineTransform_float_3_3
Parameters: 1 -0.00109869 -0.000496004 0.00110151 0.999981 0.00620247 0.000489437 -0.0062028 0.999981 -0.144795 0.20567 -0.422762
FixedParameters: 0 0 0

#Transform 80
Transform: AffineTransform_float_3_3
Parameters: 0.999999 -0.00116494 -0.000460942 0.00116838 0.999976 0.00685219 0.000453174 -0.00685346 0.999977 -0.144933 0.235149 -0.517527
FixedParameters: 0 0 0

#Transform 81
Transform: AffineTransform_float_3_3
Parameters: 1 -0.000955908 -0.000509154 0.000959421 0.999977 0.00671099 0.000502548 -0.00671117 0.999977 -0.146324 0.222708 -0.517787
FixedParameters: 0 0 0

#Transform 82
Transform: AffineTransform_float_3_3
Parameters: 0.999999 -0.00109022 -0.000894443 0.00109692 0.999972 0.0074451 0.000886528 -0.00744584 0.999972 -0.144833 0.21004 -0.535834
FixedParameters: 0 0 0

#Transform 83
Transform: AffineTransform_float_3_3
Parameters: 1 -0.00109063 -0.000374837 0.00109332 0.999978 0.00655244 0.000367491 -0.00655252 0.999979 -0.130606 0.193413 -0.500953
FixedParameters: 0 0 0

#Transform 84
Transform: AffineTransform_float_3_3
Parameters: 0.999999 -0.00154007 -0.000814377 0.00154523 0.999974 0.00703137 0.000803812 -0.00703187 0.999975 -0.113182 0.270428 -0.587654
FixedParameters: 0 0 0

#Transform 85
Transform: AffineTransform_float_3_3
Parameters: 0.999999 -0.00149269 -0.000369793 0.00149595 0.999967 0.00793773 0.000357837 -0.00793824 0.999968 -0.110734 0.206599 -0.52008
FixedParameters: 0 0 0

#Transform 86
Transform: AffineTransform_float_3_3
Parameters: 0.999998 -0.00204079 -0.000649032 0.00204574 0.999972 0.00715162 0.000634686 -0.00715193 0.999974 -0.0991637 0.23815 -0.672507
FixedParameters: 0 0 0

#Transform 87
Transform: AffineTransform_float_3_3
Parameters: 0.999998 -0.00204778 -0.00044686 0.00205073 0.999975 0.00661862 0.000432971 -0.00661991 0.999978 -0.081318 0.266365 -0.615277
FixedParameters: 0 0 0

#Transform 88
Transform: AffineTransform_float_3_3
Parameters: 0.999998 -0.00197829 -2.12771e-05 0.00197815 0.999972 0.00721709 6.69334e-06 -0.00721713 0.999974 -0.102023 0.240093 -0.658848
FixedParameters: 0 0 0

#Transform 89
Transform: AffineTransform_float_3_3
Parameters: 0.999998 -0.00191071 0.00029336 0.00190922 0.999972 0.00714105 -0.000306324 -0.00713998 0.999974 -0.0914699 0.21635 -0.596843
FixedParameters: 0 0 0

#Transform 90
Transform: AffineTransform_float_3_3
Parameters: 0.999999 -0.00195194 0.000201375 0.001951 0.999967 0.00783712 -0.000216271 -0.00783641 0.999969 -0.106819 0.246632 -0.660834
FixedParameters: 0 0 0

#Transform 91
Transform: AffineTransform_float_3_3
Parameters: 0.999998 -0.00238103 -0.000120375 0.0023813 0.99997 0.00741491 0.000103341 -0.00741598 0.999972 -0.0934793 0.276807 -0.636737
FixedParameters: 0 0 0

#Transform 92
Transform: AffineTransform_float_3_3
Parameters: 0.999996 -0.00263255 -0.000388842 0.00263563 0.999958 0.00876063 0.000366292 -0.00876147 0.999961 -0.112888 0.291164 -0.669561
FixedParameters: 0 0 0

#Transform 93
Transform: AffineTransform_float_3_3
Parameters: 0.999997 -0.00252059 4.69042e-05 0.0025201 0.999964 0.008047 -6.71799e-05 -0.00804645 0.999967 -0.119777 0.22435 -0.595952
FixedParameters: 0 0 0

#Transform 94
Transform: AffineTransform_float_3_3
Parameters: 0.999998 -0.00209733 -0.000160621 0.00209785 0.999969 0.00764968 0.000144067 -0.00764941 0.999971 -0.12325 0.270451 -0.623646
FixedParameters: 0 0 0

#Transform 95
Transform: AffineTransform_float_3_3
Parameters: 0.999997 -0.00255021 0.00030133 0.00254679 0.99996 0.00857244 -0.000323821 -0.00857197 0.999963 -0.122518 0.252801 -0.600545
FixedParameters: 0 0 0

#Transform 96
Transform: AffineTransform_float_3_3
Parameters: 0.999997 -0.00255689 -4.7279e-05 0.00255658 0.99996 0.00858505 2.53023e-05 -0.008585 0.999963 -0.12257 0.237563 -0.66878
FixedParameters: 0 0 0

#Transform 97
Transform: AffineTransform_float_3_3
Parameters: 0.999997 -0.00248246 0.000148794 0.00248097 0.999969 0.00750573 -0.000167139 -0.00750464 0.999972 -0.121023 0.221494 -0.582276
FixedParameters: 0 0 0

#Transform 98
Transform: AffineTransform_float_3_3
Parameters: 0.999997 -0.00251814 9.0693e-05 0.00251722 0.999963 0.00825472 -0.000110928 -0.00825491 0.999966 -0.125422 0.244294 -0.654296
FixedParameters: 0 0 0

#Transform 99
Transform: AffineTransform_float_3_3
Parameters: 0.999997 -0.00249565 0.00016729 0.0024942 0.999964 0.00804324 -0.000187348 -0.00804211 0.999967 -0.130939 0.185603 -0.593192
FixedParameters: 0 0 0

#Transform 100
Transform: AffineTransform_float_3_3
Parameters: 0.999997 -0.00213142 -0.000446361 0.00213394 0.999971 0.007341 0.000430911 -0.00734193 0.999973 -0.107219 0.299319 -0.619138
FixedParameters: 0 0 0

#Transform 101
Transform: AffineTransform_float_3_3
Parameters: 0.999997 -0.00238459 -0.000355357 0.00238714 0.999961 0.00856161 0.000334909 -0.00856249 0.999964 -0.115324 0.249203 -0.637786
FixedParameters: 0 0 0

#Transform 102
Transform: AffineTransform_float_3_3
Parameters: 0.999994 -0.002577 0.00203854 0.00256164 0.999967 0.0077444 -0.00205873 -0.00773895 0.999968 0.0677877 0.202117 -0.671299
FixedParameters: 0 0 0

#Transform 103
Transform: AffineTransform_float_3_3
Parameters: 0.999992 -0.00376659 -0.00181837 0.00377729 0.999974 0.0062863 0.00179419 -0.00629271 0.999979 0.253592 0.247404 -0.706391
FixedParameters: 0 0 0

#Transform 104
Transform: AffineTransform_float_3_3
Parameters: 0.999988 -0.00449386 -0.00206578 0.00450947 0.99996 0.00770574 0.00203131 -0.00771498 0.999968 0.27418 0.206435 -0.67047
FixedParameters: 0 0 0

#Transform 105
Transform: AffineTransform_float_3_3
Parameters: 0.999985 -0.00506203 -0.00195045 0.00507735 0.999958 0.00761812 0.00191166 -0.00762809 0.999969 0.280782 0.204279 -0.679927
FixedParameters: 0 0 0

#Transform 106
Transform: AffineTransform_float_3_3
Parameters: 0.999985 -0.00512128 -0.00192599 0.00513643 0.999954 0.00803733 0.00188453 -0.00804692 0.999966 0.28301 0.238804 -0.68357
FixedParameters: 0 0 0

#Transform 107
Transform: AffineTransform_float_3_3
Parameters: 0.999987 -0.00458184 -0.00204643 0.00459852 0.999959 0.00774272 0.00201105 -0.00775129 0.999967 0.253614 0.237871 -0.674443
FixedParameters: 0 0 0

#Transform 108
Transform: AffineTransform_float_3_3
Parameters: 0.999987 -0.00453735 -0.00209841 0.00455438 0.999957 0.00805801 0.00206138 -0.00806775 0.999965 0.229003 0.246768 -0.707036
FixedParameters: 0 0 0

#Transform 109
Transform: AffineTransform_float_3_3
Parameters: 0.999987 -0.0048534 -0.00167178 0.00486511 0.999962 0.0072039 0.00163648 -0.0072121 0.999972 0.2373 0.236021 -0.666239
FixedParameters: 0 0 0

#Transform 110
Transform: AffineTransform_float_3_3
Parameters: 0.999987 -0.00466163 -0.00203458 0.00467643 0.999961 0.00758392 0.00199956 -0.0075931 0.999969 0.244066 0.255808 -0.716804
FixedParameters: 0 0 0

#Transform 111
Transform: AffineTransform_float_3_3
Parameters: 0.999986 -0.00490875 -0.00194778 0.00492618 0.99995 0.00879727 0.00190495 -0.00880633 0.999959 0.248701 0.300359 -0.685455
FixedParameters: 0 0 0

#Transform 112
Transform: AffineTransform_float_3_3
Parameters: 0.999987 -0.00498694 -0.00138149 0.00499926 0.999951 0.00850155 0.00133882 -0.00850798 0.999963 0.244229 0.243285 -0.643559
FixedParameters: 0 0 0

#Transform 113
Transform: AffineTransform_float_3_3
Parameters: 0.999988 -0.00450807 -0.00225991 0.00452655 0.999956 0.00822561 0.00222234 -0.00823534 0.999964 0.230352 0.258575 -0.692255
FixedParameters: 0 0 0

#Transform 114
Transform: AffineTransform_float_3_3
Parameters: 0.999988 -0.00437551 -0.00199134 0.00439278 0.999953 0.00866138 0.00195309 -0.00867005 0.999961 0.225402 0.240356 -0.662676
FixedParameters: 0 0 0

#Transform 115
Transform: AffineTransform_float_3_3
Parameters: 0.999989 -0.00418627 -0.0024345 0.00420893 0.999948 0.00932159 0.00239555 -0.00933142 0.999954 0.200331 0.284105 -0.682525
FixedParameters: 0 0 0

#Transform 116
Transform: AffineTransform_float_3_3
Parameters: 0.999989 -0.00420269 -0.0020508 0.00422042 0.999954 0.0085849 0.00201517 -0.00859335 0.999961 0.194493 0.225556 -0.638097
FixedParameters: 0 0 0

#Transform 117
Transform: AffineTransform_float_3_3
Parameters: 0.999989 -0.00387523 -0.00260348 0.00389688 0.999955 0.00862463 0.00257044 -0.00863417 0.99996 0.180887 0.246933 -0.689667
FixedParameters: 0 0 0

#Transform 118
Transform: AffineTransform_float_3_3
Parameters: 0.999988 -0.00437547 -0.00199331 0.00439451 0.999947 0.00931497 0.00195298 -0.00932285 0.999955 0.185197 0.219024 -0.630287
FixedParameters: 0 0 0

#Transform 119
Transform: AffineTransform_float_3_3
Parameters: 0.999991 -0.00369462 -0.0023584 0.00371883 0.99994 0.0103093 0.00232025 -0.0103175 0.999944 0.15255 0.239963 -0.679725
FixedParameters: 0 0 0

#Transform 120
Transform: AffineTransform_float_3_3
Parameters: 0.999991 -0.00385208 -0.00210129 0.00387197 0.999949 0.00930777 0.00206585 -0.00931563 0.999954 0.156884 0.234258 -0.546455
FixedParameters: 0 0 0

#Transform 121
Transform: AffineTransform_float_3_3
Parameters: 0.999991 -0.00365463 -0.00212615 0.00367535 0.999945 0.00982359 0.00209032 -0.00983124 0.999949 0.141763 0.275008 -0.6609
FixedParameters: 0 0 0

#Transform 122
Transform: AffineTransform_float_3_3
Parameters: 0.999993 -0.0035219 -0.0016836 0.00353848 0.999941 0.0102238 0.0016471 -0.01023 0.999946 0.138274 0.288093 -0.62594
FixedParameters: 0 0 0

#Transform 123
Transform: AffineTransform_float_3_3
Parameters: 0.999991 -0.00326463 -0.00265274 0.00329167 0.999941 0.0102766 0.00261921 -0.0102855 0.999944 0.126913 0.232375 -0.649414
FixedParameters: 0 0 0

#Transform 124
Transform: AffineTransform_float_3_3
Parameters: 0.999992 -0.00321912 -0.00240031 0.00324412 0.999939 0.0104839 0.00236606 -0.0104914 0.999942 0.120365 0.237244 -0.575157
FixedParameters: 0 0 0

#Transform 125
Transform: AffineTransform_float_3_3
Parameters: 0.999991 -0.00328304 -0.00267462 0.00331176 0.999936 0.0107653 0.00263911 -0.0107745 0.999938 0.116523 0.25178 -0.618591
FixedParameters: 0 0 0

#Transform 126
Transform: AffineTransform_float_3_3
Parameters: 0.999991 -0.00293072 -0.00311999 0.00296326 0.999941 0.010518 0.00308915 -0.0105278 0.99994 0.108224 0.250739 -0.608324
FixedParameters: 0 0 0

#Transform 127
Transform: AffineTransform_float_3_3
Parameters: 0.999989 -0.00262281 -0.00371733 0.00265683 0.999955 0.00919938 0.00369332 -0.00920892 0.999951 0.086994 0.278198 -0.65664
FixedParameters: 0 0 0

#Transform 128
Transform: AffineTransform_float_3_3
Parameters: 0.999991 -0.00294686 -0.00299156 0.00297767 0.999944 0.0102104 0.00296146 -0.0102191 0.999943 0.0955354 0.268571 -0.613238
FixedParameters: 0 0 0

#Transform 129
Transform: AffineTransform_float_3_3
Parameters: 0.99999 -0.00295617 -0.00326761 0.00299047 0.999941 0.0104637 0.00323679 -0.0104732 0.99994 0.0650224 0.311774 -0.673103
FixedParameters: 0 0 0

#Transform 130
Transform: AffineTransform_float_3_3
Parameters: 0.999991 -0.00321551 -0.00294104 0.00324793 0.999934 0.011047 0.00290615 -0.0110562 0.999934 0.0606563 0.24259 -0.593579
FixedParameters: 0 0 0

#Transform 131
Transform: AffineTransform_float_3_3
Parameters: 0.999991 -0.00287958 -0.00301212 0.00291313 0.999935 0.010967 0.00298096 -0.0109758 0.999935 0.0419506 0.265437 -0.694042
FixedParameters: 0 0 0

#Transform 132
Transform: AffineTransform_float_3_3
Parameters: 0.999991 -0.00278575 -0.0030516 0.0028173 0.999942 0.0103253 0.00302341 -0.0103338 0.999942 0.05701 0.287061 -0.606217
FixedParameters: 0 0 0

#Transform 133
Transform: AffineTransform_float_3_3
Parameters: 0.999994 -0.00208863 -0.0025694 0.00211559 0.99994 0.0107682 0.0025473 -0.0107734 0.999939 -0.00337128 0.278024 -0.648353
FixedParameters: 0 0 0

#Transform 134
Transform: AffineTransform_float_3_3
Parameters: 0.999998 -0.0015845 -0.00109283 0.00159738 0.999933 0.011518 0.00107436 -0.0115195 0.999933 -0.00488207 0.285343 -0.612958
FixedParameters: 0 0 0

#Transform 135
Transform: AffineTransform_float_3_3
Parameters: 0.999997 -0.00217053 -0.0011737 0.00218223 0.999946 0.0102365 0.00115149 -0.0102393 0.999947 0.0424328 0.241997 -0.54146
FixedParameters: 0 0 0

#Transform 136
Transform: AffineTransform_float_3_3
Parameters: 0.999996 -0.00199011 -0.00197754 0.00201028 0.999948 0.00998598 0.00195725 -0.00999009 0.999948 0.064751 0.330354 -0.568497
FixedParameters: 0 0 0

#Transform 137
Transform: AffineTransform_float_3_3
Parameters: 0.999996 -0.00235303 -0.00139997 0.00236883 0.99993 0.0115816 0.0013725 -0.0115855 0.999932 0.049166 0.287428 -0.551793
FixedParameters: 0 0 0

#Transform 138
Transform: AffineTransform_float_3_3
Parameters: 0.999997 -0.00234247 -0.000906075 0.00235213 0.999938 0.010867 0.000881428 -0.0108692 0.999941 0.050523 0.251586 -0.556824
FixedParameters: 0 0 0

#Transform 139
Transform: AffineTransform_float_3_3
Parameters: 0.999996 -0.00221441 -0.00135892 0.00222735 0.999952 0.00955772 0.00133756 -0.00956098 0.999954 0.053626 0.285319 -0.569989
FixedParameters: 0 0 0

#Transform 140
Transform: AffineTransform_float_3_3
Parameters: 0.999995 -0.00314398 -0.000906846 0.0031534 0.999936 0.0108985 0.000872796 -0.010901 0.999941 0.0616308 0.283611 -0.583537
FixedParameters: 0 0 0

#Transform 141
Transform: AffineTransform_float_3_3
Parameters: 0.999998 -0.00202149 -0.000155744 0.00202337 0.999938 0.0109635 0.00013393 -0.0109634 0.99994 0.0313139 0.240159 -0.552595
FixedParameters: 0 0 0

#Transform 142
Transform: AffineTransform_float_3_3
Parameters: 0.999996 -0.00251294 -0.00114449 0.00252581 0.999938 0.0108164 0.00111774 -0.0108188 0.999941 0.0673498 0.23894 -0.558065
FixedParameters: 0 0 0

#Transform 143
Transform: AffineTransform_float_3_3
Parameters: 0.999995 -0.00281451 -0.00179978 0.00283171 0.999948 0.00974036 0.00177211 -0.0097447 0.999951 0.034797 0.299295 -0.571827
FixedParameters: 0 0 0

#Transform 144
Transform: AffineTransform_float_3_3
Parameters: 0.999995 -0.00319195 -0.000779505 0.00319896 0.999942 0.0103061 0.000746476 -0.0103082 0.999946 0.0267927 0.32274 -0.56376
FixedParameters: 0 0 0

#Transform 145
Transform: AffineTransform_float_3_3
Parameters: 0.999994 -0.00345399 -0.000862768 0.00346224 0.999944 0.00996909 0.000828411 -0.00997224 0.99995 0.0392878 0.263927 -0.535022
FixedParameters: 0 0 0

#Transform 146
Transform: AffineTransform_float_3_3
Parameters: 0.999993 -0.0033853 -0.00197598 0.00340531 0.99994 0.010393 0.0019399 -0.0103993 0.999944 0.0476032 0.243804 -0.528023
FixedParameters: 0 0 0

#Transform 147
Transform: AffineTransform_float_3_3
Parameters: 0.999992 -0.00358082 -0.00154377 0.00359483 0.999948 0.00955755 0.00150896 -0.0095634 0.999953 0.0492162 0.319777 -0.484043
FixedParameters: 0 0 0

#Transform 148
Transform: AffineTransform_float_3_3
Parameters: 0.999992 -0.00379232 -0.00112266 0.00380439 0.999938 0.0105278 0.0010823 -0.0105322 0.999944 0.03277 0.298597 -0.549852
FixedParameters: 0 0 0

#Transform 149
Transform: AffineTransform_float_3_3
Parameters: 0.999992 -0.00383412 -0.00131847 0.00384765 0.999937 0.0105578 0.00127863 -0.0105625 0.999943 0.0660874 0.295313 -0.476248
FixedParameters: 0 0 0
