# transform file /out/sourcedata/freesurfer/sub-v1s17x0050238_ses-1/mri/transforms/cc_up.lta
# created by oesteban on Mon Mar  9 02:13:40 2026

type      = 0 # LINEAR_VOX_TO_VOX
nxforms   = 1
mean      = 129.0000 117.0000 122.0000
sigma     = 10000.0000
1 4 4
9.939626455307007e-01 1.020186543464661e-01 -4.037962481379509e-02 -8.296184539794922e+00 
-1.019345745444298e-01 9.947825074195862e-01 4.141081124544144e-03 4.336113357543945e+01 
4.059141129255295e-02 0.000000000000000e+00 9.991758465766907e-01 7.824397087097168e-01 
0.000000000000000e+00 0.000000000000000e+00 0.000000000000000e+00 1.000000000000000e+00 
src volume info
valid = 1  # volume info valid
filename = /out/sourcedata/freesurfer/sub-v1s17x0050238_ses-1/mri/norm.mgz
volume = 256 256 256
voxelsize = 1.000000000000000e+00 1.000000000000000e+00 1.000000000000000e+00
xras   = -9.999999403953552e-01 -2.328306436538696e-10 3.725290298461914e-09
yras   = 7.450580596923828e-09 0.000000000000000e+00 -1.000000000000000e+00
zras   = 1.979060471057892e-09 1.000000000000000e+00 0.000000000000000e+00
cras   = 2.112991333007812e+00 -7.539566040039062e+00 -5.908798217773438e+00
dst volume info
valid = 1  # volume info valid
filename = /out/sourcedata/freesurfer/sub-v1s17x0050238_ses-1/mri/norm.mgz
volume = 256 256 256
voxelsize = 1.000000000000000e+00 1.000000000000000e+00 1.000000000000000e+00
xras   = -9.999999403953552e-01 -2.328306436538696e-10 3.725290298461914e-09
yras   = 7.450580596923828e-09 0.000000000000000e+00 -1.000000000000000e+00
zras   = 1.979060471057892e-09 1.000000000000000e+00 0.000000000000000e+00
cras   = 2.112991333007812e+00 -7.539566040039062e+00 -5.908798217773438e+00
