type      = 0 # LINEAR_VOX_TO_VOX
nxforms   = 1
mean      = 0.0000 0.0000 0.0000
sigma     = 1.0000
1 4 4
1.080945849418640e+00 1.020009890198708e-01 -3.890800476074219e-02 -1.971896362304688e+01 
-9.878599643707275e-02 1.166741967201233e+00 4.969000071287155e-02 -4.125778198242188e+00 
2.977799810469151e-02 -2.850000001490116e-02 1.115775942802429e+00 -2.549168395996094e+01 
0.000000000000000e+00 0.000000000000000e+00 0.000000000000000e+00 1.000000000000000e+00 
src volume info
valid = 1  # volume info valid
filename = /out/sourcedata/freesurfer/sub-v1s17x0050238_ses-1/mri/orig.mgz
volume = 256 256 256
voxelsize = 1.000000000000000e+00 1.000000000000000e+00 1.000000000000000e+00
xras   = -9.999999403953552e-01 -2.328306436538696e-10 3.725290298461914e-09
yras   = 7.450580596923828e-09 0.000000000000000e+00 -1.000000000000000e+00
zras   = 1.979060471057892e-09 1.000000000000000e+00 0.000000000000000e+00
cras   = 2.112991333007812e+00 -7.539566040039062e+00 -5.908798217773438e+00
dst volume info
valid = 1  # volume info valid
filename = /opt/freesurfer/average/mni305.cor.mgz
volume = 256 256 256
voxelsize = 1.000000000000000e+00 1.000000000000000e+00 1.000000000000000e+00
xras   = -1.000000000000000e+00 0.000000000000000e+00 0.000000000000000e+00
yras   = 0.000000000000000e+00 0.000000000000000e+00 -1.000000000000000e+00
zras   = 0.000000000000000e+00 1.000000000000000e+00 0.000000000000000e+00
cras   = 0.000000000000000e+00 0.000000000000000e+00 0.000000000000000e+00
subject fsaverage
fscale 0.100000
