# transform file transforms/talairach.lta
# created by oesteban on Mon Mar  9 01:20:36 2026

type      = 0 # LINEAR_VOX_TO_VOX
nxforms   = 1
mean      = 129.0000 117.0000 122.0000
sigma     = 10000.0000
1 4 4
1.006839871406555e+00 1.099161431193352e-01 -2.343832515180111e-02 -1.416077995300293e+01 
-9.289251267910004e-02 1.171220421791077e+00 6.890402734279633e-02 -7.167092800140381e+00 
3.036627545952797e-02 -8.172263205051422e-02 1.018412828445435e+00 -7.245632171630859e+00 
0.000000000000000e+00 0.000000000000000e+00 0.000000000000000e+00 1.000000000000000e+00 
src volume info
valid = 1  # volume info valid
filename = nu.mgz
volume = 256 256 256
voxelsize = 1.000000000000000e+00 1.000000000000000e+00 1.000000000000000e+00
xras   = -9.999999403953552e-01 -2.328306436538696e-10 3.725290298461914e-09
yras   = 7.450580596923828e-09 0.000000000000000e+00 -1.000000000000000e+00
zras   = 1.979060471057892e-09 1.000000000000000e+00 0.000000000000000e+00
cras   = 2.112991333007812e+00 -7.539566040039062e+00 -5.908798217773438e+00
dst volume info
valid = 1  # volume info valid
filename = /opt/freesurfer/average/RB_all_2020-01-02.gca
volume = 256 256 256
voxelsize = 1.000000000000000e+00 1.000000000000000e+00 1.000000000000000e+00
xras   = -1.000000000000000e+00 0.000000000000000e+00 0.000000000000000e+00
yras   = 0.000000000000000e+00 0.000000000000000e+00 -1.000000000000000e+00
zras   = 0.000000000000000e+00 1.000000000000000e+00 0.000000000000000e+00
cras   = 0.000000000000000e+00 0.000000000000000e+00 0.000000000000000e+00
