# transform file /out/sourcedata/freesurfer/sub-v1s17x0050232_ses-1/mri/transforms/cc_up.lta
# created by oesteban on Mon Mar  9 02:25:37 2026

type      = 0 # LINEAR_VOX_TO_VOX
nxforms   = 1
mean      = 128.0000 109.0000 110.0000
sigma     = 10000.0000
1 4 4
9.993005990982056e-01 -3.692351654171944e-02 5.919855087995529e-03 2.773317337036133e+00 
3.692286834120750e-02 9.993181228637695e-01 2.187310019508004e-04 3.331162643432617e+01 
-5.923894699662924e-03 1.455191522836685e-11 9.999825358390808e-01 2.076015472412109e+01 
0.000000000000000e+00 0.000000000000000e+00 0.000000000000000e+00 1.000000000000000e+00 
src volume info
valid = 1  # volume info valid
filename = /out/sourcedata/freesurfer/sub-v1s17x0050232_ses-1/mri/norm.mgz
volume = 256 256 256
voxelsize = 1.000000000000000e+00 1.000000000000000e+00 1.000000000000000e+00
xras   = -1.000000000000000e+00 2.119122655130923e-10 0.000000000000000e+00
yras   = 0.000000000000000e+00 2.328306436538696e-10 -1.000000000000000e+00
zras   = 2.539763954700902e-10 1.000000000000000e+00 -2.328306436538696e-10
cras   = 1.015853881835938e+00 -5.454940795898438e-01 -1.659767913818359e+01
dst volume info
valid = 1  # volume info valid
filename = /out/sourcedata/freesurfer/sub-v1s17x0050232_ses-1/mri/norm.mgz
volume = 256 256 256
voxelsize = 1.000000000000000e+00 1.000000000000000e+00 1.000000000000000e+00
xras   = -1.000000000000000e+00 2.119122655130923e-10 0.000000000000000e+00
yras   = 0.000000000000000e+00 2.328306436538696e-10 -1.000000000000000e+00
zras   = 2.539763954700902e-10 1.000000000000000e+00 -2.328306436538696e-10
cras   = 1.015853881835938e+00 -5.454940795898438e-01 -1.659767913818359e+01
