type      = 1 # LINEAR_RAS_TO_RAS
nxforms   = 1
mean      = 0.0000 0.0000 0.0000
sigma     = 1.0000
1 4 4
1.018630027770996e+00 -1.296999957412481e-02 -4.639099910855293e-02 -3.551560044288635e-01 
4.913600161671638e-02 9.529110193252563e-01 1.253689974546432e-01 -2.481055974960327e+00 
2.458499930799007e-02 -1.461270004510880e-01 1.085695981979370e+00 -3.238997936248779e+00 
0.000000000000000e+00 0.000000000000000e+00 0.000000000000000e+00 1.000000000000000e+00 
src volume info
valid = 1  # volume info valid
filename = /out/sourcedata/freesurfer/sub-v1s17x0050232_ses-1/mri/orig_nu.mgz
volume = 256 256 256
voxelsize = 1.000000000000000e+00 1.000000000000000e+00 1.000000000000000e+00
xras   = -1.000000000000000e+00 2.119122655130923e-10 0.000000000000000e+00
yras   = 0.000000000000000e+00 2.328306436538696e-10 -1.000000000000000e+00
zras   = 2.539763954700902e-10 1.000000000000000e+00 -2.328306436538696e-10
cras   = 1.015853881835938e+00 -5.454940795898438e-01 -1.659767913818359e+01
dst volume info
valid = 1  # volume info valid
filename = /opt/freesurfer/average/mni305.cor.mgz
volume = 256 256 256
voxelsize = 1.000000000000000e+00 1.000000000000000e+00 1.000000000000000e+00
xras   = -1.000000000000000e+00 0.000000000000000e+00 0.000000000000000e+00
yras   = 0.000000000000000e+00 0.000000000000000e+00 -1.000000000000000e+00
zras   = 0.000000000000000e+00 1.000000000000000e+00 0.000000000000000e+00
cras   = 0.000000000000000e+00 0.000000000000000e+00 0.000000000000000e+00
subject fsaverage
fscale 0.100000
