# transform file transforms/talairach.lta
# created by oesteban on Mon Mar  9 01:10:43 2026

type      = 0 # LINEAR_VOX_TO_VOX
nxforms   = 1
mean      = 129.0000 109.0000 110.0000
sigma     = 10000.0000
1 4 4
1.039081931114197e+00 -5.334353446960449e-02 3.375918604433537e-03 -1.686317920684814e+00 
5.011872202157974e-02 1.079933404922485e+00 7.709746062755585e-02 -7.332786560058594e+00 
-6.332586519420147e-03 -1.223012134432793e-01 8.940286636352539e-01 2.486437606811523e+01 
0.000000000000000e+00 0.000000000000000e+00 0.000000000000000e+00 1.000000000000000e+00 
src volume info
valid = 1  # volume info valid
filename = nu.mgz
volume = 256 256 256
voxelsize = 1.000000000000000e+00 1.000000000000000e+00 1.000000000000000e+00
xras   = -1.000000000000000e+00 2.119122655130923e-10 0.000000000000000e+00
yras   = 0.000000000000000e+00 2.328306436538696e-10 -1.000000000000000e+00
zras   = 2.539763954700902e-10 1.000000000000000e+00 -2.328306436538696e-10
cras   = 1.015853881835938e+00 -5.454940795898438e-01 -1.659767913818359e+01
dst volume info
valid = 1  # volume info valid
filename = /opt/freesurfer/average/RB_all_2020-01-02.gca
volume = 256 256 256
voxelsize = 1.000000000000000e+00 1.000000000000000e+00 1.000000000000000e+00
xras   = -1.000000000000000e+00 0.000000000000000e+00 0.000000000000000e+00
yras   = 0.000000000000000e+00 0.000000000000000e+00 -1.000000000000000e+00
zras   = 0.000000000000000e+00 1.000000000000000e+00 0.000000000000000e+00
cras   = 0.000000000000000e+00 0.000000000000000e+00 0.000000000000000e+00
