# transform file /out/sourcedata/freesurfer/sub-v1s17x0050265_ses-1/mri/transforms/cc_up.lta
# created by oesteban on Thu Mar 12 12:55:41 2026

type      = 0 # LINEAR_VOX_TO_VOX
nxforms   = 1
mean      = 130.0000 117.0000 125.0000
sigma     = 10000.0000
1 4 4
9.960344433784485e-01 4.219262301921844e-02 7.832723110914230e-02 -1.597578620910645e+01 
-4.206276312470436e-02 9.991095066070557e-01 -3.307776991277933e-03 3.699366760253906e+01 
-7.839704304933548e-02 0.000000000000000e+00 9.969221949577332e-01 1.061490345001221e+01 
0.000000000000000e+00 0.000000000000000e+00 0.000000000000000e+00 1.000000000000000e+00 
src volume info
valid = 1  # volume info valid
filename = /out/sourcedata/freesurfer/sub-v1s17x0050265_ses-1/mri/norm.mgz
volume = 256 256 256
voxelsize = 1.000000000000000e+00 1.000000000000000e+00 1.000000000000000e+00
xras   = -9.999998807907104e-01 2.299202606081963e-09 1.862645149230957e-09
yras   = 0.000000000000000e+00 -1.862645149230957e-09 -9.999999403953552e-01
zras   = 1.338776201009750e-09 9.999998807907104e-01 1.862645149230957e-09
cras   = -8.047485351562500e-02 -1.330009460449219e+01 -3.248550415039062e+00
dst volume info
valid = 1  # volume info valid
filename = /out/sourcedata/freesurfer/sub-v1s17x0050265_ses-1/mri/norm.mgz
volume = 256 256 256
voxelsize = 1.000000000000000e+00 1.000000000000000e+00 1.000000000000000e+00
xras   = -9.999998807907104e-01 2.299202606081963e-09 1.862645149230957e-09
yras   = 0.000000000000000e+00 -1.862645149230957e-09 -9.999999403953552e-01
zras   = 1.338776201009750e-09 9.999998807907104e-01 1.862645149230957e-09
cras   = -8.047485351562500e-02 -1.330009460449219e+01 -3.248550415039062e+00
