type      = 0 # LINEAR_VOX_TO_VOX
nxforms   = 1
mean      = 0.0000 0.0000 0.0000
sigma     = 1.0000
1 4 4
1.098193883895874e+00 3.981899470090866e-02 7.776699215173721e-02 -2.860696411132812e+01 
-6.543999165296555e-02 1.121796846389771e+00 -6.023699790239334e-02 7.236282348632812e+00 
-9.913498163223267e-02 -3.928001504391432e-03 1.102682828903198e+00 -1.758172607421875e+01 
0.000000000000000e+00 0.000000000000000e+00 0.000000000000000e+00 1.000000000000000e+00 
src volume info
valid = 1  # volume info valid
filename = /out/sourcedata/freesurfer/sub-v1s17x0050265_ses-1/mri/orig.mgz
volume = 256 256 256
voxelsize = 1.000000000000000e+00 1.000000000000000e+00 1.000000000000000e+00
xras   = -9.999998807907104e-01 2.299202606081963e-09 1.862645149230957e-09
yras   = 0.000000000000000e+00 -1.862645149230957e-09 -9.999999403953552e-01
zras   = 1.338776201009750e-09 9.999998807907104e-01 1.862645149230957e-09
cras   = -8.047485351562500e-02 -1.330009460449219e+01 -3.248550415039062e+00
dst volume info
valid = 1  # volume info valid
filename = /opt/freesurfer/average/mni305.cor.mgz
volume = 256 256 256
voxelsize = 1.000000000000000e+00 1.000000000000000e+00 1.000000000000000e+00
xras   = -1.000000000000000e+00 0.000000000000000e+00 0.000000000000000e+00
yras   = 0.000000000000000e+00 0.000000000000000e+00 -1.000000000000000e+00
zras   = 0.000000000000000e+00 1.000000000000000e+00 0.000000000000000e+00
cras   = 0.000000000000000e+00 0.000000000000000e+00 0.000000000000000e+00
subject fsaverage
fscale 0.100000
