type      = 1 # LINEAR_RAS_TO_RAS
nxforms   = 1
mean      = 0.0000 0.0000 0.0000
sigma     = 1.0000
1 4 4
1.098194003105164e+00 -7.776699960231781e-02 3.981899842619896e-02 1.705629974603653e-01 
9.913499653339386e-02 1.102682948112488e+00 3.928000107407570e-03 -2.943862915039062e+00 
-6.543999910354614e-02 6.023700162768364e-02 1.121796965599060e+00 -2.299521923065186e+00 
0.000000000000000e+00 0.000000000000000e+00 0.000000000000000e+00 1.000000000000000e+00 
src volume info
valid = 1  # volume info valid
filename = /out/sourcedata/freesurfer/sub-v1s17x0050265_ses-1/mri/orig_nu.mgz
volume = 256 256 256
voxelsize = 1.000000000000000e+00 1.000000000000000e+00 1.000000000000000e+00
xras   = -9.999998807907104e-01 2.299202606081963e-09 1.862645149230957e-09
yras   = 0.000000000000000e+00 -1.862645149230957e-09 -9.999999403953552e-01
zras   = 1.338776201009750e-09 9.999998807907104e-01 1.862645149230957e-09
cras   = -8.047485351562500e-02 -1.330009460449219e+01 -3.248550415039062e+00
dst volume info
valid = 1  # volume info valid
filename = /opt/freesurfer/average/mni305.cor.mgz
volume = 256 256 256
voxelsize = 1.000000000000000e+00 1.000000000000000e+00 1.000000000000000e+00
xras   = -1.000000000000000e+00 0.000000000000000e+00 0.000000000000000e+00
yras   = 0.000000000000000e+00 0.000000000000000e+00 -1.000000000000000e+00
zras   = 0.000000000000000e+00 1.000000000000000e+00 0.000000000000000e+00
cras   = 0.000000000000000e+00 0.000000000000000e+00 0.000000000000000e+00
subject fsaverage
fscale 0.100000
