# transform file transforms/talairach.lta
# created by oesteban on Thu Mar 12 11:53:54 2026

type      = 0 # LINEAR_VOX_TO_VOX
nxforms   = 1
mean      = 130.0000 117.0000 125.0000
sigma     = 10000.0000
1 4 4
1.076385021209717e+00 8.278574794530869e-02 1.104020327329636e-01 -3.612010955810547e+01 
-8.487398177385330e-02 1.143910288810730e+00 -9.376680850982666e-02 1.140037059783936e+01 
-1.487837135791779e-01 9.903085976839066e-02 1.032775282859802e+00 -1.282675170898438e+01 
0.000000000000000e+00 0.000000000000000e+00 0.000000000000000e+00 1.000000000000000e+00 
src volume info
valid = 1  # volume info valid
filename = nu.mgz
volume = 256 256 256
voxelsize = 1.000000000000000e+00 1.000000000000000e+00 1.000000000000000e+00
xras   = -9.999998807907104e-01 2.299202606081963e-09 1.862645149230957e-09
yras   = 0.000000000000000e+00 -1.862645149230957e-09 -9.999999403953552e-01
zras   = 1.338776201009750e-09 9.999998807907104e-01 1.862645149230957e-09
cras   = -8.047485351562500e-02 -1.330009460449219e+01 -3.248550415039062e+00
dst volume info
valid = 1  # volume info valid
filename = /opt/freesurfer/average/RB_all_2020-01-02.gca
volume = 256 256 256
voxelsize = 1.000000000000000e+00 1.000000000000000e+00 1.000000000000000e+00
xras   = -1.000000000000000e+00 0.000000000000000e+00 0.000000000000000e+00
yras   = 0.000000000000000e+00 0.000000000000000e+00 -1.000000000000000e+00
zras   = 0.000000000000000e+00 1.000000000000000e+00 0.000000000000000e+00
cras   = 0.000000000000000e+00 0.000000000000000e+00 0.000000000000000e+00
