#Insight Transform File V1.0
#Transform 0
Transform: AffineTransform_float_3_3
Parameters: 1 0.000433394 0.000249169 -0.000432879 0.999999 0.000872909 -0.000248717 -0.000873172 0.999999 -0.0674429 -0.123727 -0.0593665
FixedParameters: 0 0 0

#Transform 1
Transform: AffineTransform_float_3_3
Parameters: 1 0.000365241 0.000221793 -0.000365294 1 0.000119664 -0.000221706 -0.000119826 1 -0.0608911 -0.0655885 -0.0771451
FixedParameters: 0 0 0

#Transform 2
Transform: AffineTransform_float_3_3
Parameters: 1 0.00042956 0.000242867 -0.000429055 0.999999 0.000916701 -0.000242384 -0.000916956 0.999999 -0.0622349 -0.0776284 -0.0582983
FixedParameters: 0 0 0

#Transform 3
Transform: AffineTransform_float_3_3
Parameters: 1 0.000322682 0.000269565 -0.000322858 1 0.000326624 -0.000269354 -0.000326797 1 -0.0582024 -0.10889 -0.0431003
FixedParameters: 0 0 0

#Transform 4
Transform: AffineTransform_float_3_3
Parameters: 1 0.000420818 0.000204455 -0.000421735 1 -1.12625e-05 -0.000204198 1.19489e-05 1 -0.0625072 -0.0226958 -0.0779599
FixedParameters: 0 0 0

#Transform 5
Transform: AffineTransform_float_3_3
Parameters: 0.999999 0.00046426 -0.000805339 -0.000464295 0.999999 0.000586058 0.000806225 -0.000586074 0.999999 -0.0406424 -0.0513433 -0.0573839
FixedParameters: 0 0 0

#Transform 6
Transform: AffineTransform_float_3_3
Parameters: 1 0.000127781 -0.000248448 -0.000127534 1 0.000497943 0.000248575 -0.000497879 1 -0.0424996 -0.053616 -0.0307625
FixedParameters: 0 0 0

#Transform 7
Transform: AffineTransform_float_3_3
Parameters: 1 0.000202201 -0.000462469 -0.000202157 1 4.79214e-05 0.000462488 -4.77344e-05 1 -0.0247005 -0.0275631 6.89988e-05
FixedParameters: 0 0 0

#Transform 8
Transform: AffineTransform_float_3_3
Parameters: 1 0.000210814 -1.70773e-05 -0.000210804 1 0.000289643 1.71994e-05 -0.000289636 1 -0.0218269 -0.11582 0.0301044
FixedParameters: 0 0 0

#Transform 9
Transform: AffineTransform_float_3_3
Parameters: 1 0.000308854 -3.15002e-05 -0.000308874 1 -0.000317787 3.13039e-05 0.000317807 1 -0.0256941 -0.00797651 -0.00925222
FixedParameters: 0 0 0

#Transform 10
Transform: AffineTransform_float_3_3
Parameters: 0.999999 0.000515324 -0.000609022 -0.000514667 1 0.000833883 0.000608949 -0.000833837 0.999999 -0.0170432 -0.0854126 0.0173491
FixedParameters: 0 0 0

#Transform 11
Transform: AffineTransform_float_3_3
Parameters: 1 0.0010182 2.31168e-06 -0.00101819 1 -0.000218468 -2.86836e-06 0.000218691 1 -0.0694693 -0.0603276 0.000443651
FixedParameters: 0 0 0

#Transform 12
Transform: AffineTransform_float_3_3
Parameters: 1 -2.26072e-05 -0.000409914 2.27297e-05 1 0.000149472 0.000409907 -0.00014949 1 0.0145876 -0.0506302 0.0117355
FixedParameters: 0 0 0

#Transform 13
Transform: AffineTransform_float_3_3
Parameters: 1 -0.000154898 -0.000685828 0.000155604 0.999999 0.00122779 0.000685842 -0.00122796 0.999999 0.0108692 -0.115674 0.0308293
FixedParameters: 0 0 0

#Transform 14
Transform: AffineTransform_float_3_3
Parameters: 0.999999 0.000118168 -0.000736431 -0.000118295 1 -8.58209e-05 0.000736411 8.5995e-05 0.999999 0.00997088 -0.0316688 0.00998249
FixedParameters: 0 0 0

#Transform 15
Transform: AffineTransform_float_3_3
Parameters: 1 -1.58326e-05 -0.000305758 1.63279e-05 0.999999 0.000809953 0.000305732 -0.000809963 0.999999 0.0284497 -0.112888 0.0387513
FixedParameters: 0 0 0

#Transform 16
Transform: AffineTransform_float_3_3
Parameters: 1 0.000203074 0.000127422 -0.00020342 0.999999 0.00125234 -0.000126823 -0.00125239 0.999999 -0.00271434 -0.109824 0.0649375
FixedParameters: 0 0 0

#Transform 17
Transform: AffineTransform_float_3_3
Parameters: 1 5.55307e-06 -0.000252845 -5.1978e-06 1 0.000702542 0.000252853 -0.000702539 0.999999 0.0111032 -0.0430301 0.0126606
FixedParameters: 0 0 0

#Transform 18
Transform: AffineTransform_float_3_3
Parameters: 1 3.08523e-05 -0.000249763 -3.06062e-05 1 0.000492504 0.000249794 -0.000492488 1 -0.00847191 -0.044338 -0.0428883
FixedParameters: 0 0 0

#Transform 19
Transform: AffineTransform_float_3_3
Parameters: 1 -8.78991e-05 0.000222167 8.82901e-05 1 0.00119542 -0.000222592 -0.00119543 1 -0.0102088 -0.0609627 0.0512889
FixedParameters: 0 0 0

#Transform 20
Transform: AffineTransform_float_3_3
Parameters: 1 0.00012523 0.000191616 -0.000125178 1 -0.000135858 -0.00019165 0.00013581 1 -0.00696733 -0.0211226 -0.00624956
FixedParameters: 0 0 0

#Transform 21
Transform: AffineTransform_float_3_3
Parameters: 1 -0.000288299 0.00029336 0.000288611 1 0.000948917 -0.000294158 -0.000950189 0.999999 0.011178 -0.130129 0.0755977
FixedParameters: 0 0 0

#Transform 22
Transform: AffineTransform_float_3_3
Parameters: 1 -0.000146666 -0.000193157 0.000146918 1 0.000652387 0.000192965 -0.000652444 1 0.0108304 -0.0606538 0.0600643
FixedParameters: 0 0 0

#Transform 23
Transform: AffineTransform_float_3_3
Parameters: 1 -0.000405391 -0.000109883 0.000405532 0.999999 0.000641792 0.000109362 -0.000641881 1 0.0204077 -0.0371625 0.0594982
FixedParameters: 0 0 0

#Transform 24
Transform: AffineTransform_float_3_3
Parameters: 1 -7.09497e-05 9.77802e-05 7.06286e-05 0.999999 0.00149983 -9.7902e-05 -0.00149982 0.999999 0.00857791 -0.060765 0.104439
FixedParameters: 0 0 0

#Transform 25
Transform: AffineTransform_float_3_3
Parameters: 1 0.000144801 -0.000234094 -0.000144722 1 0.000167548 0.000234142 -0.00016748 1 0.00401513 -0.0364591 0.0340016
FixedParameters: 0 0 0

#Transform 26
Transform: AffineTransform_float_3_3
Parameters: 0.999999 -0.000451815 -0.00056802 0.000451224 0.999998 -0.00187471 0.000568336 0.0018741 0.999998 0.0372076 -0.0385442 -0.0401659
FixedParameters: 0 0 0

#Transform 27
Transform: AffineTransform_float_3_3
Parameters: 0.999999 0.000823157 -1.1967e-05 -0.000823168 0.999999 -0.000472386 1.11893e-05 0.000472405 1 -0.0944138 0.0162118 -0.0183537
FixedParameters: 0 0 0

#Transform 28
Transform: AffineTransform_float_3_3
Parameters: 0.999999 0.000578076 -0.000862439 -0.000579315 1 -0.000688249 0.000861659 0.000688664 0.999999 -0.0695088 4.6001e-05 -0.00302757
FixedParameters: 0 0 0

#Transform 29
Transform: AffineTransform_float_3_3
Parameters: 0.999999 1.26001e-06 -0.000805174 -8.45798e-07 1 0.00025722 0.000805174 -0.000257218 0.999999 -0.0197311 -0.058551 0.0570201
FixedParameters: 0 0 0

#Transform 30
Transform: AffineTransform_float_3_3
Parameters: 0.999999 -1.35931e-05 -0.000809767 1.4213e-05 0.999999 0.000589941 0.00080884 -0.000590774 0.999999 -0.0109339 -0.0783714 0.0836063
FixedParameters: 0 0 0

#Transform 31
Transform: AffineTransform_float_3_3
Parameters: 0.999999 3.70449e-05 -0.000794092 -3.69615e-05 1 -0.000545892 0.000793747 0.000545904 0.999999 -0.000190796 -0.0155312 0.0830298
FixedParameters: 0 0 0

#Transform 32
Transform: AffineTransform_float_3_3
Parameters: 0.999999 -1.2756e-05 -0.000809529 1.33744e-05 1 0.000571868 0.000808566 -0.000571889 0.999999 0.0073192 -0.100065 0.110571
FixedParameters: 0 0 0

#Transform 33
Transform: AffineTransform_float_3_3
Parameters: 0.999999 4.80094e-05 -0.000790677 -4.82869e-05 0.999999 -0.000791316 0.00079037 0.000791928 1 -0.0310668 0.06734 0.0293435
FixedParameters: 0 0 0

#Transform 34
Transform: AffineTransform_float_3_3
Parameters: 0.999999 0.000774601 -0.00044251 -0.000774613 0.999998 -0.00140526 0.000441066 0.0014059 0.999999 -0.0609546 0.0405345 0.0538446
FixedParameters: 0 0 0

#Transform 35
Transform: AffineTransform_float_3_3
Parameters: 0.999999 0.000627894 -0.000501432 -0.000627358 0.999999 -0.000412655 0.00050061 0.000413237 1 -0.0432906 -0.0366356 0.0863391
FixedParameters: 0 0 0

#Transform 36
Transform: AffineTransform_float_3_3
Parameters: 0.999999 0.000773977 -0.000246002 -0.000773895 0.999999 0.000167043 0.00024626 -0.000166662 1 -0.0498571 -0.0456709 0.126803
FixedParameters: 0 0 0

#Transform 37
Transform: AffineTransform_float_3_3
Parameters: 0.999999 0.00070508 -0.00052741 -0.0007055 0.999999 -0.000371275 0.000526924 0.000371208 1 -0.0148884 0.00950983 0.0947894
FixedParameters: 0 0 0

#Transform 38
Transform: AffineTransform_float_3_3
Parameters: 1 0.000461989 -0.000482911 -0.000461226 1 0.000842117 0.000483705 -0.000842253 0.999999 -0.0134205 -0.0500076 0.15115
FixedParameters: 0 0 0

#Transform 39
Transform: AffineTransform_float_3_3
Parameters: 0.999999 0.000716121 -0.000426745 -0.000716016 0.999999 0.000156123 0.000427006 -0.000156323 1 -0.0273509 0.0100274 0.115552
FixedParameters: 0 0 0

#Transform 40
Transform: AffineTransform_float_3_3
Parameters: 0.999999 0.000704354 -0.000448317 -0.000704108 0.999999 0.000275337 0.000448704 -0.000274706 1 -0.0144276 -0.0187034 0.118422
FixedParameters: 0 0 0

#Transform 41
Transform: AffineTransform_float_3_3
Parameters: 1 0.000698057 -1.45456e-05 -0.000698037 0.999999 0.000657166 1.5463e-05 -0.000657145 1 -0.0413533 -0.0538545 0.158462
FixedParameters: 0 0 0

#Transform 42
Transform: AffineTransform_float_3_3
Parameters: 0.999999 0.000700107 -0.000454711 -0.000699837 0.999999 0.000328212 0.000455209 -0.000328386 1 -0.0149548 0.035853 0.120552
FixedParameters: 0 0 0

#Transform 43
Transform: AffineTransform_float_3_3
Parameters: 1 0.0005695 -0.00080611 -0.000568635 1 0.000759767 0.00080599 -0.000760244 0.999999 -0.00915553 -0.00875025 0.151033
FixedParameters: 0 0 0

#Transform 44
Transform: AffineTransform_float_3_3
Parameters: 0.999999 0.000521817 -0.000531945 -0.000521222 1 0.000896276 0.000531948 -0.000896302 0.999999 -0.0232389 0.0333197 0.138273
FixedParameters: 0 0 0

#Transform 45
Transform: AffineTransform_float_3_3
Parameters: 0.999999 0.000653941 -0.000622569 -0.000653805 0.999999 0.000132677 0.00062278 -0.000132674 1 -0.0124552 0.00940451 0.127644
FixedParameters: 0 0 0

#Transform 46
Transform: AffineTransform_float_3_3
Parameters: 0.999999 0.00062986 -0.000572772 -0.000628908 0.999999 0.00112322 0.000573328 -0.0011225 0.999999 -0.0275191 -0.0364675 0.155295
FixedParameters: 0 0 0

#Transform 47
Transform: AffineTransform_float_3_3
Parameters: 0.999999 0.000730256 -0.000338962 -0.000730221 0.999999 0.000504219 0.00033875 -0.000503723 1 -0.0214282 0.0281133 0.132764
FixedParameters: 0 0 0

#Transform 48
Transform: AffineTransform_float_3_3
Parameters: 0.999999 0.000663823 -0.000562802 -0.000663719 0.999999 0.000365088 0.000562338 -0.000364341 1 -0.0141261 0.0380744 0.114266
FixedParameters: 0 0 0

#Transform 49
Transform: AffineTransform_float_3_3
Parameters: 1 0.000239531 -0.000449905 -0.000238787 1 0.00119808 0.00044962 -0.00119786 0.999999 -0.0137526 -0.00108869 0.174965
FixedParameters: 0 0 0

#Transform 50
Transform: AffineTransform_float_3_3
Parameters: 0.999999 0.000687071 -0.000564176 -0.000686909 1 0.000143882 0.000564373 -0.000143107 1 -0.0146372 0.0591154 0.113985
FixedParameters: 0 0 0

#Transform 51
Transform: AffineTransform_float_3_3
Parameters: 1 0.00025829 -0.000444263 -0.000257904 0.999999 0.000780553 0.000443718 -0.000780323 0.999999 -0.00559008 -0.0268643 0.154778
FixedParameters: 0 0 0

#Transform 52
Transform: AffineTransform_float_3_3
Parameters: 0.999999 0.000181965 -0.000682235 -0.000182195 0.999999 0.000773943 0.000681911 -0.000774457 0.999999 -0.00119463 0.0374584 0.164251
FixedParameters: 0 0 0

#Transform 53
Transform: AffineTransform_float_3_3
Parameters: 0.999999 0.000660608 -0.000573677 -0.00066008 1 0.000797073 0.000573836 -0.000797708 0.999999 -0.0127083 0.0578363 0.158807
FixedParameters: 0 0 0

#Transform 54
Transform: AffineTransform_float_3_3
Parameters: 0.999999 0.000565508 -0.000555417 -0.000565414 0.999999 0.00124068 0.000556266 -0.00124 0.999999 0.00444962 0.016879 0.188337
FixedParameters: 0 0 0

#Transform 55
Transform: AffineTransform_float_3_3
Parameters: 0.999999 0.000475879 -0.000776781 -0.000475044 1 0.000785872 0.000776634 -0.000786526 0.999999 -0.00132129 -0.011338 0.219195
FixedParameters: 0 0 0

#Transform 56
Transform: AffineTransform_float_3_3
Parameters: 0.999999 0.00120641 8.90185e-05 -0.00120681 0.999999 0.000355898 -8.91808e-05 -0.000356696 1 -0.0508732 0.00883095 0.182524
FixedParameters: 0 0 0

#Transform 57
Transform: AffineTransform_float_3_3
Parameters: 0.999999 0.0014115 3.01142e-05 -0.00141153 0.999999 9.91417e-05 -2.99073e-05 -9.98098e-05 1 -0.0554108 -0.0329646 0.190789
FixedParameters: 0 0 0

#Transform 58
Transform: AffineTransform_float_3_3
Parameters: 0.999999 0.00110941 -0.000557263 -0.00111062 0.999999 -0.00131754 0.000555302 0.0013182 0.999999 -0.051663 0.0862001 0.151031
FixedParameters: 0 0 0

#Transform 59
Transform: AffineTransform_float_3_3
Parameters: 1 0.00110375 -0.000555403 -0.00110495 0.999999 -0.00131878 0.000553454 0.00131942 0.999999 -0.0445466 0.0299469 0.214828
FixedParameters: 0 0 0

#Transform 60
Transform: AffineTransform_float_3_3
Parameters: 0.999999 0.00110974 -0.000602363 -0.00111019 0.999998 -0.00186676 0.000600865 0.00186747 0.999998 -0.0296632 0.151298 0.170221
FixedParameters: 0 0 0

#Transform 61
Transform: AffineTransform_float_3_3
Parameters: 1 0.0011791 -0.000240837 -0.00117935 0.999999 0.000174293 0.000240226 -0.000174309 1 -0.0485604 0.0568607 0.253198
FixedParameters: 0 0 0

#Transform 62
Transform: AffineTransform_float_3_3
Parameters: 0.999999 0.00104474 -0.000271757 -0.00104499 0.999999 -0.00092245 0.000270794 0.000922434 0.999999 -0.028967 0.080779 0.185375
FixedParameters: 0 0 0

#Transform 63
Transform: AffineTransform_float_3_3
Parameters: 0.999999 0.000174479 -0.00083604 -0.000176006 0.999999 -0.000927205 0.000835789 0.000928081 0.999999 0.0384242 0.0770451 0.13846
FixedParameters: 0 0 0

#Transform 64
Transform: AffineTransform_float_3_3
Parameters: 0.999999 0.000817907 -0.00105319 -0.000819169 1 -0.00057443 0.00105221 0.000574759 0.999999 -0.0407351 0.0588673 0.0947604
FixedParameters: 0 0 0

#Transform 65
Transform: AffineTransform_float_3_3
Parameters: 1 0.00066812 -0.000983286 -0.000669571 0.999998 -0.00136307 0.000982143 0.00136352 0.999998 -0.00870607 0.0910586 0.131704
FixedParameters: 0 0 0

#Transform 66
Transform: AffineTransform_float_3_3
Parameters: 1 0.000560631 -0.000972196 -0.00056159 0.999999 -0.000507022 0.000971536 0.000508111 0.999999 -0.00152903 0.0606638 0.175553
FixedParameters: 0 0 0

#Transform 67
Transform: AffineTransform_float_3_3
Parameters: 1 0.00073909 -0.000813609 -0.000739675 0.999999 -0.000375552 0.000812962 0.000376753 0.999999 -0.00483251 0.0870601 0.176021
FixedParameters: 0 0 0

#Transform 68
Transform: AffineTransform_float_3_3
Parameters: 0.999999 0.000824536 -0.00105945 -0.000824534 1 -0.000423088 0.00105841 0.000423392 0.999999 -0.0104383 0.0835875 0.184487
FixedParameters: 0 0 0

#Transform 69
Transform: AffineTransform_float_3_3
Parameters: 1 0.00036274 -0.000927359 -0.000362392 1 0.000173151 0.000927394 -0.00017248 0.999999 0.0166245 0.0885316 0.190353
FixedParameters: 0 0 0

#Transform 70
Transform: AffineTransform_float_3_3
Parameters: 1 0.000388084 -0.000919692 -0.000388788 1 -0.000397187 0.000919292 0.0003979 0.999999 0.00340149 0.0965196 0.225943
FixedParameters: 0 0 0

#Transform 71
Transform: AffineTransform_float_3_3
Parameters: 0.999999 0.000256604 -0.0014153 -0.00025855 0.999999 -0.0011217 0.0014154 0.00112157 0.999998 0.00337092 0.0726923 0.150806
FixedParameters: 0 0 0

#Transform 72
Transform: AffineTransform_float_3_3
Parameters: 1 7.59101e-05 -0.00103522 -7.67242e-05 0.999999 -0.000863361 0.00103481 0.000863243 0.999999 0.0240929 0.0925152 0.184397
FixedParameters: 0 0 0

#Transform 73
Transform: AffineTransform_float_3_3
Parameters: 0.999999 0.000469489 -0.000732695 -0.000470893 1 -0.000920403 0.000731957 0.000920282 1 -0.0112114 0.131361 0.182069
FixedParameters: 0 0 0

#Transform 74
Transform: AffineTransform_float_3_3
Parameters: 0.999999 0.000554827 -0.000798478 -0.000555861 0.999998 -0.00139992 0.000797695 0.00139994 0.999999 -0.000834047 0.142149 0.163692
FixedParameters: 0 0 0

#Transform 75
Transform: AffineTransform_float_3_3
Parameters: 1 0.000552708 -0.000370696 -0.000552772 1 -8.59672e-05 0.000370601 8.63769e-05 1 -0.0081332 0.0999282 0.232536
FixedParameters: 0 0 0

#Transform 76
Transform: AffineTransform_float_3_3
Parameters: 0.999999 0.000515585 -0.000596006 -0.000516457 1 -0.000965628 0.000596048 0.000966243 1 0.0036058 0.119958 0.189535
FixedParameters: 0 0 0

#Transform 77
Transform: AffineTransform_float_3_3
Parameters: 0.999999 0.0004468 -0.000849533 -0.000447772 0.999999 -0.00129556 0.000849108 0.00129627 0.999999 0.00223607 0.111383 0.195389
FixedParameters: 0 0 0

#Transform 78
Transform: AffineTransform_float_3_3
Parameters: 1 0.000600058 -0.000232691 -0.00060013 1 -0.000155058 0.000232505 0.000155338 1 -0.0145067 0.110491 0.232643
FixedParameters: 0 0 0

#Transform 79
Transform: AffineTransform_float_3_3
Parameters: 0.999999 0.000788866 -0.000978082 -0.000789853 1 -0.00063488 0.000977992 0.000635028 0.999999 -0.0396144 0.134774 0.219703
FixedParameters: 0 0 0

#Transform 80
Transform: AffineTransform_float_3_3
Parameters: 0.999999 -0.000233335 -0.0014937 0.000232232 1 -0.000488784 0.00149486 0.00048867 0.999998 0.00456762 0.0297201 0.230584
FixedParameters: 0 0 0

#Transform 81
Transform: AffineTransform_float_3_3
Parameters: 0.999999 0.000473121 -0.00143515 -0.000474004 0.999999 -0.00106683 0.00143451 0.00106728 0.999998 -0.0162444 0.195868 0.157526
FixedParameters: 0 0 0

#Transform 82
Transform: AffineTransform_float_3_3
Parameters: 1 0.000153263 -0.00109613 -0.000153876 1 -0.000289948 0.00109606 0.000290056 1 0.0078999 0.0932081 0.188929
FixedParameters: 0 0 0

#Transform 83
Transform: AffineTransform_float_3_3
Parameters: 0.999999 0.000470087 -0.00140982 -0.000470844 0.999999 -0.000384539 0.00141043 0.000385636 0.999999 -0.0240346 0.137476 0.153755
FixedParameters: 0 0 0

#Transform 84
Transform: AffineTransform_float_3_3
Parameters: 0.999999 0.000445131 -0.00139116 -0.000446049 1 -0.000771197 0.00139115 0.000771577 0.999999 -0.0143211 0.142536 0.0766072
FixedParameters: 0 0 0

#Transform 85
Transform: AffineTransform_float_3_3
Parameters: 0.999999 -3.20879e-05 -0.00146591 3.21285e-05 1 -3.45531e-06 0.00146589 3.94337e-06 0.999999 0.010848 0.100717 0.13993
FixedParameters: 0 0 0

#Transform 86
Transform: AffineTransform_float_3_3
Parameters: 0.999999 7.97024e-05 -0.00131121 -7.81491e-05 0.999999 0.000583614 0.00131132 -0.000583636 0.999999 0.0114528 0.0641252 0.22614
FixedParameters: 0 0 0

#Transform 87
Transform: AffineTransform_float_3_3
Parameters: 0.999999 0.00022214 -0.000905842 -0.000222842 1 -0.000371547 0.000905714 0.000371139 0.999999 0.0267478 0.102662 0.311645
FixedParameters: 0 0 0

#Transform 88
Transform: AffineTransform_float_3_3
Parameters: 0.999999 0.000106747 -0.00072442 -0.000106434 1 0.000216146 0.000724466 -0.000215992 0.999999 0.014327 0.12528 0.369233
FixedParameters: 0 0 0

#Transform 89
Transform: AffineTransform_float_3_3
Parameters: 1 0.000150733 -0.000599394 -0.000150584 1 0.000124779 0.000599431 -0.000124599 1 0.0108629 0.142942 0.327226
FixedParameters: 0 0 0

#Transform 90
Transform: AffineTransform_float_3_3
Parameters: 1 0.00022707 -0.000424212 -0.00022738 1 -0.000364875 0.000424046 0.000365067 1 0.0169188 0.180084 0.232129
FixedParameters: 0 0 0

#Transform 91
Transform: AffineTransform_float_3_3
Parameters: 0.999999 8.93897e-05 -0.000733197 -8.85427e-05 1 0.000577619 0.0007333 -0.000577489 0.999999 0.037441 0.0931436 0.289675
FixedParameters: 0 0 0

#Transform 92
Transform: AffineTransform_float_3_3
Parameters: 1 0.000152803 -0.000604746 -0.000152795 1 2.97929e-05 0.000604793 -3.04193e-05 1 0.0271801 0.156672 0.247135
FixedParameters: 0 0 0

#Transform 93
Transform: AffineTransform_float_3_3
Parameters: 0.999999 0.000177966 -0.00090382 -0.000177877 1 6.49092e-05 0.000903881 -6.53988e-05 0.999999 0.0329049 0.134843 0.25406
FixedParameters: 0 0 0

#Transform 94
Transform: AffineTransform_float_3_3
Parameters: 0.999999 6.34479e-05 -0.000890569 -6.30687e-05 0.999999 0.000905961 0.000890114 -0.000905217 0.999999 0.0367856 0.082363 0.288355
FixedParameters: 0 0 0

#Transform 95
Transform: AffineTransform_float_3_3
Parameters: 1 6.16271e-05 -0.0010363 -6.21172e-05 1 -0.000249721 0.00103618 0.000249848 0.999999 0.0367124 0.145232 0.262294
FixedParameters: 0 0 0

#Transform 96
Transform: AffineTransform_float_3_3
Parameters: 0.999999 0.000294283 -0.000928028 -0.00029507 0.999999 -0.000408552 0.000927824 0.000408288 0.999999 0.0313481 0.134623 0.263934
FixedParameters: 0 0 0

#Transform 97
Transform: AffineTransform_float_3_3
Parameters: 0.999999 9.74794e-05 -0.000729246 -9.69226e-05 1 0.000381833 0.000729321 -0.000381691 0.999999 0.0255338 0.0805476 0.278803
FixedParameters: 0 0 0

#Transform 98
Transform: AffineTransform_float_3_3
Parameters: 0.999999 9.69037e-05 -0.000874819 -9.70028e-05 1 -4.05527e-05 0.000874849 3.99111e-05 1 0.0373884 0.150443 0.255025
FixedParameters: 0 0 0

#Transform 99
Transform: AffineTransform_float_3_3
Parameters: 1 0.000454798 -0.000965186 -0.000455649 1 -0.000933327 0.000964031 0.000934158 0.999999 0.00846882 0.17547 0.203508
FixedParameters: 0 0 0

#Transform 100
Transform: AffineTransform_float_3_3
Parameters: 0.999999 0.00011592 -0.00133128 -0.000115416 1 0.000170494 0.00133131 -0.000169604 0.999999 0.0246593 0.178529 0.260229
FixedParameters: 0 0 0

#Transform 101
Transform: AffineTransform_float_3_3
Parameters: 0.999999 0.000216016 -0.00133875 -0.000216661 0.999999 -0.000718842 0.0013391 0.000719144 0.999999 0.0343165 0.147319 0.246631
FixedParameters: 0 0 0

#Transform 102
Transform: AffineTransform_float_3_3
Parameters: 0.999999 8.37208e-05 -0.0013353 -8.27897e-05 1 0.000685526 0.00133571 -0.000684675 0.999999 0.0458155 0.0832333 0.296057
FixedParameters: 0 0 0

#Transform 103
Transform: AffineTransform_float_3_3
Parameters: 0.999999 8.43398e-05 -0.00131577 -8.43747e-05 1 -2.18739e-05 0.00131579 2.18669e-05 0.999999 0.0401767 0.217694 0.261072
FixedParameters: 0 0 0

#Transform 104
Transform: AffineTransform_float_3_3
Parameters: 0.999999 0.000154348 -0.00136148 -0.000153086 1 0.000812306 0.00136204 -0.00081184 0.999998 0.0344579 0.0821651 0.262251
FixedParameters: 0 0 0

#Transform 105
Transform: AffineTransform_float_3_3
Parameters: 0.999998 0.000177011 -0.00169128 -0.000177782 1 -0.000325001 0.00169213 0.000325371 0.999998 0.0416398 0.455659 -0.035866
FixedParameters: 0 0 0

#Transform 106
Transform: AffineTransform_float_3_3
Parameters: 0.999999 -3.39843e-05 -0.0014393 3.72197e-05 0.999998 0.00233946 0.0014384 -0.00233883 0.999996 0.0262096 -0.0331643 0.218664
FixedParameters: 0 0 0

#Transform 107
Transform: AffineTransform_float_3_3
Parameters: 0.999999 -5.89735e-05 -0.00126395 6.24317e-05 0.999997 0.00266088 0.0012639 -0.00266169 0.999996 0.00893173 0.0268427 0.232301
FixedParameters: 0 0 0

#Transform 108
Transform: AffineTransform_float_3_3
Parameters: 1 -2.38964e-05 -0.00113724 2.67113e-05 0.999996 0.00279834 0.00113639 -0.00279825 0.999995 0.0116541 0.112411 0.207377
FixedParameters: 0 0 0

#Transform 109
Transform: AffineTransform_float_3_3
Parameters: 1 -2.78926e-05 -0.00113845 3.09154e-05 0.999995 0.00288862 0.00113768 -0.00288877 0.999996 0.00970173 0.0827987 0.153854
FixedParameters: 0 0 0

#Transform 110
Transform: AffineTransform_float_3_3
Parameters: 0.999999 -0.000208474 -0.0015738 0.000211478 0.999997 0.00215552 0.00157435 -0.00215482 0.999997 0.0120462 0.154041 0.0839695
FixedParameters: 0 0 0

#Transform 111
Transform: AffineTransform_float_3_3
Parameters: 0.999999 0.000368988 -0.00143769 -0.000366362 0.999998 0.00180751 0.00143786 -0.00180716 0.999997 0.00669596 0.119872 0.11466
FixedParameters: 0 0 0

#Transform 112
Transform: AffineTransform_float_3_3
Parameters: 0.999998 3.82286e-05 -0.00172964 -3.54745e-05 0.999999 0.00171824 0.00172993 -0.00171819 0.999997 0.0194095 0.145636 0.129875
FixedParameters: 0 0 0

#Transform 113
Transform: AffineTransform_float_3_3
Parameters: 0.999999 0.000255112 -0.00179988 -0.00025197 0.999999 0.00175151 0.00180085 -0.00175068 0.999997 0.0109165 0.146314 0.165293
FixedParameters: 0 0 0

#Transform 114
Transform: AffineTransform_float_3_3
Parameters: 0.999999 0.000184423 -0.00177376 -0.000180877 0.999999 0.00162336 0.00177413 -0.00162285 0.999997 0.0114851 0.180383 0.188681
FixedParameters: 0 0 0

#Transform 115
Transform: AffineTransform_float_3_3
Parameters: 0.999999 0.000245815 -0.00180277 -0.00024223 0.999998 0.00196436 0.0018029 -0.00196437 0.999996 0.0119911 0.129485 0.223658
FixedParameters: 0 0 0

#Transform 116
Transform: AffineTransform_float_3_3
Parameters: 0.999998 0.000286065 -0.00163751 -0.000282101 0.999997 0.00228675 0.00163812 -0.0022859 0.999996 0.00700709 0.151404 0.21974
FixedParameters: 0 0 0

#Transform 117
Transform: AffineTransform_float_3_3
Parameters: 0.999999 0.000247293 -0.00180231 -0.000243833 0.999998 0.0019304 0.00180242 -0.00193041 0.999997 0.00944664 0.136436 0.225102
FixedParameters: 0 0 0

#Transform 118
Transform: AffineTransform_float_3_3
Parameters: 0.999999 0.000231977 -0.00180708 -0.000228204 0.999997 0.00228202 0.00180769 -0.00228204 0.999996 0.00884153 0.144976 0.213929
FixedParameters: 0 0 0

#Transform 119
Transform: AffineTransform_float_3_3
Parameters: 0.999998 0.000123891 -0.00175952 -0.000120715 0.999998 0.00180895 0.00176012 -0.0018086 0.999997 0.0108024 0.169873 0.20801
FixedParameters: 0 0 0

#Transform 120
Transform: AffineTransform_float_3_3
Parameters: 0.999999 0.000253199 -0.00180048 -0.000249896 0.999998 0.00179545 0.00180146 -0.00179463 0.999997 0.00951971 0.171596 0.237733
FixedParameters: 0 0 0

#Transform 121
Transform: AffineTransform_float_3_3
Parameters: 0.999998 5.97305e-05 -0.00175191 -5.49778e-05 0.999998 0.00227452 0.00175243 -0.0022744 0.999996 0.0137938 0.181399 0.259676
FixedParameters: 0 0 0

#Transform 122
Transform: AffineTransform_float_3_3
Parameters: 0.999999 0.00032554 -0.00151374 -0.000322155 0.999997 0.00228999 0.00151446 -0.00228968 0.999996 -0.00256343 0.145952 0.246647
FixedParameters: 0 0 0

#Transform 123
Transform: AffineTransform_float_3_3
Parameters: 0.999999 0.000461646 -0.00120837 -0.000459724 0.999999 0.00132735 0.00120899 -0.001327 0.999998 0.00131405 0.222506 0.213116
FixedParameters: 0 0 0

#Transform 124
Transform: AffineTransform_float_3_3
Parameters: 0.999999 0.00060446 -0.00175023 -0.000602064 0.999998 0.00169037 0.00175136 -0.00168974 0.999997 -0.0193827 0.161484 0.236845
FixedParameters: 0 0 0

#Transform 125
Transform: AffineTransform_float_3_3
Parameters: 0.999997 0.000826543 -0.00233265 -0.000822143 0.999998 0.0017704 0.00233375 -0.00176884 0.999995 -0.02288 0.169012 0.260026
FixedParameters: 0 0 0

#Transform 126
Transform: AffineTransform_float_3_3
Parameters: 0.999996 0.00107067 -0.00238706 -0.00106904 0.999999 0.00088138 0.00238768 -0.00087861 0.999996 -0.0725381 0.161287 0.165349
FixedParameters: 0 0 0

#Transform 127
Transform: AffineTransform_float_3_3
Parameters: 0.999996 0.00081768 -0.00295546 -0.000817537 0.999999 2.27284e-05 0.00295547 -2.07897e-05 0.999996 -0.0281588 0.204646 0.190547
FixedParameters: 0 0 0

#Transform 128
Transform: AffineTransform_float_3_3
Parameters: 0.999995 0.000477572 -0.00288845 -0.000472749 0.999999 0.00159305 0.00288944 -0.0015908 0.999995 -0.00774594 0.132245 0.254618
FixedParameters: 0 0 0

#Transform 129
Transform: AffineTransform_float_3_3
Parameters: 0.999996 0.000478635 -0.00280128 -0.000474766 0.999999 0.00130665 0.00280163 -0.00130511 0.999995 -0.0168052 0.222371 0.252792
FixedParameters: 0 0 0

#Transform 130
Transform: AffineTransform_float_3_3
Parameters: 0.999996 0.000374164 -0.00277491 -0.000368922 0.999999 0.00156624 0.00277517 -0.0015653 0.999995 0.000469042 0.165681 0.267721
FixedParameters: 0 0 0

#Transform 131
Transform: AffineTransform_float_3_3
Parameters: 0.999996 0.000524671 -0.00283874 -0.000519118 0.999997 0.00215144 0.00284017 -0.00215027 0.999993 -0.00615614 0.152215 0.292597
FixedParameters: 0 0 0

#Transform 132
Transform: AffineTransform_float_3_3
Parameters: 0.999996 0.000468921 -0.00278981 -0.000465835 0.999999 0.000997378 0.00278955 -0.000996172 0.999996 -0.0160735 0.192034 0.257913
FixedParameters: 0 0 0

#Transform 133
Transform: AffineTransform_float_3_3
Parameters: 0.999997 0.000443203 -0.00266528 -0.000439213 0.999999 0.00139587 0.00266561 -0.00139464 0.999996 -0.00467175 0.203589 0.200555
FixedParameters: 0 0 0

#Transform 134
Transform: AffineTransform_float_3_3
Parameters: 0.999998 0.000734446 -0.00220839 -0.000729883 0.999997 0.00211023 0.00221 -0.00210784 0.999995 -0.0399716 0.143812 0.233754
FixedParameters: 0 0 0

#Transform 135
Transform: AffineTransform_float_3_3
Parameters: 0.999996 0.000526716 -0.00255529 -0.000524939 0.999999 0.000962894 0.00255635 -0.000961333 0.999996 -0.0187099 0.150062 0.20032
FixedParameters: 0 0 0

#Transform 136
Transform: AffineTransform_float_3_3
Parameters: 0.999997 0.000328283 -0.0025142 -0.000323748 0.999998 0.00198078 0.0025153 -0.00198076 0.999995 -0.0128535 0.150746 0.238584
FixedParameters: 0 0 0

#Transform 137
Transform: AffineTransform_float_3_3
Parameters: 0.999996 0.000217014 -0.00259379 -0.000213632 0.999999 0.00150515 0.00259393 -0.00150511 0.999996 -0.0100292 0.179026 0.219212
FixedParameters: 0 0 0

#Transform 138
Transform: AffineTransform_float_3_3
Parameters: 0.999996 0.000462993 -0.00252508 -0.000461171 0.999999 0.000795038 0.00252556 -0.000793878 0.999997 -0.0111362 0.186611 0.216641
FixedParameters: 0 0 0

#Transform 139
Transform: AffineTransform_float_3_3
Parameters: 0.999996 0.000378518 -0.0025286 -0.000373279 0.999998 0.00192089 0.00252956 -0.00192064 0.999995 -0.015651 0.129019 0.263742
FixedParameters: 0 0 0

#Transform 140
Transform: AffineTransform_float_3_3
Parameters: 0.999997 0.000204141 -0.00272245 -0.00019798 0.999998 0.00194421 0.00272272 -0.00194419 0.999995 -0.00518519 0.236495 0.285905
FixedParameters: 0 0 0

#Transform 141
Transform: AffineTransform_float_3_3
Parameters: 0.999996 0.000383956 -0.00254442 -0.000377272 0.999997 0.00244041 0.0025452 -0.00243927 0.999993 -0.00236507 0.10035 0.274749
FixedParameters: 0 0 0

#Transform 142
Transform: AffineTransform_float_3_3
Parameters: 0.999997 0.000253739 -0.00272538 -0.000249497 0.999999 0.00158519 0.00272558 -0.0015849 0.999995 0.00215585 0.200153 0.257426
FixedParameters: 0 0 0

#Transform 143
Transform: AffineTransform_float_3_3
Parameters: 0.999996 0.000375752 -0.00262858 -0.000370303 0.999998 0.00211785 0.00262906 -0.00211611 0.999994 -0.000458559 0.153415 0.269389
FixedParameters: 0 0 0

#Transform 144
Transform: AffineTransform_float_3_3
Parameters: 0.999996 0.000592161 -0.00284843 -0.000586424 0.999998 0.0017891 0.00285006 -0.00178763 0.999995 -0.0128482 0.219106 0.292939
FixedParameters: 0 0 0

#Transform 145
Transform: AffineTransform_float_3_3
Parameters: 0.999996 0.000564968 -0.00257697 -0.000561624 0.999999 0.00150804 0.00257816 -0.00150621 0.999996 -0.00543742 0.210536 0.257169
FixedParameters: 0 0 0

#Transform 146
Transform: AffineTransform_float_3_3
Parameters: 0.999997 0.000271726 -0.00250178 -0.000266176 0.999997 0.00218875 0.00250285 -0.00218843 0.999995 0.0029955 0.178392 0.314574
FixedParameters: 0 0 0

#Transform 147
Transform: AffineTransform_float_3_3
Parameters: 0.999997 0.000384635 -0.00252548 -0.000380301 0.999998 0.00173432 0.00252629 -0.00173347 0.999995 0.0205614 0.196487 0.266493
FixedParameters: 0 0 0

#Transform 148
Transform: AffineTransform_float_3_3
Parameters: 0.999997 0.000380309 -0.00246151 -0.000374809 0.999997 0.00221451 0.00246307 -0.00221368 0.999995 0.0186508 0.152694 0.304679
FixedParameters: 0 0 0

#Transform 149
Transform: AffineTransform_float_3_3
Parameters: 0.999997 0.000397882 -0.00262858 -0.000393686 0.999998 0.00181569 0.00262972 -0.00181464 0.999994 0.0114042 0.187253 0.314006
FixedParameters: 0 0 0
