# transform file /out/sourcedata/freesurfer/sub-v1s17x0050260_ses-1/mri/transforms/cc_up.lta
# created by oesteban on Mon Mar  9 03:38:31 2026

type      = 0 # LINEAR_VOX_TO_VOX
nxforms   = 1
mean      = 129.0000 121.0000 121.0000
sigma     = 10000.0000
1 4 4
9.990034103393555e-01 1.152786333113909e-02 4.311941191554070e-02 -6.672029972076416e+00 
-1.151714008301497e-02 9.999336004257202e-01 -4.971076850779355e-04 2.955746269226074e+01 
-4.312227666378021e-02 0.000000000000000e+00 9.990697503089905e-01 1.569670009613037e+01 
0.000000000000000e+00 0.000000000000000e+00 0.000000000000000e+00 1.000000000000000e+00 
src volume info
valid = 1  # volume info valid
filename = /out/sourcedata/freesurfer/sub-v1s17x0050260_ses-1/mri/norm.mgz
volume = 256 256 256
voxelsize = 1.000000000000000e+00 1.000000000000000e+00 1.000000000000000e+00
xras   = -9.999999403953552e-01 -1.076841726899147e-09 0.000000000000000e+00
yras   = 0.000000000000000e+00 0.000000000000000e+00 -1.000000000000000e+00
zras   = 1.076841726899147e-09 1.000000000000000e+00 0.000000000000000e+00
cras   = -5.457992553710938e-01 -9.506278991699219e+00 -5.849983215332031e+00
dst volume info
valid = 1  # volume info valid
filename = /out/sourcedata/freesurfer/sub-v1s17x0050260_ses-1/mri/norm.mgz
volume = 256 256 256
voxelsize = 1.000000000000000e+00 1.000000000000000e+00 1.000000000000000e+00
xras   = -9.999999403953552e-01 -1.076841726899147e-09 0.000000000000000e+00
yras   = 0.000000000000000e+00 0.000000000000000e+00 -1.000000000000000e+00
zras   = 1.076841726899147e-09 1.000000000000000e+00 0.000000000000000e+00
cras   = -5.457992553710938e-01 -9.506278991699219e+00 -5.849983215332031e+00
