# transform file transforms/talairach.lta
# created by oesteban on Mon Mar  9 02:40:04 2026

type      = 0 # LINEAR_VOX_TO_VOX
nxforms   = 1
mean      = 129.0000 121.0000 121.0000
sigma     = 10000.0000
1 4 4
1.063779830932617e+00 6.668586749583483e-03 6.945469975471497e-02 -1.836540794372559e+01 
-4.518670495599508e-03 1.075439929962158e+00 1.158346757292747e-01 -1.622082901000977e+01 
-6.776569783687592e-02 -1.176260784268379e-01 9.717522859573364e-01 1.707392120361328e+01 
0.000000000000000e+00 0.000000000000000e+00 0.000000000000000e+00 1.000000000000000e+00 
src volume info
valid = 1  # volume info valid
filename = nu.mgz
volume = 256 256 256
voxelsize = 1.000000000000000e+00 1.000000000000000e+00 1.000000000000000e+00
xras   = -9.999999403953552e-01 -1.076841726899147e-09 0.000000000000000e+00
yras   = 0.000000000000000e+00 0.000000000000000e+00 -1.000000000000000e+00
zras   = 1.076841726899147e-09 1.000000000000000e+00 0.000000000000000e+00
cras   = -5.457992553710938e-01 -9.506278991699219e+00 -5.849983215332031e+00
dst volume info
valid = 1  # volume info valid
filename = /opt/freesurfer/average/RB_all_2020-01-02.gca
volume = 256 256 256
voxelsize = 1.000000000000000e+00 1.000000000000000e+00 1.000000000000000e+00
xras   = -1.000000000000000e+00 0.000000000000000e+00 0.000000000000000e+00
yras   = 0.000000000000000e+00 0.000000000000000e+00 -1.000000000000000e+00
zras   = 0.000000000000000e+00 1.000000000000000e+00 0.000000000000000e+00
cras   = 0.000000000000000e+00 0.000000000000000e+00 0.000000000000000e+00
