#Insight Transform File V1.0
#Transform 0
Transform: AffineTransform_float_3_3
Parameters: 0.999997 0.00151381 -0.00189261 -0.00150607 0.999989 0.0043546 0.00189888 -0.00435173 0.999988 -0.0164169 -0.176679 0.16815
FixedParameters: 0 0 0

#Transform 1
Transform: AffineTransform_float_3_3
Parameters: 0.999998 0.000717484 -0.00176284 -0.000709672 0.99999 0.00444712 0.00176633 -0.00444618 0.999989 -0.00894767 -0.184824 0.163797
FixedParameters: 0 0 0

#Transform 2
Transform: AffineTransform_float_3_3
Parameters: 0.999997 0.00125996 -0.0019564 -0.0012525 0.999991 0.00403877 0.00196157 -0.00403673 0.99999 -0.0175212 -0.172753 0.120707
FixedParameters: 0 0 0

#Transform 3
Transform: AffineTransform_float_3_3
Parameters: 0.999997 0.00118632 -0.00219933 -0.00117717 0.999992 0.00392776 0.0022046 -0.00392503 0.999989 -0.0132961 -0.157445 0.0866082
FixedParameters: 0 0 0

#Transform 4
Transform: AffineTransform_float_3_3
Parameters: 0.999998 0.000812891 -0.00136055 -0.000807327 0.99999 0.00422019 0.00136405 -0.00421962 0.99999 -0.0195088 -0.156269 0.0716584
FixedParameters: 0 0 0

#Transform 5
Transform: AffineTransform_float_3_3
Parameters: 0.999999 0.00117797 -0.00119592 -0.00117279 0.999988 0.00480578 0.00120205 -0.00480499 0.999988 -0.0284619 -0.134159 0.097018
FixedParameters: 0 0 0

#Transform 6
Transform: AffineTransform_float_3_3
Parameters: 0.999999 0.00116408 -0.00119115 -0.00115855 0.999991 0.00406311 0.00119578 -0.00406111 0.999991 -0.0284217 -0.141914 0.0865981
FixedParameters: 0 0 0

#Transform 7
Transform: AffineTransform_float_3_3
Parameters: 0.999999 0.000971928 -0.000879354 -0.000968183 0.99999 0.00448374 0.00088337 -0.00448322 0.99999 -0.047665 -0.154967 0.0970856
FixedParameters: 0 0 0

#Transform 8
Transform: AffineTransform_float_3_3
Parameters: 1 0.000913791 3.07964e-05 -0.000913311 0.999986 0.00532708 -2.65679e-05 -0.00532754 0.999986 -0.0448943 -0.125004 0.098705
FixedParameters: 0 0 0

#Transform 9
Transform: AffineTransform_float_3_3
Parameters: 1 0.000419442 -9.44524e-05 -0.00041895 0.999985 0.00532518 9.68178e-05 -0.00532508 0.999986 -0.0580327 -0.136025 0.050983
FixedParameters: 0 0 0

#Transform 10
Transform: AffineTransform_float_3_3
Parameters: 1 0.000350156 -0.000545135 -0.000347802 0.99999 0.00448263 0.000546357 -0.00448307 0.99999 -0.0272552 -0.138306 0.0388246
FixedParameters: 0 0 0

#Transform 11
Transform: AffineTransform_float_3_3
Parameters: 0.999999 0.000857698 -0.00090458 -0.000856839 0.999998 0.00126314 0.000905013 -0.00126245 0.999999 -0.0381235 -0.0853347 0.0112558
FixedParameters: 0 0 0

#Transform 12
Transform: AffineTransform_float_3_3
Parameters: 0.999999 0.000847238 -0.000893807 -0.000845629 0.999998 0.00169295 0.000894999 -0.0016923 0.999999 -0.0260261 -0.0384731 0.00288253
FixedParameters: 0 0 0

#Transform 13
Transform: AffineTransform_float_3_3
Parameters: 1 0.00039541 -0.000933794 -0.000394058 0.999998 0.00187839 0.000934781 -0.00187758 0.999998 0.00559623 -0.0927705 0.0166765
FixedParameters: 0 0 0

#Transform 14
Transform: AffineTransform_float_3_3
Parameters: 1 0.000917469 -0.000478483 -0.000916162 0.999998 0.00179516 0.000479881 -0.00179427 0.999999 -0.0103506 -0.0812367 0.0593304
FixedParameters: 0 0 0

#Transform 15
Transform: AffineTransform_float_3_3
Parameters: 0.999998 0.00127793 -0.00103725 -0.00127528 0.999997 0.0020738 0.00103991 -0.00207332 0.999997 -0.00832879 -0.0813016 0.0815197
FixedParameters: 0 0 0

#Transform 16
Transform: AffineTransform_float_3_3
Parameters: 0.999999 0.00138096 -0.000577438 -0.00137938 0.999997 0.00190646 0.000579831 -0.00190524 0.999998 -0.0175288 -0.0616457 0.0716775
FixedParameters: 0 0 0

#Transform 17
Transform: AffineTransform_float_3_3
Parameters: 0.999999 0.000867743 -0.000967564 -0.000864979 0.999997 0.00226516 0.000968898 -0.00226433 0.999997 -0.0184291 -0.0893688 0.0640352
FixedParameters: 0 0 0

#Transform 18
Transform: AffineTransform_float_3_3
Parameters: 0.999999 0.00116725 0.000509735 -0.00116866 0.999995 0.00274326 -0.000506505 -0.00274356 0.999996 -0.052647 -0.0388922 0.103778
FixedParameters: 0 0 0

#Transform 19
Transform: AffineTransform_float_3_3
Parameters: 0.999999 0.000732384 0.00096923 -0.000733818 0.999999 0.00165907 -0.000968142 -0.00165962 0.999998 -0.0516478 -0.0773558 0.077171
FixedParameters: 0 0 0

#Transform 20
Transform: AffineTransform_float_3_3
Parameters: 1 5.13009e-05 0.000319901 -5.2148e-05 0.999999 0.00133592 -0.000319703 -0.00133596 0.999999 -0.0291625 -0.0221649 0.0401168
FixedParameters: 0 0 0

#Transform 21
Transform: AffineTransform_float_3_3
Parameters: 1 -0.000658809 9.56033e-05 0.000658897 0.999999 0.000636484 -9.5466e-05 -0.000636368 1 0.00771392 -0.0413699 0.00331495
FixedParameters: 0 0 0

#Transform 22
Transform: AffineTransform_float_3_3
Parameters: 0.999999 -0.000778107 0.000555994 0.000777764 0.999999 0.000308479 -0.000556473 -0.000307613 1 -0.00994775 -0.0492217 -0.0205966
FixedParameters: 0 0 0

#Transform 23
Transform: AffineTransform_float_3_3
Parameters: 1 0.000534037 0.000276276 -0.000533674 0.999999 -0.000656663 -0.000276977 0.000656368 0.999999 -0.0309814 -0.0102492 -0.0394718
FixedParameters: 0 0 0

#Transform 24
Transform: AffineTransform_float_3_3
Parameters: 0.999999 0.00070698 0.000237698 -0.000706938 1 -2.81806e-05 -0.000237747 2.87556e-05 1 -0.0321051 -0.0303143 0.0276139
FixedParameters: 0 0 0

#Transform 25
Transform: AffineTransform_float_3_3
Parameters: 0.999999 0.000889997 0.000267374 -0.00089013 0.999999 0.000249228 -0.00026693 -0.000249704 1 -0.0343014 -0.0273377 0.0151244
FixedParameters: 0 0 0

#Transform 26
Transform: AffineTransform_float_3_3
Parameters: 1 0.000918667 0.000446751 -0.000919153 0.999999 0.000568343 -0.000445775 -0.000568251 0.999999 -0.0397971 -0.0425172 0.0238923
FixedParameters: 0 0 0

#Transform 27
Transform: AffineTransform_float_3_3
Parameters: 0.999999 0.000551607 0.000527521 -0.000552233 1 -0.000333045 -0.000527678 0.000332491 1 -0.0254508 -0.041226 -0.0114091
FixedParameters: 0 0 0

#Transform 28
Transform: AffineTransform_float_3_3
Parameters: 0.999999 0.000668473 0.00110534 -0.000668268 1 -9.08898e-05 -0.00110546 8.98233e-05 1 -0.045274 -0.103037 0.0157497
FixedParameters: 0 0 0

#Transform 29
Transform: AffineTransform_float_3_3
Parameters: 1 0.000372503 -0.000351736 -0.00037298 0.999999 -0.000677833 0.000351231 0.000678095 0.999999 0.0188883 0.0699133 -0.0428504
FixedParameters: 0 0 0

#Transform 30
Transform: AffineTransform_float_3_3
Parameters: 1 0.000555003 0.000469638 -0.000554936 0.999999 -0.000843781 -0.00046934 0.0008446 1 -0.0236119 -0.0276531 -0.0304335
FixedParameters: 0 0 0

#Transform 31
Transform: AffineTransform_float_3_3
Parameters: 1 0.00104939 0.000564652 -0.00104899 0.999999 -0.00100712 -0.000565588 0.00100686 0.999999 -0.0301965 0.0320289 -0.0608194
FixedParameters: 0 0 0

#Transform 32
Transform: AffineTransform_float_3_3
Parameters: 0.999999 0.00124553 -0.000133407 -0.00124638 0.999998 -0.00111095 0.0001328 0.00111129 1 -0.00222414 -0.0202363 -0.00678764
FixedParameters: 0 0 0

#Transform 33
Transform: AffineTransform_float_3_3
Parameters: 0.999999 0.000621687 0.000403431 -0.000622219 0.999999 -0.000551569 -0.000403906 0.000551095 1 0.00100055 0.00268805 -0.0154591
FixedParameters: 0 0 0

#Transform 34
Transform: AffineTransform_float_3_3
Parameters: 0.999999 0.000566861 0.000704312 -0.000566886 0.999999 0.000562008 -0.00070486 -0.000562825 0.999999 -0.0154243 0.0456903 0.00714439
FixedParameters: 0 0 0

#Transform 35
Transform: AffineTransform_float_3_3
Parameters: 0.999999 0.00062674 0.00069155 -0.000626669 1 0.00052373 -0.000692088 -0.000523705 0.999999 -0.0396587 0.00676549 0.0155864
FixedParameters: 0 0 0

#Transform 36
Transform: AffineTransform_float_3_3
Parameters: 0.999999 0.000568103 0.000704134 -0.000567832 1 0.000521975 -0.00070376 -0.000521891 0.999999 -0.0384982 -0.0837343 0.0351799
FixedParameters: 0 0 0

#Transform 37
Transform: AffineTransform_float_3_3
Parameters: 0.999999 0.00125099 0.000289591 -0.0012515 0.999999 0.000543599 -0.000289273 -0.000543813 0.999999 -0.0457842 -0.0881456 0.0221215
FixedParameters: 0 0 0

#Transform 38
Transform: AffineTransform_float_3_3
Parameters: 0.999999 0.000616967 0.000693647 -0.000617875 1 0.000523467 -0.000693986 -0.000523403 0.999999 -0.0399177 -0.079201 0.0138024
FixedParameters: 0 0 0

#Transform 39
Transform: AffineTransform_float_3_3
Parameters: 0.999999 0.0010283 -3.35145e-05 -0.00102816 0.999999 -0.000933033 3.25731e-05 0.00093268 0.999999 -0.0343567 -0.0211786 -0.045045
FixedParameters: 0 0 0

#Transform 40
Transform: AffineTransform_float_3_3
Parameters: 1 0.00110206 -0.000316962 -0.00110247 0.999999 -0.000626335 0.000315523 0.000626621 1 -0.0228637 -0.0623074 -0.0129502
FixedParameters: 0 0 0

#Transform 41
Transform: AffineTransform_float_3_3
Parameters: 0.999997 0.00205227 -0.000667967 -0.00205337 0.999997 -0.00128439 0.000665561 0.00128628 0.999999 -0.0464433 0.0035676 -0.0191583
FixedParameters: 0 0 0

#Transform 42
Transform: AffineTransform_float_3_3
Parameters: 1 0.00120453 -2.59234e-05 -0.00120513 0.999999 -0.00138508 2.47393e-05 0.00138564 0.999999 -0.0402852 -0.0502394 -0.026126
FixedParameters: 0 0 0

#Transform 43
Transform: AffineTransform_float_3_3
Parameters: 0.999999 0.0012685 0.000247953 -0.00126827 0.999998 -0.00153562 -0.000249694 0.0015355 0.999998 -0.0413501 0.00449968 -0.000319682
FixedParameters: 0 0 0

#Transform 44
Transform: AffineTransform_float_3_3
Parameters: 0.999999 0.00138237 0.000755553 -0.00138136 0.999998 -0.00165771 -0.000757711 0.00165657 0.999998 -0.0336319 -0.025317 0.0648052
FixedParameters: 0 0 0

#Transform 45
Transform: AffineTransform_float_3_3
Parameters: 0.999998 0.00172444 0.000223021 -0.00172487 0.999999 -0.000732937 -0.000224428 0.000732273 0.999999 -0.0539805 -0.105289 0.00622614
FixedParameters: 0 0 0

#Transform 46
Transform: AffineTransform_float_3_3
Parameters: 0.999998 0.00228864 0.000520106 -0.00228735 0.999991 -0.00348624 -0.000528165 0.0034853 0.999994 -0.0564375 -0.0168999 0.0746284
FixedParameters: 0 0 0

#Transform 47
Transform: AffineTransform_float_3_3
Parameters: 0.999999 0.00172172 0.000700814 -0.00172108 0.999996 -0.00204984 -0.000704271 0.00204929 0.999998 -0.0384667 -0.0376923 0.046775
FixedParameters: 0 0 0

#Transform 48
Transform: AffineTransform_float_3_3
Parameters: 0.999998 0.00161981 -0.000281171 -0.0016205 0.999995 -0.00278602 0.000276225 0.00278647 0.999996 -0.00202237 -0.0261653 -0.0432734
FixedParameters: 0 0 0

#Transform 49
Transform: AffineTransform_float_3_3
Parameters: 0.999999 0.0013205 0.000251117 -0.00132004 0.999994 -0.00299456 -0.000254473 0.00299482 0.999996 -0.0199306 -0.113856 0.00571051
FixedParameters: 0 0 0

#Transform 50
Transform: AffineTransform_float_3_3
Parameters: 0.999999 0.00140917 0.000486804 -0.0014081 0.999996 -0.00241612 -0.000490151 0.00241527 0.999997 -0.0374763 0.0245717 0.0114977
FixedParameters: 0 0 0

#Transform 51
Transform: AffineTransform_float_3_3
Parameters: 0.999998 0.00162608 -0.00041051 -0.00162589 0.999997 -0.00172969 0.000407662 0.00173055 0.999999 -0.0109549 -0.035337 -0.0466575
FixedParameters: 0 0 0

#Transform 52
Transform: AffineTransform_float_3_3
Parameters: 0.999998 0.00167832 -0.000252032 -0.00167884 0.999991 -0.00372191 0.000245737 0.00372318 0.999993 -0.0226783 -0.0371273 -0.0217841
FixedParameters: 0 0 0

#Transform 53
Transform: AffineTransform_float_3_3
Parameters: 1 0.00120829 -0.000213931 -0.0012096 0.999996 -0.00281263 0.000211423 0.00281272 0.999996 0.000291357 -0.0507184 -0.0250762
FixedParameters: 0 0 0

#Transform 54
Transform: AffineTransform_float_3_3
Parameters: 1 0.00123283 -0.000168404 -0.00123403 0.999994 -0.00329114 0.000164695 0.00329154 0.999995 -0.00866462 -0.0182871 -0.00476874
FixedParameters: 0 0 0

#Transform 55
Transform: AffineTransform_float_3_3
Parameters: 0.999999 0.0014367 0.000324167 -0.00143648 0.999996 -0.0023664 -0.000327497 0.00236508 0.999997 -0.033526 0.00831591 0.0662117
FixedParameters: 0 0 0

#Transform 56
Transform: AffineTransform_float_3_3
Parameters: 0.999999 0.00132635 -0.000235798 -0.00132814 0.99999 -0.00412138 0.00023042 0.00412198 0.999992 -0.0107398 -0.0367401 -0.0550189
FixedParameters: 0 0 0

#Transform 57
Transform: AffineTransform_float_3_3
Parameters: 0.999994 0.00327072 -0.000765188 -0.0032744 0.999985 -0.00451695 0.000750613 0.00451971 0.99999 -0.0434159 -0.0379208 0.0761516
FixedParameters: 0 0 0

#Transform 58
Transform: AffineTransform_float_3_3
Parameters: 0.999998 0.00205095 0.000386809 -0.00204843 0.999987 -0.00467892 -0.000396966 0.00467781 0.99999 -0.0224262 -0.00144075 0.00368692
FixedParameters: 0 0 0

#Transform 59
Transform: AffineTransform_float_3_3
Parameters: 0.999997 0.00213443 0.00114433 -0.00212723 0.999982 -0.00553318 -0.00115567 0.00553113 0.999984 -0.0207275 -0.0971723 0.0631028
FixedParameters: 0 0 0

#Transform 60
Transform: AffineTransform_float_3_3
Parameters: 0.999998 0.0017894 0.00101464 -0.00178344 0.999983 -0.00547619 -0.00102509 0.00547449 0.999984 -0.0186589 0.0259845 0.000528955
FixedParameters: 0 0 0

#Transform 61
Transform: AffineTransform_float_3_3
Parameters: 1 0.00100545 0.000501901 -0.00100363 0.999991 -0.00400944 -0.000505992 0.00400939 0.999991 -0.0015294 -0.0705426 -0.0453399
FixedParameters: 0 0 0

#Transform 62
Transform: AffineTransform_float_3_3
Parameters: 0.999998 0.00105496 0.00126638 -0.0010492 0.999988 -0.00467073 -0.00127116 0.00466955 0.999988 -0.0153639 0.0216468 -0.0278832
FixedParameters: 0 0 0

#Transform 63
Transform: AffineTransform_float_3_3
Parameters: 1 0.000597715 0.000793348 -0.000594029 0.99999 -0.00458082 -0.000796408 0.00458088 0.999989 -0.0127177 -0.0151652 -0.0620971
FixedParameters: 0 0 0

#Transform 64
Transform: AffineTransform_float_3_3
Parameters: 1 0.000531387 0.000290171 -0.000529276 0.999981 -0.0060202 -0.000293119 0.00601992 0.999982 -0.00285594 -0.0114199 -0.0588879
FixedParameters: 0 0 0

#Transform 65
Transform: AffineTransform_float_3_3
Parameters: 0.999998 0.00178403 -0.000339824 -0.00178542 0.999988 -0.00466386 0.000331577 0.00466415 0.999989 0.0252454 -0.0755644 0.0647096
FixedParameters: 0 0 0

#Transform 66
Transform: AffineTransform_float_3_3
Parameters: 0.999994 0.00272342 0.00212749 -0.00270734 0.99997 -0.00728922 -0.00214693 0.00728337 0.999972 -0.0296919 0.0111797 0.0428392
FixedParameters: 0 0 0

#Transform 67
Transform: AffineTransform_float_3_3
Parameters: 0.999998 0.00150591 0.00071393 -0.00150203 0.99998 -0.00629406 -0.000723394 0.00629385 0.99998 0.0369008 -0.0808939 -0.0146028
FixedParameters: 0 0 0

#Transform 68
Transform: AffineTransform_float_3_3
Parameters: 0.999998 0.00173288 0.00160217 -0.00172141 0.999972 -0.00721956 -0.00161489 0.00721655 0.999973 0.0342428 -0.0320892 0.0663494
FixedParameters: 0 0 0

#Transform 69
Transform: AffineTransform_float_3_3
Parameters: 0.999997 0.00136137 0.00218447 -0.00134727 0.999978 -0.00650337 -0.00219262 0.00650048 0.999976 0.0373866 -0.00354614 0.0375935
FixedParameters: 0 0 0

#Transform 70
Transform: AffineTransform_float_3_3
Parameters: 0.999997 0.00137762 0.00169798 -0.0013658 0.999976 -0.00682681 -0.00170775 0.00682469 0.999975 0.0300084 -0.0646625 0.0912785
FixedParameters: 0 0 0

#Transform 71
Transform: AffineTransform_float_3_3
Parameters: 0.999999 0.00118869 0.000542897 -0.00118523 0.999978 -0.00650644 -0.000551179 0.00650614 0.999979 0.0459099 -0.0466826 0.0607702
FixedParameters: 0 0 0

#Transform 72
Transform: AffineTransform_float_3_3
Parameters: 0.999999 0.00131986 0.00051504 -0.00131651 0.999973 -0.00726278 -0.000524556 0.0072615 0.999974 0.0494941 -0.019514 0.0804475
FixedParameters: 0 0 0

#Transform 73
Transform: AffineTransform_float_3_3
Parameters: 0.999999 0.00138306 0.000371464 -0.00138133 0.999983 -0.0056775 -0.000379515 0.00567651 0.999984 0.0485991 -0.0614936 0.0511744
FixedParameters: 0 0 0

#Transform 74
Transform: AffineTransform_float_3_3
Parameters: 1 0.000258127 0.000294449 -0.000256166 0.99999 -0.00450255 -0.000294987 0.00450242 0.99999 0.0442981 -0.0439674 0.106143
FixedParameters: 0 0 0

#Transform 75
Transform: AffineTransform_float_3_3
Parameters: 1 0.000706942 0.00101889 -0.000702438 0.99999 -0.00445836 -0.00102256 0.00445746 0.99999 0.0234365 -0.0185944 0.0708148
FixedParameters: 0 0 0

#Transform 76
Transform: AffineTransform_float_3_3
Parameters: 1 0.000580912 0.000410673 -0.000579155 0.999986 -0.00530192 -0.000414389 0.00530151 0.999986 0.0625268 -0.0789274 0.083926
FixedParameters: 0 0 0

#Transform 77
Transform: AffineTransform_float_3_3
Parameters: 0.999999 0.000695433 0.000533621 -0.000692731 0.999978 -0.00652946 -0.000538382 0.00652924 0.999979 0.0618029 -0.0330517 0.0721594
FixedParameters: 0 0 0

#Transform 78
Transform: AffineTransform_float_3_3
Parameters: 1 0.00124733 -0.000243787 -0.00124859 0.999987 -0.00498111 0.000236943 0.00498166 0.999988 0.0407389 -0.0895923 0.0303915
FixedParameters: 0 0 0

#Transform 79
Transform: AffineTransform_float_3_3
Parameters: 1 0.000372625 0.00056388 -0.000369637 0.999982 -0.00598393 -0.000566416 0.00598362 0.999982 0.0504435 -0.00498139 0.0668971
FixedParameters: 0 0 0

#Transform 80
Transform: AffineTransform_float_3_3
Parameters: 1 0.000341002 -2.6386e-05 -0.000340956 0.999987 -0.00510008 2.46531e-05 0.00510008 0.999987 0.0546331 -0.0715768 0.0166294
FixedParameters: 0 0 0

#Transform 81
Transform: AffineTransform_float_3_3
Parameters: 1 0.000100466 0.000400575 -9.78437e-05 0.999975 -0.00696964 -0.000400882 0.00696965 0.999975 0.0757001 -0.048174 0.0377391
FixedParameters: 0 0 0

#Transform 82
Transform: AffineTransform_float_3_3
Parameters: 1 -0.000199569 0.000220041 0.000201133 0.999977 -0.00685093 -0.000218651 0.00685066 0.999976 0.0898778 -0.0467673 0.00542366
FixedParameters: 0 0 0

#Transform 83
Transform: AffineTransform_float_3_3
Parameters: 1 0.000378936 0.00050698 -0.000375024 0.999972 -0.0074852 -0.000510126 0.00748492 0.999972 0.0628618 -0.0508963 -0.00239908
FixedParameters: 0 0 0

#Transform 84
Transform: AffineTransform_float_3_3
Parameters: 1 0.000464044 0.000341852 -0.000461066 0.999957 -0.00924281 -0.000346042 0.00924259 0.999957 0.0498355 0.0620179 -0.0183538
FixedParameters: 0 0 0

#Transform 85
Transform: AffineTransform_float_3_3
Parameters: 0.999999 0.00161451 4.04184e-05 -0.00161369 0.999954 -0.00944391 -5.59593e-05 0.0094433 0.999955 0.00755576 0.0684137 -0.0136549
FixedParameters: 0 0 0

#Transform 86
Transform: AffineTransform_float_3_3
Parameters: 0.999999 0.000801547 -0.000580847 -0.000806717 0.999948 -0.0101462 0.00057241 0.0101469 0.999949 0.0597426 0.0837691 -0.0791261
FixedParameters: 0 0 0

#Transform 87
Transform: AffineTransform_float_3_3
Parameters: 1 0.000703787 -0.000168227 -0.000705924 0.999938 -0.0110504 0.000161138 0.0110505 0.999939 0.0674732 0.0833947 -0.0879428
FixedParameters: 0 0 0

#Transform 88
Transform: AffineTransform_float_3_3
Parameters: 1 0.000280783 -0.000302639 -0.000283873 0.99996 -0.00885641 0.000299526 0.00885652 0.99996 0.082211 0.0262122 -0.0543518
FixedParameters: 0 0 0

#Transform 89
Transform: AffineTransform_float_3_3
Parameters: 1 0.000359844 -5.09557e-05 -0.00036045 0.99995 -0.0100006 4.67108e-05 0.0100006 0.99995 0.0779293 0.024741 -0.0344909
FixedParameters: 0 0 0

#Transform 90
Transform: AffineTransform_float_3_3
Parameters: 0.999999 0.000458742 -0.000639167 -0.000465053 0.999955 -0.00955001 0.000634944 0.00955042 0.999954 0.068675 0.0212749 -0.00962844
FixedParameters: 0 0 0

#Transform 91
Transform: AffineTransform_float_3_3
Parameters: 1 5.0578e-05 -4.02921e-05 -5.04412e-05 0.999959 -0.0090604 3.96411e-05 0.00906038 0.999959 0.0850144 0.0674579 0.0165858
FixedParameters: 0 0 0

#Transform 92
Transform: AffineTransform_float_3_3
Parameters: 1 0.000330384 0.000157763 -0.000329063 0.999957 -0.00927699 -0.000160917 0.00927693 0.999957 0.0518117 0.00249639 0.00711535
FixedParameters: 0 0 0

#Transform 93
Transform: AffineTransform_float_3_3
Parameters: 1 -0.00021979 -0.000324964 0.000217283 0.99997 -0.0077208 0.000326556 0.0077206 0.99997 0.0877505 -0.0250195 0.0233199
FixedParameters: 0 0 0

#Transform 94
Transform: AffineTransform_float_3_3
Parameters: 1 -0.000179459 -4.09928e-05 0.00017843 0.999976 -0.00702827 4.20599e-05 0.00702828 0.999976 0.101389 -0.0230196 0.0984407
FixedParameters: 0 0 0

#Transform 95
Transform: AffineTransform_float_3_3
Parameters: 0.999999 -0.000425094 -0.000484212 0.000421216 0.999973 -0.00735724 0.000487292 0.00735675 0.999973 0.117665 -0.0368842 0.00158654
FixedParameters: 0 0 0

#Transform 96
Transform: AffineTransform_float_3_3
Parameters: 1 -0.000586979 -4.18941e-05 0.000586218 0.999967 -0.00809782 4.7282e-05 0.00809779 0.999968 0.101692 -0.00552533 0.0374601
FixedParameters: 0 0 0

#Transform 97
Transform: AffineTransform_float_3_3
Parameters: 0.999999 -0.00064087 -0.000378824 0.000636895 0.999961 -0.00881473 0.000384715 0.00881511 0.999961 0.121531 0.00980887 -0.0566157
FixedParameters: 0 0 0

#Transform 98
Transform: AffineTransform_float_3_3
Parameters: 1 -0.000139076 0.000111247 0.000140574 0.999958 -0.0091556 -0.000110105 0.00915566 0.999958 0.105882 0.0624238 -0.0279417
FixedParameters: 0 0 0

#Transform 99
Transform: AffineTransform_float_3_3
Parameters: 1 0.000299973 0.000406979 -0.000296682 0.999951 -0.0098301 -0.000409929 0.00983 0.999951 0.0837101 0.066553 -0.0351411
FixedParameters: 0 0 0

#Transform 100
Transform: AffineTransform_float_3_3
Parameters: 1 6.30214e-05 -2.24812e-05 -6.25269e-05 0.999944 -0.0105167 2.22536e-05 0.0105167 0.999944 0.103792 -0.00924581 -0.0732643
FixedParameters: 0 0 0

#Transform 101
Transform: AffineTransform_float_3_3
Parameters: 0.999999 -0.0012136 3.72997e-06 0.00121336 0.999933 -0.0114892 1.07816e-05 0.0114889 0.999934 0.131469 0.0284796 -0.143525
FixedParameters: 0 0 0

#Transform 102
Transform: AffineTransform_float_3_3
Parameters: 0.999998 -0.00169487 0.000420175 0.00169966 0.999936 -0.0111743 -0.000401133 0.0111751 0.999938 0.120531 0.00637555 -0.104509
FixedParameters: 0 0 0

#Transform 103
Transform: AffineTransform_float_3_3
Parameters: 0.999999 -0.000887356 -0.000912305 0.000878631 0.999957 -0.00924781 0.000920228 0.0092469 0.999957 0.098357 0.0145733 -0.0866665
FixedParameters: 0 0 0

#Transform 104
Transform: AffineTransform_float_3_3
Parameters: 1 -0.000890699 -0.00033239 0.000887378 0.999954 -0.00954184 0.000341151 0.00954078 0.999954 0.0953792 -0.0197788 0.0226009
FixedParameters: 0 0 0

#Transform 105
Transform: AffineTransform_float_3_3
Parameters: 0.999999 -0.0016407 -8.01292e-05 0.00164017 0.999945 -0.0103012 9.73453e-05 0.0103014 0.999947 0.100971 0.0429163 -0.0808829
FixedParameters: 0 0 0

#Transform 106
Transform: AffineTransform_float_3_3
Parameters: 0.999999 -0.00157493 -0.000239016 0.00157319 0.999956 -0.00927546 0.00025376 0.00927516 0.999957 0.125251 -0.0311191 -0.0905925
FixedParameters: 0 0 0

#Transform 107
Transform: AffineTransform_float_3_3
Parameters: 1 -0.00091629 9.12504e-05 0.000916663 0.999938 -0.0110294 -8.14135e-05 0.0110293 0.999939 0.108469 0.0543016 -0.0760545
FixedParameters: 0 0 0

#Transform 108
Transform: AffineTransform_float_3_3
Parameters: 1 -0.000393288 -0.000283848 0.000390885 0.99994 -0.0109526 0.000288106 0.0109523 0.99994 0.0861432 0.0415375 -0.0511757
FixedParameters: 0 0 0

#Transform 109
Transform: AffineTransform_float_3_3
Parameters: 0.999999 -0.000823963 -0.000907828 0.000814648 0.999948 -0.0101853 0.000916433 0.0101845 0.999948 0.113369 -0.0181457 -0.0730706
FixedParameters: 0 0 0

#Transform 110
Transform: AffineTransform_float_3_3
Parameters: 0.999999 -0.000433601 -0.000485341 0.000428399 0.999938 -0.0111312 0.000489319 0.0111316 0.999938 0.0995514 0.0360014 -0.0163198
FixedParameters: 0 0 0

#Transform 111
Transform: AffineTransform_float_3_3
Parameters: 0.999999 -0.00136272 -0.000512131 0.001357 0.999938 -0.0110003 0.000526984 0.0110002 0.999939 0.130067 0.0162817 -0.075901
FixedParameters: 0 0 0

#Transform 112
Transform: AffineTransform_float_3_3
Parameters: 0.999999 -0.00139419 -0.000452991 0.00138971 0.999954 -0.00948965 0.000466812 0.0094888 0.999955 0.141835 -0.0401107 -0.110875
FixedParameters: 0 0 0

#Transform 113
Transform: AffineTransform_float_3_3
Parameters: 0.999999 -0.00113734 0.000426018 0.00114185 0.999934 -0.011415 -0.000412381 0.0114157 0.999935 0.118455 0.0821111 -0.079084
FixedParameters: 0 0 0

#Transform 114
Transform: AffineTransform_float_3_3
Parameters: 0.999999 -0.0012636 -3.74336e-05 0.00126266 0.999942 -0.0107183 5.15738e-05 0.0107187 0.999942 0.118122 -0.026267 -0.0437667
FixedParameters: 0 0 0

#Transform 115
Transform: AffineTransform_float_3_3
Parameters: 0.999998 -0.00160786 -0.000989295 0.00159781 0.999949 -0.00992596 0.00100559 0.00992437 0.999951 0.144092 -0.0322482 0.00291353
FixedParameters: 0 0 0

#Transform 116
Transform: AffineTransform_float_3_3
Parameters: 0.999999 0.00112764 0.000287396 -0.00112349 0.999933 -0.0115943 -0.000300625 0.0115946 0.999933 -0.0291332 0.193979 -0.00218118
FixedParameters: 0 0 0

#Transform 117
Transform: AffineTransform_float_3_3
Parameters: 1 -0.00071589 -0.000340927 0.000711623 0.99993 -0.0118124 0.000348893 0.0118128 0.99993 0.12003 0.0443957 -0.0417517
FixedParameters: 0 0 0

#Transform 118
Transform: AffineTransform_float_3_3
Parameters: 1 -0.000166205 -2.9639e-05 0.00016593 0.999939 -0.0109917 3.17422e-05 0.0109926 0.999939 0.10363 0.0750959 -0.0606767
FixedParameters: 0 0 0

#Transform 119
Transform: AffineTransform_float_3_3
Parameters: 1 4.02774e-05 -0.000238631 -4.23928e-05 0.999944 -0.0105676 0.000238489 0.0105676 0.999944 0.112085 -0.00150336 -0.0723553
FixedParameters: 0 0 0

#Transform 120
Transform: AffineTransform_float_3_3
Parameters: 1 -1.41078e-05 -0.000617842 6.97216e-06 0.999927 -0.0120333 0.000617806 0.0120335 0.999928 0.0789026 0.0698253 -0.0634345
FixedParameters: 0 0 0

#Transform 121
Transform: AffineTransform_float_3_3
Parameters: 1 -0.000620904 0.00024907 0.000623395 0.999945 -0.010528 -0.000242322 0.010528 0.999944 0.0897022 0.0482424 -0.0125987
FixedParameters: 0 0 0

#Transform 122
Transform: AffineTransform_float_3_3
Parameters: 1 -0.000232109 -0.0002871 0.000228681 0.999935 -0.011423 0.000289506 0.0114237 0.999934 0.132692 0.0768403 -0.0937291
FixedParameters: 0 0 0

#Transform 123
Transform: AffineTransform_float_3_3
Parameters: 1 0.000223531 7.9981e-05 -0.000223303 0.999923 -0.0124582 -8.24639e-05 0.0124583 0.999923 0.115454 0.0675863 -0.0664643
FixedParameters: 0 0 0

#Transform 124
Transform: AffineTransform_float_3_3
Parameters: 1 0.000768161 0.000213068 -0.000764806 0.999917 -0.012862 -0.000222154 0.0128617 0.999917 0.125073 0.0156389 -0.111301
FixedParameters: 0 0 0

#Transform 125
Transform: AffineTransform_float_3_3
Parameters: 0.999999 -0.000247043 0.000578778 0.000256728 0.999874 -0.0158854 -0.000574534 0.015886 0.999874 0.140359 0.0534631 -0.121481
FixedParameters: 0 0 0

#Transform 126
Transform: AffineTransform_float_3_3
Parameters: 0.999999 -0.000663527 0.000980402 0.000677706 0.999889 -0.0149274 -0.00096988 0.0149279 0.999888 0.141814 0.0530442 -0.122301
FixedParameters: 0 0 0

#Transform 127
Transform: AffineTransform_float_3_3
Parameters: 1 -0.000813441 0.000451015 0.00081895 0.999902 -0.0140258 -0.000439102 0.0140263 0.999902 0.151896 0.0753339 -0.141767
FixedParameters: 0 0 0

#Transform 128
Transform: AffineTransform_float_3_3
Parameters: 1 -0.000264182 0.0007335 0.000274261 0.999901 -0.0141176 -0.000729859 0.0141183 0.9999 0.138178 0.0854748 -0.103731
FixedParameters: 0 0 0

#Transform 129
Transform: AffineTransform_float_3_3
Parameters: 1 -0.000491801 -0.000318635 0.000486309 0.999894 -0.0145972 0.00032518 0.0145964 0.999893 0.153149 0.0913946 -0.119867
FixedParameters: 0 0 0

#Transform 130
Transform: AffineTransform_float_3_3
Parameters: 0.999999 0.000967264 -0.00115061 -0.000985078 0.999877 -0.0156027 0.00113496 0.0156039 0.999878 0.121191 0.0360758 -0.107761
FixedParameters: 0 0 0

#Transform 131
Transform: AffineTransform_float_3_3
Parameters: 0.999996 0.00234096 -0.0014664 -0.00236898 0.9998 -0.0198732 0.00141929 0.0198764 0.999801 0.102009 0.155334 -0.161537
FixedParameters: 0 0 0

#Transform 132
Transform: AffineTransform_float_3_3
Parameters: 0.999991 0.00405342 -0.00110151 -0.00407641 0.999742 -0.0223483 0.00101019 0.0223521 0.999749 0.0488114 0.100149 -0.225693
FixedParameters: 0 0 0

#Transform 133
Transform: AffineTransform_float_3_3
Parameters: 0.999991 0.00406008 -0.00099558 -0.00408067 0.999755 -0.0217374 0.000906901 0.0217409 0.999764 0.0749859 0.102655 -0.219726
FixedParameters: 0 0 0

#Transform 134
Transform: AffineTransform_float_3_3
Parameters: 0.999994 0.00319118 0.000295641 -0.00318425 0.99977 -0.0212551 -0.000363902 0.0212545 0.999774 0.0853866 0.133606 -0.228602
FixedParameters: 0 0 0

#Transform 135
Transform: AffineTransform_float_3_3
Parameters: 0.999996 0.00287256 -0.000890107 -0.00288969 0.999795 -0.0200359 0.000832006 0.020038 0.999799 0.0975613 0.0295792 -0.211048
FixedParameters: 0 0 0

#Transform 136
Transform: AffineTransform_float_3_3
Parameters: 0.999995 0.00283549 -0.00120066 -0.00286018 0.99977 -0.0212463 0.00113999 0.0212503 0.999774 0.0927105 0.0977352 -0.194029
FixedParameters: 0 0 0

#Transform 137
Transform: AffineTransform_float_3_3
Parameters: 0.999995 0.00279097 -0.00133716 -0.00281881 0.999779 -0.0208417 0.00127867 0.0208451 0.999782 0.0952154 0.0952103 -0.201891
FixedParameters: 0 0 0

#Transform 138
Transform: AffineTransform_float_3_3
Parameters: 0.999995 0.00266759 -0.00167924 -0.00270009 0.999808 -0.0194067 0.0016276 0.0194105 0.99981 0.102905 0.0827847 -0.1749
FixedParameters: 0 0 0

#Transform 139
Transform: AffineTransform_float_3_3
Parameters: 0.999995 0.00277953 -0.00128425 -0.00280452 0.999795 -0.0200389 0.00122906 0.0200423 0.999799 0.108442 0.0887708 -0.155598
FixedParameters: 0 0 0

#Transform 140
Transform: AffineTransform_float_3_3
Parameters: 0.999994 0.00251282 -0.00240705 -0.0025605 0.999797 -0.0199887 0.00235644 0.0199943 0.999797 0.1267 0.0737198 -0.167473
FixedParameters: 0 0 0

#Transform 141
Transform: AffineTransform_float_3_3
Parameters: 0.999986 0.00459977 -0.00256138 -0.00464876 0.999796 -0.0196904 0.00247068 0.0197018 0.999803 0.0417649 0.0715413 -0.0641397
FixedParameters: 0 0 0

#Transform 142
Transform: AffineTransform_float_3_3
Parameters: 0.999989 0.00421956 -0.00229996 -0.00426931 0.999755 -0.0217021 0.00220815 0.0217112 0.999762 0.0793159 0.0608912 -0.166989
FixedParameters: 0 0 0

#Transform 143
Transform: AffineTransform_float_3_3
Parameters: 0.999994 0.00319041 -0.00125211 -0.00321668 0.999767 -0.0213505 0.00118372 0.0213548 0.999771 0.096781 0.0568572 -0.123255
FixedParameters: 0 0 0

#Transform 144
Transform: AffineTransform_float_3_3
Parameters: 0.999992 0.00340886 -0.00217077 -0.00345564 0.999756 -0.0218353 0.00209566 0.0218431 0.999759 0.0874405 0.0952264 -0.175894
FixedParameters: 0 0 0

#Transform 145
Transform: AffineTransform_float_3_3
Parameters: 0.999993 0.00336657 -0.00200708 -0.00340444 0.999813 -0.0190618 0.00194304 0.0190681 0.999816 0.0866249 0.10317 -0.110172
FixedParameters: 0 0 0

#Transform 146
Transform: AffineTransform_float_3_3
Parameters: 0.999993 0.00350278 -0.00146192 -0.00353005 0.999807 -0.0193296 0.00139443 0.0193338 0.999812 0.0755936 -0.0114865 -0.0833548
FixedParameters: 0 0 0

#Transform 147
Transform: AffineTransform_float_3_3
Parameters: 0.99999 0.0040401 -0.00198401 -0.00407409 0.999835 -0.0177025 0.00191244 0.0177106 0.999841 0.0740329 0.0312087 -0.0400257
FixedParameters: 0 0 0

#Transform 148
Transform: AffineTransform_float_3_3
Parameters: 0.999988 0.00424989 -0.00226653 -0.0042963 0.999778 -0.020639 0.00217876 0.020648 0.999785 0.0735973 0.0115577 -0.103527
FixedParameters: 0 0 0

#Transform 149
Transform: AffineTransform_float_3_3
Parameters: 0.999991 0.00350625 -0.00210566 -0.00354806 0.999783 -0.0204861 0.00203388 0.020493 0.999788 0.0775754 0.0370254 -0.0850762
FixedParameters: 0 0 0
