# transform file /out/sourcedata/freesurfer/sub-v1s17x0051136_ses-1/mri/transforms/cc_up.lta
# created by oesteban on Mon Mar  9 04:00:49 2026

type      = 0 # LINEAR_VOX_TO_VOX
nxforms   = 1
mean      = 129.0000 117.0000 100.0000
sigma     = 10000.0000
1 4 4
9.993283152580261e-01 3.608860820531845e-02 6.382468622177839e-03 -5.843814849853516e+00 
-3.608787059783936e-02 9.993487000465393e-01 -2.304844965692610e-04 3.677081680297852e+01 
-6.386628374457359e-03 -2.910383392618066e-11 9.999796748161316e-01 3.883141708374023e+01 
0.000000000000000e+00 0.000000000000000e+00 0.000000000000000e+00 1.000000000000000e+00 
src volume info
valid = 1  # volume info valid
filename = /out/sourcedata/freesurfer/sub-v1s17x0051136_ses-1/mri/norm.mgz
volume = 256 256 256
voxelsize = 1.000000000000000e+00 1.000000000000000e+00 1.000000000000000e+00
xras   = -1.000000000000000e+00 1.018634065985680e-09 0.000000000000000e+00
yras   = 0.000000000000000e+00 0.000000000000000e+00 -1.000000000000000e+00
zras   = 8.585629984736443e-10 1.000000000000000e+00 0.000000000000000e+00
cras   = 2.133018493652344e+00 1.523972320556641e+01 -1.592446899414062e+01
dst volume info
valid = 1  # volume info valid
filename = /out/sourcedata/freesurfer/sub-v1s17x0051136_ses-1/mri/norm.mgz
volume = 256 256 256
voxelsize = 1.000000000000000e+00 1.000000000000000e+00 1.000000000000000e+00
xras   = -1.000000000000000e+00 1.018634065985680e-09 0.000000000000000e+00
yras   = 0.000000000000000e+00 0.000000000000000e+00 -1.000000000000000e+00
zras   = 8.585629984736443e-10 1.000000000000000e+00 0.000000000000000e+00
cras   = 2.133018493652344e+00 1.523972320556641e+01 -1.592446899414062e+01
