# transform file transforms/talairach.lta
# created by oesteban on Mon Mar  9 03:06:52 2026

type      = 0 # LINEAR_VOX_TO_VOX
nxforms   = 1
mean      = 129.0000 119.0000 99.0000
sigma     = 10000.0000
1 4 4
1.015857934951782e+00 6.007355824112892e-02 1.912128739058971e-02 -1.374685382843018e+01 
-5.586283653974533e-02 9.812493324279785e-01 3.891601562500000e-01 -1.747346115112305e+01 
4.333334509283304e-03 -3.717744350433350e-01 9.446486234664917e-01 6.083208465576172e+01 
0.000000000000000e+00 0.000000000000000e+00 0.000000000000000e+00 1.000000000000000e+00 
src volume info
valid = 1  # volume info valid
filename = nu.mgz
volume = 256 256 256
voxelsize = 1.000000000000000e+00 1.000000000000000e+00 1.000000000000000e+00
xras   = -1.000000000000000e+00 1.018634065985680e-09 0.000000000000000e+00
yras   = 0.000000000000000e+00 0.000000000000000e+00 -1.000000000000000e+00
zras   = 8.585629984736443e-10 1.000000000000000e+00 0.000000000000000e+00
cras   = 2.133018493652344e+00 1.523972320556641e+01 -1.592446899414062e+01
dst volume info
valid = 1  # volume info valid
filename = /opt/freesurfer/average/RB_all_2020-01-02.gca
volume = 256 256 256
voxelsize = 1.000000000000000e+00 1.000000000000000e+00 1.000000000000000e+00
xras   = -1.000000000000000e+00 0.000000000000000e+00 0.000000000000000e+00
yras   = 0.000000000000000e+00 0.000000000000000e+00 -1.000000000000000e+00
zras   = 0.000000000000000e+00 1.000000000000000e+00 0.000000000000000e+00
cras   = 0.000000000000000e+00 0.000000000000000e+00 0.000000000000000e+00
