#Insight Transform File V1.0
#Transform 0
Transform: AffineTransform_float_3_3
Parameters: 0.999967 0.00630627 0.00507634 -0.006263 0.999945 -0.00842109 -0.005129 0.00838943 0.999952 -0.0853734 -0.185388 0.760261
FixedParameters: 0 0 0

#Transform 1
Transform: AffineTransform_float_3_3
Parameters: 0.999987 0.00370704 0.003541 -0.00369775 0.99999 -0.00258372 -0.00354988 0.00257124 0.999991 -0.106562 -0.0984768 0.685869
FixedParameters: 0 0 0

#Transform 2
Transform: AffineTransform_float_3_3
Parameters: 0.999979 0.00378675 0.00525418 -0.00376395 0.999983 -0.00434311 -0.00527064 0.00432402 0.999977 -0.0899709 -0.147812 0.62334
FixedParameters: 0 0 0

#Transform 3
Transform: AffineTransform_float_3_3
Parameters: 0.999979 0.00428645 0.0049136 -0.00425322 0.999967 -0.00683128 -0.0049423 0.00680984 0.999965 -0.0787453 -0.110593 0.559106
FixedParameters: 0 0 0

#Transform 4
Transform: AffineTransform_float_3_3
Parameters: 0.999979 0.00402268 0.00511295 -0.00398482 0.999963 -0.00751905 -0.00514333 0.00749833 0.999959 -0.061179 -0.082736 0.555141
FixedParameters: 0 0 0

#Transform 5
Transform: AffineTransform_float_3_3
Parameters: 0.999973 0.00500639 0.00536108 -0.00493768 0.999906 -0.0127904 -0.00542504 0.0127632 0.999904 -0.06354 -0.124743 0.488844
FixedParameters: 0 0 0

#Transform 6
Transform: AffineTransform_float_3_3
Parameters: 0.999924 0.00832174 0.00913141 -0.00842439 0.999901 0.0113005 -0.00903619 -0.0113766 0.999895 -0.174266 -0.24159 1.49406
FixedParameters: 0 0 0

#Transform 7
Transform: AffineTransform_float_3_3
Parameters: 0.999875 0.00932695 0.0128324 -0.00971539 0.999485 0.0305809 -0.0125402 -0.0307016 0.99945 -0.281397 -0.36427 1.63636
FixedParameters: 0 0 0

#Transform 8
Transform: AffineTransform_float_3_3
Parameters: 0.999937 0.00661981 0.00907819 -0.00671476 0.999923 0.0104637 -0.00900778 -0.0105238 0.999904 -0.199644 -0.109751 1.13754
FixedParameters: 0 0 0

#Transform 9
Transform: AffineTransform_float_3_3
Parameters: 0.99994 0.00559846 0.00940382 -0.00563944 0.999975 0.00434983 -0.00937926 -0.00440307 0.999946 -0.140938 -0.0636565 0.984695
FixedParameters: 0 0 0

#Transform 10
Transform: AffineTransform_float_3_3
Parameters: 0.999943 0.00553632 0.0090922 -0.0055878 0.999968 0.0057191 -0.00906076 -0.00576948 0.999942 -0.136868 -0.0864698 0.991887
FixedParameters: 0 0 0

#Transform 11
Transform: AffineTransform_float_3_3
Parameters: 0.999954 0.00623131 0.00733832 -0.00625027 0.999977 0.00258586 -0.00732197 -0.00263166 0.99997 -0.126802 -0.0450894 0.93161
FixedParameters: 0 0 0

#Transform 12
Transform: AffineTransform_float_3_3
Parameters: 0.999954 0.00698268 0.00649883 -0.00697179 0.999975 -0.00160059 -0.00650936 0.00155471 0.999977 -0.178339 -0.0700668 0.630305
FixedParameters: 0 0 0

#Transform 13
Transform: AffineTransform_float_3_3
Parameters: 0.999969 0.00707032 0.00343383 -0.00702689 0.999896 -0.0125833 -0.00352237 0.0125585 0.999916 -0.0646636 -0.151303 0.981658
FixedParameters: 0 0 0

#Transform 14
Transform: AffineTransform_float_3_3
Parameters: 0.999986 0.00497926 0.00188128 -0.00496679 0.999966 -0.0066737 -0.00191464 0.00666439 0.999976 -0.225084 0.0490597 0.32074
FixedParameters: 0 0 0

#Transform 15
Transform: AffineTransform_float_3_3
Parameters: 0.99994 0.00246271 0.0107589 -0.00261696 0.999893 0.0143394 -0.0107225 -0.0143663 0.999839 -0.060447 -0.293708 0.823249
FixedParameters: 0 0 0

#Transform 16
Transform: AffineTransform_float_3_3
Parameters: 0.999948 -0.00163543 0.0101089 0.00166727 0.999994 -0.00322258 -0.0101033 0.00323919 0.999944 -0.00098703 -0.116462 0.429161
FixedParameters: 0 0 0

#Transform 17
Transform: AffineTransform_float_3_3
Parameters: 0.99995 -0.00050145 0.0100554 0.000559566 0.999984 -0.00579006 -0.0100531 0.00579587 0.999933 -0.0185302 -0.0789908 0.360046
FixedParameters: 0 0 0

#Transform 18
Transform: AffineTransform_float_3_3
Parameters: 0.999952 -0.000479584 0.00977825 0.000550207 0.999974 -0.00721729 -0.00977508 0.00722242 0.999926 -0.00464652 -0.094042 0.344964
FixedParameters: 0 0 0

#Transform 19
Transform: AffineTransform_float_3_3
Parameters: 0.999953 0.000141256 0.00974009 -6.78326e-05 0.999971 -0.0075732 -0.00974121 0.00757182 0.999924 -0.0240715 -0.0531822 0.39385
FixedParameters: 0 0 0

#Transform 20
Transform: AffineTransform_float_3_3
Parameters: 0.999989 0.00351631 -0.00312293 -0.00351264 0.999993 0.00121212 0.00312715 -0.00120091 0.999994 -0.0189564 0.0137732 0.0309528
FixedParameters: 0 0 0

#Transform 21
Transform: AffineTransform_float_3_3
Parameters: 0.99997 0.00657092 0.00410594 -0.00658621 0.999971 0.00382738 -0.00408044 -0.00385423 0.999984 -0.255336 -0.022314 0.272729
FixedParameters: 0 0 0

#Transform 22
Transform: AffineTransform_float_3_3
Parameters: 0.999982 0.00439386 0.00410323 -0.00437619 0.99998 -0.00450214 -0.00412247 0.00448373 0.999981 -0.177181 -0.050305 0.45095
FixedParameters: 0 0 0

#Transform 23
Transform: AffineTransform_float_3_3
Parameters: 0.999982 0.00396441 0.00451249 -0.0039342 0.999969 -0.00685196 -0.00453976 0.0068335 0.999966 -0.170729 0.00615934 0.357273
FixedParameters: 0 0 0

#Transform 24
Transform: AffineTransform_float_3_3
Parameters: 0.999979 0.00436995 0.00490767 -0.0043162 0.999931 -0.0109042 -0.00495492 0.0108832 0.999929 -0.181744 0.0821767 0.319729
FixedParameters: 0 0 0

#Transform 25
Transform: AffineTransform_float_3_3
Parameters: 0.999979 0.00500019 0.00424123 -0.00493711 0.999879 -0.0147645 -0.00431481 0.0147433 0.999882 -0.157759 -0.00316231 0.265373
FixedParameters: 0 0 0

#Transform 26
Transform: AffineTransform_float_3_3
Parameters: 0.999973 0.00581803 0.00441659 -0.00574747 0.99986 -0.0157175 -0.00450705 0.0156912 0.999866 -0.17657 -2.83804e-05 0.318093
FixedParameters: 0 0 0

#Transform 27
Transform: AffineTransform_float_3_3
Parameters: 0.999975 0.0058813 0.00380057 -0.00582688 0.999882 -0.0142307 -0.00388422 0.014209 0.999891 -0.174977 0.0864122 0.303031
FixedParameters: 0 0 0

#Transform 28
Transform: AffineTransform_float_3_3
Parameters: 0.999967 0.00663683 0.00468452 -0.0065712 0.999883 -0.013807 -0.00477546 0.0137758 0.999894 -0.196621 -0.062518 0.546464
FixedParameters: 0 0 0

#Transform 29
Transform: AffineTransform_float_3_3
Parameters: 0.999971 0.00650056 0.00396227 -0.00646676 0.999943 -0.00854547 -0.00401733 0.00851993 0.999955 -0.221726 -0.234316 1.29782
FixedParameters: 0 0 0

#Transform 30
Transform: AffineTransform_float_3_3
Parameters: 0.999973 0.00562569 0.00454461 -0.00557238 0.999916 -0.011696 -0.00460947 0.0116711 0.999921 -0.196075 -0.301454 1.43343
FixedParameters: 0 0 0

#Transform 31
Transform: AffineTransform_float_3_3
Parameters: 0.999973 0.00557688 0.00470544 -0.00552452 0.999924 -0.0110488 -0.00476655 0.0110218 0.999928 -0.207952 -0.0861363 1.40606
FixedParameters: 0 0 0

#Transform 32
Transform: AffineTransform_float_3_3
Parameters: 0.999994 0.00355468 0.00029942 -0.00355202 0.999962 -0.00788026 -0.000328327 0.00787913 0.999969 -0.140274 -0.180685 1.34782
FixedParameters: 0 0 0

#Transform 33
Transform: AffineTransform_float_3_3
Parameters: 0.99999 0.0038793 0.00251727 -0.0038513 0.999932 -0.0110519 -0.00256077 0.0110425 0.999936 -0.120298 -0.106176 1.18928
FixedParameters: 0 0 0

#Transform 34
Transform: AffineTransform_float_3_3
Parameters: 0.999981 0.00481397 0.00393634 -0.00475504 0.999878 -0.0149147 -0.00400781 0.0148959 0.999881 -0.137134 -0.19068 1.0881
FixedParameters: 0 0 0

#Transform 35
Transform: AffineTransform_float_3_3
Parameters: 0.999916 0.00406992 0.0123277 -0.00395654 0.99995 -0.00920981 -0.0123647 0.00915962 0.999881 -0.131237 -0.161459 1.28226
FixedParameters: 0 0 0

#Transform 36
Transform: AffineTransform_float_3_3
Parameters: 0.999956 0.0017224 0.00927679 -0.00159427 0.999904 -0.0137664 -0.00930033 0.013751 0.999862 -0.0809581 -0.205278 1.20101
FixedParameters: 0 0 0

#Transform 37
Transform: AffineTransform_float_3_3
Parameters: 0.999959 0.00316121 0.00845413 -0.003013 0.999841 -0.0175656 -0.00850802 0.0175394 0.99981 -0.0860819 -0.167018 1.04469
FixedParameters: 0 0 0

#Transform 38
Transform: AffineTransform_float_3_3
Parameters: 0.999964 0.00430117 0.00723877 -0.00412874 0.999712 -0.0236591 -0.00733876 0.0236287 0.999694 -0.112461 -0.213372 0.943643
FixedParameters: 0 0 0

#Transform 39
Transform: AffineTransform_float_3_3
Parameters: 0.999966 0.00397269 0.00716383 -0.00378715 0.99966 -0.0257807 -0.00726304 0.0257525 0.999642 -0.0995723 -0.193178 0.845465
FixedParameters: 0 0 0

#Transform 40
Transform: AffineTransform_float_3_3
Parameters: 0.999959 0.00443796 0.00784365 -0.00423325 0.999654 -0.0259789 -0.00795645 0.0259447 0.999632 -0.116421 -0.151045 0.827645
FixedParameters: 0 0 0

#Transform 41
Transform: AffineTransform_float_3_3
Parameters: 0.99997 0.00136579 0.00762767 -0.00132871 0.999988 -0.00484855 -0.00763483 0.00483807 0.999959 -0.176163 0.250979 0.662271
FixedParameters: 0 0 0

#Transform 42
Transform: AffineTransform_float_3_3
Parameters: 0.999969 0.000167761 0.00780109 -0.000166609 1 -0.000126374 -0.00780137 0.000125339 0.999969 -0.122609 -0.124183 0.487347
FixedParameters: 0 0 0

#Transform 43
Transform: AffineTransform_float_3_3
Parameters: 0.999974 0.00103756 0.00713496 -0.000972106 0.999958 -0.00916662 -0.00714466 0.00915923 0.999933 -0.1203 0.0221372 0.379067
FixedParameters: 0 0 0

#Transform 44
Transform: AffineTransform_float_3_3
Parameters: 0.999971 0.0015285 0.00741494 -0.00145557 0.99995 -0.00983482 -0.0074303 0.00982377 0.999924 -0.125306 0.0167385 0.389435
FixedParameters: 0 0 0

#Transform 45
Transform: AffineTransform_float_3_3
Parameters: 0.999969 0.00169417 0.00763594 -0.00161606 0.999946 -0.0102335 -0.00765271 0.0102206 0.999918 -0.144519 0.045592 0.395738
FixedParameters: 0 0 0

#Transform 46
Transform: AffineTransform_float_3_3
Parameters: 0.999964 0.0020107 0.00824827 -0.00191157 0.999927 -0.0119938 -0.00827172 0.0119767 0.999894 -0.148454 0.0508088 0.400014
FixedParameters: 0 0 0

#Transform 47
Transform: AffineTransform_float_3_3
Parameters: 0.999978 -0.000191747 0.00658947 0.000282159 0.999906 -0.0137235 -0.00658563 0.0137253 0.999884 -0.103003 -0.000557872 0.380117
FixedParameters: 0 0 0

#Transform 48
Transform: AffineTransform_float_3_3
Parameters: 0.999968 0.00159319 0.00780643 -0.00149342 0.999916 -0.0128253 -0.00782585 0.0128128 0.999888 -0.146256 0.0355196 0.355692
FixedParameters: 0 0 0

#Transform 49
Transform: AffineTransform_float_3_3
Parameters: 0.999974 0.00205426 0.00690792 -0.00197379 0.999929 -0.011727 -0.00693168 0.0117128 0.999907 -0.150763 -0.00926045 0.313103
FixedParameters: 0 0 0

#Transform 50
Transform: AffineTransform_float_3_3
Parameters: 0.999972 0.00266639 0.00699851 -0.00257885 0.999919 -0.0124272 -0.00703027 0.0124085 0.999898 -0.175829 0.00246381 0.356523
FixedParameters: 0 0 0

#Transform 51
Transform: AffineTransform_float_3_3
Parameters: 0.999977 0.00257979 0.00637451 -0.00249061 0.9999 -0.0139086 -0.00640967 0.0138921 0.999883 -0.149839 -0.0330028 0.360482
FixedParameters: 0 0 0

#Transform 52
Transform: AffineTransform_float_3_3
Parameters: 0.999975 0.00265499 0.00653336 -0.00256116 0.999894 -0.0142687 -0.00657045 0.0142513 0.999876 -0.147755 -0.00917005 0.373473
FixedParameters: 0 0 0

#Transform 53
Transform: AffineTransform_float_3_3
Parameters: 0.999978 0.00269743 0.00614687 -0.00261163 0.9999 -0.01393 -0.00618414 0.0139137 0.999884 -0.145269 0.0223627 0.391548
FixedParameters: 0 0 0

#Transform 54
Transform: AffineTransform_float_3_3
Parameters: 0.99997 0.00374929 0.00680763 -0.00364442 0.999875 -0.0153787 -0.00686459 0.0153531 0.999859 -0.0895519 -0.0474485 0.453586
FixedParameters: 0 0 0

#Transform 55
Transform: AffineTransform_float_3_3
Parameters: 0.999768 -0.00284686 0.0213279 0.00326717 0.9998 -0.0197198 -0.0212674 0.0197846 0.999578 -0.015715 0.250901 -0.858997
FixedParameters: 0 0 0

#Transform 56
Transform: AffineTransform_float_3_3
Parameters: 0.999842 -0.00266953 0.01759 0.00325999 0.99943 -0.0336295 -0.0174908 0.0336814 0.999279 0.111545 0.341759 -1.97931
FixedParameters: 0 0 0

#Transform 57
Transform: AffineTransform_float_3_3
Parameters: 0.99989 -0.00064934 0.0148072 0.00112249 0.999488 -0.0319765 -0.014779 0.0319902 0.999379 0.0774383 0.0749289 -1.4788
FixedParameters: 0 0 0

#Transform 58
Transform: AffineTransform_float_3_3
Parameters: 0.999916 0.00123164 0.0129145 -0.00080292 0.999451 -0.0331222 -0.012948 0.0331094 0.999368 0.0198946 0.0680754 -1.30636
FixedParameters: 0 0 0

#Transform 59
Transform: AffineTransform_float_3_3
Parameters: 0.999937 0.00206702 0.0110555 -0.00166134 0.999329 -0.0365958 -0.0111233 0.0365748 0.999269 -0.000280637 0.108368 -1.1057
FixedParameters: 0 0 0

#Transform 60
Transform: AffineTransform_float_3_3
Parameters: 0.999925 0.00355372 0.0116576 -0.00319987 0.999539 -0.0301826 -0.0117589 0.0301421 0.999476 -0.0777901 -0.0699966 -0.381058
FixedParameters: 0 0 0

#Transform 61
Transform: AffineTransform_float_3_3
Parameters: 0.999932 0.00429681 0.010811 -0.00386684 0.999212 -0.0394919 -0.0109715 0.039447 0.999162 -0.087279 0.168537 -0.70582
FixedParameters: 0 0 0

#Transform 62
Transform: AffineTransform_float_3_3
Parameters: 0.999959 -0.0026748 0.00869214 0.0028582 0.999772 -0.0211704 -0.00863397 0.0211943 0.999738 0.0936004 -0.0647496 -0.0691815
FixedParameters: 0 0 0

#Transform 63
Transform: AffineTransform_float_3_3
Parameters: 0.999851 -0.0112616 0.0130863 0.0114554 0.999825 -0.0148428 -0.0129173 0.0149906 0.999804 0.358987 0.317789 -2.04939
FixedParameters: 0 0 0

#Transform 64
Transform: AffineTransform_float_3_3
Parameters: 0.99996 -0.00139446 0.00880924 0.00169275 0.999422 -0.03396 -0.00875689 0.0339739 0.999385 0.106087 0.0927682 -1.57053
FixedParameters: 0 0 0

#Transform 65
Transform: AffineTransform_float_3_3
Parameters: 0.99997 9.84701e-05 0.00784226 0.00021076 0.999225 -0.0393536 -0.00784043 0.0393544 0.999194 0.0925661 0.245942 -0.909062
FixedParameters: 0 0 0

#Transform 66
Transform: AffineTransform_float_3_3
Parameters: 0.999899 -0.00430337 0.0135459 0.0047118 0.999532 -0.03023 -0.0134098 0.0302912 0.999451 0.186931 -0.0246188 -0.833312
FixedParameters: 0 0 0

#Transform 67
Transform: AffineTransform_float_3_3
Parameters: 0.999921 -0.00459684 0.0117201 0.00502761 0.999303 -0.036983 -0.0115427 0.0370391 0.999247 0.330588 0.29857 -1.26904
FixedParameters: 0 0 0

#Transform 68
Transform: AffineTransform_float_3_3
Parameters: 0.999948 -0.000867762 0.0101323 0.00132951 0.998955 -0.0456982 -0.0100822 0.0457083 0.998904 0.230639 0.157466 -1.45018
FixedParameters: 0 0 0

#Transform 69
Transform: AffineTransform_float_3_3
Parameters: 0.999962 -0.000741687 0.00878912 0.00114211 0.998962 -0.0455529 -0.00874558 0.045561 0.998923 0.209299 0.0951528 -1.31154
FixedParameters: 0 0 0

#Transform 70
Transform: AffineTransform_float_3_3
Parameters: 0.999906 -0.00265384 0.0134215 0.003294 0.998849 -0.0478614 -0.0132796 0.0479017 0.998764 0.318031 0.0920853 -1.49355
FixedParameters: 0 0 0

#Transform 71
Transform: AffineTransform_float_3_3
Parameters: 0.999948 0.00157554 0.0100723 -0.00106643 0.998734 -0.0503023 -0.0101391 0.0502893 0.998683 0.1317 0.128937 -1.55256
FixedParameters: 0 0 0

#Transform 72
Transform: AffineTransform_float_3_3
Parameters: 0.999952 0.000110569 0.00978447 0.0003755 0.998763 -0.0497176 -0.00977756 0.0497188 0.998715 0.173986 0.0432145 -1.56684
FixedParameters: 0 0 0

#Transform 73
Transform: AffineTransform_float_3_3
Parameters: 0.999835 0.00683953 0.0167791 -0.00573102 0.997852 -0.065261 -0.0171893 0.0651543 0.997727 0.208716 0.773382 -3.61002
FixedParameters: 0 0 0

#Transform 74
Transform: AffineTransform_float_3_3
Parameters: 0.999852 -0.000384134 0.0171573 0.000861942 0.999612 -0.0278297 -0.0171403 0.0278404 0.999465 0.133819 0.00166471 -2.0137
FixedParameters: 0 0 0

#Transform 75
Transform: AffineTransform_float_3_3
Parameters: 0.99991 0.000899365 0.0133878 -0.00035326 0.999168 -0.0407792 -0.0134136 0.0407716 0.999079 0.0972268 0.182811 -1.99774
FixedParameters: 0 0 0

#Transform 76
Transform: AffineTransform_float_3_3
Parameters: 0.999928 0.00122285 0.0119976 -0.000740707 0.999193 -0.0401456 -0.0120373 0.0401341 0.999122 0.103256 0.288107 -1.92131
FixedParameters: 0 0 0

#Transform 77
Transform: AffineTransform_float_3_3
Parameters: 0.999879 -0.0033973 0.0151546 0.00385461 0.999536 -0.0302106 -0.0150447 0.0302653 0.999429 0.187307 0.160142 -2.62535
FixedParameters: 0 0 0

#Transform 78
Transform: AffineTransform_float_3_3
Parameters: 0.999891 -0.00193395 0.0146828 0.00249776 0.999257 -0.03848 -0.014598 0.0385127 0.999152 0.190961 0.160587 -2.48151
FixedParameters: 0 0 0

#Transform 79
Transform: AffineTransform_float_3_3
Parameters: 0.999904 -0.000808463 0.0138762 0.00137509 0.999163 -0.0408619 -0.0138316 0.0408764 0.999068 0.169125 0.200573 -2.40816
FixedParameters: 0 0 0

#Transform 80
Transform: AffineTransform_float_3_3
Parameters: 0.999913 -0.00025971 0.0131984 0.000818369 0.999102 -0.0423616 -0.0131759 0.0423688 0.999016 0.152594 0.157351 -2.36095
FixedParameters: 0 0 0

#Transform 81
Transform: AffineTransform_float_3_3
Parameters: 0.999907 -2.35907e-05 0.0135999 0.000595097 0.999116 -0.042019 -0.013587 0.0420231 0.999024 0.129663 0.20436 -2.37849
FixedParameters: 0 0 0

#Transform 82
Transform: AffineTransform_float_3_3
Parameters: 0.999915 0.000658861 0.013034 -8.78934e-05 0.999043 -0.043728 -0.0130502 0.043723 0.998959 0.0903356 0.266102 -1.888
FixedParameters: 0 0 0

#Transform 83
Transform: AffineTransform_float_3_3
Parameters: 0.999896 0.000894445 0.0144188 -0.000312463 0.999185 -0.04036 -0.0144426 0.0403503 0.999081 0.0806084 0.0307939 -1.32705
FixedParameters: 0 0 0

#Transform 84
Transform: AffineTransform_float_3_3
Parameters: 0.999899 0.00183832 0.0141191 -0.00116931 0.99888 -0.0472985 -0.0141901 0.0472775 0.998781 0.0581326 0.224026 -1.57854
FixedParameters: 0 0 0

#Transform 85
Transform: AffineTransform_float_3_3
Parameters: 0.999909 0.00238898 0.013307 -0.00172777 0.998773 -0.0494901 -0.0134092 0.0494625 0.998686 0.0642924 0.155609 -1.52901
FixedParameters: 0 0 0

#Transform 86
Transform: AffineTransform_float_3_3
Parameters: 0.999886 0.00137307 0.0150378 -0.000777561 0.99922 -0.0394809 -0.0150802 0.039465 0.999107 0.066645 -0.123364 -0.755516
FixedParameters: 0 0 0

#Transform 87
Transform: AffineTransform_float_3_3
Parameters: 0.999909 0.00183111 0.0133658 -0.00121465 0.998941 -0.0459926 -0.013436 0.0459716 0.998852 0.0264415 -0.0780889 -1.22656
FixedParameters: 0 0 0

#Transform 88
Transform: AffineTransform_float_3_3
Parameters: 0.999908 0.00234463 0.0133337 -0.00173397 0.99896 -0.0455655 -0.0134269 0.0455381 0.998872 0.0501345 0.0163481 -1.17456
FixedParameters: 0 0 0

#Transform 89
Transform: AffineTransform_float_3_3
Parameters: 0.999901 0.00286889 0.0137181 -0.00223835 0.998952 -0.0457033 -0.0138352 0.045668 0.998861 0.0361268 0.0610136 -1.18556
FixedParameters: 0 0 0

#Transform 90
Transform: AffineTransform_float_3_3
Parameters: 0.999907 0.00330131 0.0132697 -0.00266399 0.998853 -0.0478083 -0.0134124 0.0477685 0.998769 0.018187 0.150048 -1.22417
FixedParameters: 0 0 0

#Transform 91
Transform: AffineTransform_float_3_3
Parameters: 0.999916 0.00320483 0.012568 -0.00259371 0.998828 -0.0483304 -0.0127076 0.048294 0.998752 0.0255066 0.0882498 -1.25517
FixedParameters: 0 0 0

#Transform 92
Transform: AffineTransform_float_3_3
Parameters: 0.999804 0.00627078 0.0187751 -0.00545897 0.999061 -0.0429897 -0.0190274 0.0428789 0.998899 0.102115 0.168535 -1.806
FixedParameters: 0 0 0

#Transform 93
Transform: AffineTransform_float_3_3
Parameters: 0.997861 -0.019582 0.0623811 0.0218592 0.999112 -0.0360372 -0.0616196 0.0373235 0.997401 0.598338 0.388431 -3.92644
FixedParameters: 0 0 0

#Transform 94
Transform: AffineTransform_float_3_3
Parameters: 0.998666 -0.0114944 0.0503289 0.0130606 0.999437 -0.0309074 -0.0499447 0.0315241 0.998254 0.128934 0.263473 -2.8114
FixedParameters: 0 0 0

#Transform 95
Transform: AffineTransform_float_3_3
Parameters: 0.999277 0.013833 0.035428 -0.0136216 0.999888 -0.00621856 -0.0355103 0.00573138 0.999353 -0.310043 0.0160926 -1.5252
FixedParameters: 0 0 0

#Transform 96
Transform: AffineTransform_float_3_3
Parameters: 0.999507 0.00295565 0.031243 -0.00223746 0.999733 -0.0229964 -0.031302 0.0229154 0.999247 -0.100553 0.175749 -1.2375
FixedParameters: 0 0 0

#Transform 97
Transform: AffineTransform_float_3_3
Parameters: 0.999605 0.00112589 0.0280959 -0.000300688 0.999569 -0.0293453 -0.0281169 0.0293252 0.999175 -0.0406388 0.146331 -1.19823
FixedParameters: 0 0 0

#Transform 98
Transform: AffineTransform_float_3_3
Parameters: 0.999702 -0.000829233 0.0244019 0.00154507 0.999569 -0.0293333 -0.024367 0.0293622 0.999272 0.0492561 0.134988 -1.07646
FixedParameters: 0 0 0

#Transform 99
Transform: AffineTransform_float_3_3
Parameters: 0.999724 0.000230781 0.0234746 0.00055941 0.999433 -0.0336569 -0.0234687 0.0336611 0.999158 0.00844721 0.158116 -1.33882
FixedParameters: 0 0 0

#Transform 100
Transform: AffineTransform_float_3_3
Parameters: 0.999732 0.000613878 0.0231444 0.00018033 0.999412 -0.0342864 -0.0231519 0.0342814 0.999144 0.0184841 0.0600217 -1.29303
FixedParameters: 0 0 0

#Transform 101
Transform: AffineTransform_float_3_3
Parameters: 0.999712 0.000949148 0.0240187 -0.000148717 0.999446 -0.033289 -0.0240368 0.0332759 0.999158 0.00283509 0.104644 -1.20408
FixedParameters: 0 0 0

#Transform 102
Transform: AffineTransform_float_3_3
Parameters: 0.999765 0.00153739 0.0216319 -0.000750132 0.999338 -0.0363659 -0.0216734 0.036341 0.999105 0.00508622 0.0961837 -1.21517
FixedParameters: 0 0 0

#Transform 103
Transform: AffineTransform_float_3_3
Parameters: 0.999791 0.00373337 0.0201149 -0.0029996 0.999335 -0.0363586 -0.0202377 0.0362904 0.999136 -0.0654032 0.101848 -1.14371
FixedParameters: 0 0 0

#Transform 104
Transform: AffineTransform_float_3_3
Parameters: 0.999851 0.00516055 0.0164914 -0.00457104 0.999357 -0.0355735 -0.0166647 0.0354927 0.999231 -0.13967 0.321708 -0.949083
FixedParameters: 0 0 0

#Transform 105
Transform: AffineTransform_float_3_3
Parameters: 0.999876 0.00601674 0.0145651 -0.00546544 0.999278 -0.0375941 -0.014781 0.0375093 0.999187 -0.138487 0.203265 -0.96315
FixedParameters: 0 0 0

#Transform 106
Transform: AffineTransform_float_3_3
Parameters: 0.999891 0.00600166 0.0135179 -0.00552427 0.999372 -0.0350165 -0.0137192 0.0349381 0.999295 -0.117244 0.366936 -0.842912
FixedParameters: 0 0 0

#Transform 107
Transform: AffineTransform_float_3_3
Parameters: 0.999876 0.00505563 0.0149539 -0.0043937 0.999023 -0.0439707 -0.0151616 0.0438991 0.998921 -0.0885677 0.10188 -1.06365
FixedParameters: 0 0 0

#Transform 108
Transform: AffineTransform_float_3_3
Parameters: 0.9999 0.00383601 0.0136579 -0.00322332 0.999 -0.0445858 -0.013815 0.0445376 0.998912 -0.0482294 0.0852735 -0.970889
FixedParameters: 0 0 0

#Transform 109
Transform: AffineTransform_float_3_3
Parameters: 0.999907 0.00325738 0.0132193 -0.00267275 0.999027 -0.0440337 -0.0133496 0.0439945 0.998942 -0.0196553 0.121493 -0.884673
FixedParameters: 0 0 0

#Transform 110
Transform: AffineTransform_float_3_3
Parameters: 0.999909 0.00450428 0.0127624 -0.00390301 0.9989 -0.0467142 -0.01296 0.0466597 0.998827 -0.0637053 0.152068 -1.03758
FixedParameters: 0 0 0

#Transform 111
Transform: AffineTransform_float_3_3
Parameters: 0.999914 0.00477721 0.012268 -0.00418814 0.998858 -0.0475915 -0.0124808 0.0475362 0.998791 -0.0269061 0.0562629 -0.770627
FixedParameters: 0 0 0

#Transform 112
Transform: AffineTransform_float_3_3
Parameters: 0.999934 0.00513831 0.0102806 -0.00460971 0.998698 -0.0508164 -0.0105288 0.0507655 0.998655 -0.0234702 0.119087 -0.791735
FixedParameters: 0 0 0

#Transform 113
Transform: AffineTransform_float_3_3
Parameters: 0.999934 0.00597257 0.00981191 -0.00546981 0.99871 -0.0504966 -0.010101 0.0504394 0.998676 -0.0914401 0.151079 -1.08566
FixedParameters: 0 0 0

#Transform 114
Transform: AffineTransform_float_3_3
Parameters: 0.99994 0.00767518 0.00782161 -0.00725633 0.998607 -0.0522621 -0.00821149 0.0522028 0.998603 -0.148346 0.0791539 -0.13934
FixedParameters: 0 0 0

#Transform 115
Transform: AffineTransform_float_3_3
Parameters: 0.999952 0.00761839 0.00618942 -0.00730118 0.998733 -0.0497862 -0.00656107 0.049738 0.99874 -0.127189 0.147201 -1.07157
FixedParameters: 0 0 0

#Transform 116
Transform: AffineTransform_float_3_3
Parameters: 0.999947 0.00707022 0.00746585 -0.00667913 0.998669 -0.0511539 -0.00781741 0.0511013 0.998663 -0.0967808 0.05707 -1.17262
FixedParameters: 0 0 0

#Transform 117
Transform: AffineTransform_float_3_3
Parameters: 0.999949 0.00703725 0.00727173 -0.00665227 0.998637 -0.0517474 -0.00762584 0.0516963 0.998634 -0.133107 0.0513755 -1.34879
FixedParameters: 0 0 0

#Transform 118
Transform: AffineTransform_float_3_3
Parameters: 0.999949 0.00676644 0.00757467 -0.00636289 0.998623 -0.052064 -0.00791668 0.0520131 0.998615 -0.0959218 0.106636 -1.36639
FixedParameters: 0 0 0

#Transform 119
Transform: AffineTransform_float_3_3
Parameters: 0.999948 0.00699617 0.00741331 -0.00659965 0.998613 -0.0522293 -0.00776802 0.0521773 0.998608 -0.136907 0.129847 -1.45578
FixedParameters: 0 0 0

#Transform 120
Transform: AffineTransform_float_3_3
Parameters: 0.999955 0.00767173 0.00566361 -0.00736533 0.998607 -0.052256 -0.00605611 0.0522118 0.998618 -0.102665 0.104698 -1.28714
FixedParameters: 0 0 0

#Transform 121
Transform: AffineTransform_float_3_3
Parameters: 0.999956 0.00798215 0.00488636 -0.00771097 0.998557 -0.0531411 -0.0053036 0.053101 0.998575 -0.129325 0.0269932 -1.30941
FixedParameters: 0 0 0

#Transform 122
Transform: AffineTransform_float_3_3
Parameters: 0.999961 0.00780969 0.00421063 -0.00757091 0.998509 -0.0540565 -0.00462633 0.0540225 0.998529 -0.115175 0.08346 -0.970659
FixedParameters: 0 0 0

#Transform 123
Transform: AffineTransform_float_3_3
Parameters: 0.999942 0.00962112 0.00478226 -0.00936181 0.99862 -0.0516844 -0.00527338 0.0516375 0.998652 -0.162804 -0.00726765 -0.597232
FixedParameters: 0 0 0

#Transform 124
Transform: AffineTransform_float_3_3
Parameters: 0.999953 0.00863488 0.0043459 -0.00838993 0.998528 -0.0535761 -0.00480223 0.0535375 0.998555 -0.142098 0.0905657 -1.08998
FixedParameters: 0 0 0

#Transform 125
Transform: AffineTransform_float_3_3
Parameters: 0.999951 0.00913973 0.00385658 -0.00891519 0.998472 -0.0545501 -0.00434927 0.0545138 0.998504 -0.130482 0.110014 -0.532038
FixedParameters: 0 0 0

#Transform 126
Transform: AffineTransform_float_3_3
Parameters: 0.999946 0.00956354 0.00419521 -0.00932686 0.998538 -0.0532258 -0.00469808 0.0531834 0.998574 -0.151212 0.0379605 -0.76441
FixedParameters: 0 0 0

#Transform 127
Transform: AffineTransform_float_3_3
Parameters: 0.999939 0.00942033 0.00576679 -0.00912387 0.998729 -0.0495675 -0.00622653 0.049511 0.998754 -0.204263 -0.0362524 -0.362047
FixedParameters: 0 0 0

#Transform 128
Transform: AffineTransform_float_3_3
Parameters: 0.999962 0.0064514 0.00586714 -0.00615223 0.998751 -0.0495867 -0.00617994 0.0495488 0.998752 -0.115567 -0.0566438 -0.483065
FixedParameters: 0 0 0

#Transform 129
Transform: AffineTransform_float_3_3
Parameters: 0.99995 0.008402 0.00544799 -0.00811383 0.998669 -0.0509244 -0.00586837 0.0508776 0.998687 -0.165425 0.026508 -0.562292
FixedParameters: 0 0 0

#Transform 130
Transform: AffineTransform_float_3_3
Parameters: 0.999948 0.00885695 0.00495289 -0.00858955 0.998633 -0.0515725 -0.00540292 0.0515275 0.998657 -0.167253 0.0697147 -0.590184
FixedParameters: 0 0 0

#Transform 131
Transform: AffineTransform_float_3_3
Parameters: 0.999945 0.00948143 0.0043357 -0.00923902 0.998556 -0.0529074 -0.0048312 0.0528642 0.99859 -0.177622 0.062059 -0.741057
FixedParameters: 0 0 0

#Transform 132
Transform: AffineTransform_float_3_3
Parameters: 0.999936 0.00915235 0.0066183 -0.00882567 0.998821 -0.0477265 -0.00704703 0.0476654 0.998838 -0.217942 -0.0642508 -0.44805
FixedParameters: 0 0 0

#Transform 133
Transform: AffineTransform_float_3_3
Parameters: 0.999943 0.00967418 0.00455712 -0.00942127 0.998581 -0.0524129 -0.00505767 0.052367 0.998615 -0.174683 0.135934 -0.486393
FixedParameters: 0 0 0

#Transform 134
Transform: AffineTransform_float_3_3
Parameters: 0.999944 0.00926148 0.00510141 -0.00899632 0.998718 -0.0498052 -0.00555624 0.0497575 0.998746 -0.18085 -0.0138479 -0.508554
FixedParameters: 0 0 0

#Transform 135
Transform: AffineTransform_float_3_3
Parameters: 0.999946 0.00953954 0.00409763 -0.00929541 0.998391 -0.0559442 -0.00462462 0.0559024 0.998425 -0.15536 0.123828 -0.801809
FixedParameters: 0 0 0

#Transform 136
Transform: AffineTransform_float_3_3
Parameters: 0.999947 0.0095569 0.00404695 -0.00931364 0.998363 -0.0564264 -0.00457963 0.0563852 0.998398 -0.164523 0.146304 -0.864927
FixedParameters: 0 0 0

#Transform 137
Transform: AffineTransform_float_3_3
Parameters: 0.999946 0.00955247 0.00414844 -0.00930186 0.998354 -0.0565956 -0.00468238 0.056554 0.998389 -0.160656 0.0875186 -0.790061
FixedParameters: 0 0 0

#Transform 138
Transform: AffineTransform_float_3_3
Parameters: 0.99995 0.00905685 0.00423154 -0.00880991 0.998442 -0.0550963 -0.00472445 0.0550563 0.998472 -0.169741 0.124549 -0.833288
FixedParameters: 0 0 0

#Transform 139
Transform: AffineTransform_float_3_3
Parameters: 0.999944 0.00903135 0.00544181 -0.00875381 0.998759 -0.0490351 -0.00587728 0.048985 0.998782 -0.18784 0.0532626 -0.398028
FixedParameters: 0 0 0

#Transform 140
Transform: AffineTransform_float_3_3
Parameters: 0.999936 0.00967136 0.00596582 -0.00938785 0.998906 -0.0458068 -0.00640276 0.0457471 0.998932 -0.220105 0.0685773 -0.375712
FixedParameters: 0 0 0

#Transform 141
Transform: AffineTransform_float_3_3
Parameters: 0.999936 0.0100334 0.00508369 -0.00977038 0.998733 -0.0493619 -0.00557204 0.0493094 0.998768 -0.208272 0.0603317 -0.476217
FixedParameters: 0 0 0

#Transform 142
Transform: AffineTransform_float_3_3
Parameters: 0.999938 0.010059 0.00476443 -0.00979615 0.998577 -0.0524165 -0.00528544 0.0523664 0.998615 -0.200614 0.115349 -0.576788
FixedParameters: 0 0 0

#Transform 143
Transform: AffineTransform_float_3_3
Parameters: 0.999934 0.0103635 0.00485338 -0.0100806 0.998434 -0.0550254 -0.00541554 0.0549733 0.998473 -0.202942 0.166421 -0.609667
FixedParameters: 0 0 0

#Transform 144
Transform: AffineTransform_float_3_3
Parameters: 0.99991 0.0107984 0.00794466 -0.0104673 0.999121 -0.0405914 -0.00837579 0.0405052 0.999144 -0.247453 -0.0710192 0.112238
FixedParameters: 0 0 0

#Transform 145
Transform: AffineTransform_float_3_3
Parameters: 0.999929 0.0103037 0.00605265 -0.00999656 0.998764 -0.0486921 -0.00654741 0.0486285 0.998796 -0.233545 0.246491 -0.460478
FixedParameters: 0 0 0

#Transform 146
Transform: AffineTransform_float_3_3
Parameters: 0.999929 0.0104715 0.00572356 -0.0101708 0.998682 -0.0503195 -0.00624317 0.0502572 0.998716 -0.197556 0.0963259 -0.419901
FixedParameters: 0 0 0

#Transform 147
Transform: AffineTransform_float_3_3
Parameters: 0.999938 0.0104362 0.00394233 -0.0102106 0.998517 -0.0534736 -0.00449492 0.0534292 0.998562 -0.200828 0.0958202 -0.660059
FixedParameters: 0 0 0

#Transform 148
Transform: AffineTransform_float_3_3
Parameters: 0.999941 0.0102204 0.00371264 -0.010006 0.998503 -0.0537715 -0.00425732 0.0537311 0.998546 -0.183283 0.0851762 -0.613143
FixedParameters: 0 0 0

#Transform 149
Transform: AffineTransform_float_3_3
Parameters: 0.999955 0.00922548 0.00242483 -0.00907913 0.998461 -0.0547211 -0.00292606 0.0546956 0.998499 -0.157314 0.0224611 -0.644243
FixedParameters: 0 0 0
