# transform file /out/sourcedata/freesurfer/sub-v1s17x0050240_ses-1/mri/transforms/cc_up.lta
# created by oesteban on Mon Mar  9 02:42:27 2026

type      = 0 # LINEAR_VOX_TO_VOX
nxforms   = 1
mean      = 126.0000 111.0000 104.0000
sigma     = 10000.0000
1 4 4
9.958153963088989e-01 -3.014417365193367e-03 -9.133788943290710e-02 1.062522315979004e+01 
3.001816803589463e-03 9.999954104423523e-01 -2.753317821770906e-04 3.864577484130859e+01 
9.133829921483994e-02 0.000000000000000e+00 9.958199262619019e-01 1.578556728363037e+01 
0.000000000000000e+00 0.000000000000000e+00 0.000000000000000e+00 1.000000000000000e+00 
src volume info
valid = 1  # volume info valid
filename = /out/sourcedata/freesurfer/sub-v1s17x0050240_ses-1/mri/norm.mgz
volume = 256 256 256
voxelsize = 1.000000000000000e+00 1.000000000000000e+00 1.000000000000000e+00
xras   = -1.000000119209290e+00 -3.085006028413773e-09 0.000000000000000e+00
yras   = 0.000000000000000e+00 -9.313225746154785e-10 -1.000000000000000e+00
zras   = 3.026798367500305e-09 1.000000000000000e+00 0.000000000000000e+00
cras   = 9.471549987792969e-01 9.172325134277344e+00 -1.394674682617188e+01
dst volume info
valid = 1  # volume info valid
filename = /out/sourcedata/freesurfer/sub-v1s17x0050240_ses-1/mri/norm.mgz
volume = 256 256 256
voxelsize = 1.000000000000000e+00 1.000000000000000e+00 1.000000000000000e+00
xras   = -1.000000119209290e+00 -3.085006028413773e-09 0.000000000000000e+00
yras   = 0.000000000000000e+00 -9.313225746154785e-10 -1.000000000000000e+00
zras   = 3.026798367500305e-09 1.000000000000000e+00 0.000000000000000e+00
cras   = 9.471549987792969e-01 9.172325134277344e+00 -1.394674682617188e+01
