type      = 0 # LINEAR_VOX_TO_VOX
nxforms   = 1
mean      = 0.0000 0.0000 0.0000
sigma     = 1.0000
1 4 4
1.121864080429077e+00 -1.848999969661236e-02 -1.077269986271858e-01 -2.479476928710938e+00 
1.894400268793106e-02 1.160419940948486e+00 2.411500066518784e-01 -2.788372802734375e+01 
9.434801340103149e-02 -1.660809963941574e-01 1.153205990791321e+00 -2.136810302734375e+00 
0.000000000000000e+00 0.000000000000000e+00 0.000000000000000e+00 1.000000000000000e+00 
src volume info
valid = 1  # volume info valid
filename = /out/sourcedata/freesurfer/sub-v1s17x0050240_ses-1/mri/orig.mgz
volume = 256 256 256
voxelsize = 1.000000000000000e+00 1.000000000000000e+00 1.000000000000000e+00
xras   = -1.000000119209290e+00 -3.085006028413773e-09 0.000000000000000e+00
yras   = 0.000000000000000e+00 -9.313225746154785e-10 -1.000000000000000e+00
zras   = 3.026798367500305e-09 1.000000000000000e+00 0.000000000000000e+00
cras   = 9.471549987792969e-01 9.172325134277344e+00 -1.394674682617188e+01
dst volume info
valid = 1  # volume info valid
filename = /opt/freesurfer/average/mni305.cor.mgz
volume = 256 256 256
voxelsize = 1.000000000000000e+00 1.000000000000000e+00 1.000000000000000e+00
xras   = -1.000000000000000e+00 0.000000000000000e+00 0.000000000000000e+00
yras   = 0.000000000000000e+00 0.000000000000000e+00 -1.000000000000000e+00
zras   = 0.000000000000000e+00 1.000000000000000e+00 0.000000000000000e+00
cras   = 0.000000000000000e+00 0.000000000000000e+00 0.000000000000000e+00
subject fsaverage
fscale 0.100000
