# transform file transforms/talairach.lta
# created by oesteban on Mon Mar  9 01:28:25 2026

type      = 0 # LINEAR_VOX_TO_VOX
nxforms   = 1
mean      = 126.0000 112.0000 104.0000
sigma     = 10000.0000
1 4 4
1.028809070587158e+00 -3.182949498295784e-02 -6.941488385200500e-02 5.206770896911621e+00 
3.915923088788986e-02 1.097206473350525e+00 1.684802621603012e-01 -1.910752296447754e+01 
5.438139662146568e-02 -1.574452370405197e-01 1.024571299552917e+00 1.419987678527832e+01 
0.000000000000000e+00 0.000000000000000e+00 0.000000000000000e+00 1.000000000000000e+00 
src volume info
valid = 1  # volume info valid
filename = nu.mgz
volume = 256 256 256
voxelsize = 1.000000000000000e+00 1.000000000000000e+00 1.000000000000000e+00
xras   = -1.000000119209290e+00 -3.085006028413773e-09 0.000000000000000e+00
yras   = 0.000000000000000e+00 -9.313225746154785e-10 -1.000000000000000e+00
zras   = 3.026798367500305e-09 1.000000000000000e+00 0.000000000000000e+00
cras   = 9.471549987792969e-01 9.172325134277344e+00 -1.394674682617188e+01
dst volume info
valid = 1  # volume info valid
filename = /opt/freesurfer/average/RB_all_2020-01-02.gca
volume = 256 256 256
voxelsize = 1.000000000000000e+00 1.000000000000000e+00 1.000000000000000e+00
xras   = -1.000000000000000e+00 0.000000000000000e+00 0.000000000000000e+00
yras   = 0.000000000000000e+00 0.000000000000000e+00 -1.000000000000000e+00
zras   = 0.000000000000000e+00 1.000000000000000e+00 0.000000000000000e+00
cras   = 0.000000000000000e+00 0.000000000000000e+00 0.000000000000000e+00
