# transform file /out/sourcedata/freesurfer/sub-v1s17x0050233_ses-1/mri/transforms/cc_up.lta
# created by oesteban on Mon Mar  9 02:26:57 2026

type      = 0 # LINEAR_VOX_TO_VOX
nxforms   = 1
mean      = 131.0000 110.0000 112.0000
sigma     = 10000.0000
1 4 4
9.971888661384583e-01 -3.801869228482246e-02 6.456713378429413e-02 -4.772169113159180e+00 
3.793924674391747e-02 9.992769956588745e-01 2.456533955410123e-03 3.388413238525391e+01 
-6.461384892463684e-02 2.328306436538696e-10 9.979103207588196e-01 3.561085510253906e+01 
0.000000000000000e+00 0.000000000000000e+00 0.000000000000000e+00 1.000000000000000e+00 
src volume info
valid = 1  # volume info valid
filename = /out/sourcedata/freesurfer/sub-v1s17x0050233_ses-1/mri/norm.mgz
volume = 256 256 256
voxelsize = 1.000000000000000e+00 1.000000000000000e+00 1.000000000000000e+00
xras   = -9.999999403953552e-01 -7.894414011389017e-09 0.000000000000000e+00
yras   = 0.000000000000000e+00 0.000000000000000e+00 -1.000000000000000e+00
zras   = 4.438334144651890e-10 1.000000000000000e+00 4.656612873077393e-10
cras   = -5.280685424804688e-01 -4.830535888671875e+00 -1.908672332763672e+01
dst volume info
valid = 1  # volume info valid
filename = /out/sourcedata/freesurfer/sub-v1s17x0050233_ses-1/mri/norm.mgz
volume = 256 256 256
voxelsize = 1.000000000000000e+00 1.000000000000000e+00 1.000000000000000e+00
xras   = -9.999999403953552e-01 -7.894414011389017e-09 0.000000000000000e+00
yras   = 0.000000000000000e+00 0.000000000000000e+00 -1.000000000000000e+00
zras   = 4.438334144651890e-10 1.000000000000000e+00 4.656612873077393e-10
cras   = -5.280685424804688e-01 -4.830535888671875e+00 -1.908672332763672e+01
