# transform file transforms/talairach.lta
# created by oesteban on Mon Mar  9 01:10:55 2026

type      = 0 # LINEAR_VOX_TO_VOX
nxforms   = 1
mean      = 131.0000 110.0000 113.0000
sigma     = 10000.0000
1 4 4
1.019974350929260e+00 -2.009740658104420e-02 6.402926146984100e-02 -1.094651985168457e+01 
4.478511400520802e-03 1.075183868408203e+00 2.568238079547882e-01 -1.952467727661133e+01 
-9.202452749013901e-02 -1.665149480104446e-01 9.111739397048950e-01 4.055241775512695e+01 
0.000000000000000e+00 0.000000000000000e+00 0.000000000000000e+00 1.000000000000000e+00 
src volume info
valid = 1  # volume info valid
filename = nu.mgz
volume = 256 256 256
voxelsize = 1.000000000000000e+00 1.000000000000000e+00 1.000000000000000e+00
xras   = -9.999999403953552e-01 -7.894414011389017e-09 0.000000000000000e+00
yras   = 0.000000000000000e+00 0.000000000000000e+00 -1.000000000000000e+00
zras   = 4.438334144651890e-10 1.000000000000000e+00 4.656612873077393e-10
cras   = -5.280685424804688e-01 -4.830535888671875e+00 -1.908672332763672e+01
dst volume info
valid = 1  # volume info valid
filename = /opt/freesurfer/average/RB_all_2020-01-02.gca
volume = 256 256 256
voxelsize = 1.000000000000000e+00 1.000000000000000e+00 1.000000000000000e+00
xras   = -1.000000000000000e+00 0.000000000000000e+00 0.000000000000000e+00
yras   = 0.000000000000000e+00 0.000000000000000e+00 -1.000000000000000e+00
zras   = 0.000000000000000e+00 1.000000000000000e+00 0.000000000000000e+00
cras   = 0.000000000000000e+00 0.000000000000000e+00 0.000000000000000e+00
