#Insight Transform File V1.0
#Transform 0
Transform: AffineTransform_float_3_3
Parameters: 1 -2.67368e-05 1.69538e-05 2.67518e-05 1 -0.000442869 -1.69301e-05 0.00044287 1 -0.0227075 0.0332402 -0.0754989
FixedParameters: 0 0 0

#Transform 1
Transform: AffineTransform_float_3_3
Parameters: 1 -0.000113555 0.000103442 0.000113523 1 0.000158201 -0.000103478 -0.000158178 1 -0.00959628 -0.0245694 -0.0299386
FixedParameters: 0 0 0

#Transform 2
Transform: AffineTransform_float_3_3
Parameters: 1 -4.93671e-05 3.13296e-05 4.94182e-05 0.999999 -0.000817911 -3.12488e-05 0.000817914 0.999999 0.0122149 0.0342367 -0.0580923
FixedParameters: 0 0 0

#Transform 3
Transform: AffineTransform_float_3_3
Parameters: 1 -2.99274e-05 1.89791e-05 2.99462e-05 1 -0.000495734 -1.89495e-05 0.000495735 1 -0.00638393 0.0263533 -0.077196
FixedParameters: 0 0 0

#Transform 4
Transform: AffineTransform_float_3_3
Parameters: 1 0.000125987 0.000516727 -0.000126217 1 0.000222622 -0.000516671 -0.000222752 1 -0.00371555 -0.0545013 -0.0079895
FixedParameters: 0 0 0

#Transform 5
Transform: AffineTransform_float_3_3
Parameters: 1 -6.46777e-05 0.000224844 6.47089e-05 1 -0.000526858 -0.000225745 0.000526837 1 -0.00905562 0.0517126 -0.0533753
FixedParameters: 0 0 0

#Transform 6
Transform: AffineTransform_float_3_3
Parameters: 1 8.97276e-05 -9.14631e-05 -8.98513e-05 1 -0.00067661 9.13416e-05 0.000676626 1 -0.00964353 0.0679113 -0.0904555
FixedParameters: 0 0 0

#Transform 7
Transform: AffineTransform_float_3_3
Parameters: 1 1.08216e-05 0.000112028 -1.07784e-05 1 -0.000192868 -0.000112033 0.000192865 1 -0.0107177 0.0315832 -0.0266954
FixedParameters: 0 0 0

#Transform 8
Transform: AffineTransform_float_3_3
Parameters: 1 -1.57726e-05 0.000184519 1.60711e-05 0.999999 -0.000809057 -0.000184493 0.000809062 0.999999 0.0139496 0.0326297 -0.0543792
FixedParameters: 0 0 0

#Transform 9
Transform: AffineTransform_float_3_3
Parameters: 1 4.19419e-05 0.000147843 -4.19861e-05 1 0.000149488 -0.00014783 -0.0001495 1 -0.0089291 -0.0507155 -0.00114736
FixedParameters: 0 0 0

#Transform 10
Transform: AffineTransform_float_3_3
Parameters: 1 2.96243e-05 0.000155657 -2.96072e-05 1 -5.49889e-05 -0.00015566 5.49797e-05 1 -0.0146766 0.0301971 -0.0361964
FixedParameters: 0 0 0

#Transform 11
Transform: AffineTransform_float_3_3
Parameters: 1 3.12799e-05 0.000291322 -3.10137e-05 1 -0.000456931 -0.00029135 0.000456913 1 -0.0143655 -0.039228 -0.0175247
FixedParameters: 0 0 0

#Transform 12
Transform: AffineTransform_float_3_3
Parameters: 1 -8.82226e-05 -0.000289655 8.80032e-05 1 -0.000378736 0.000289722 0.000378685 1 -0.0101756 0.0377658 -0.0367261
FixedParameters: 0 0 0

#Transform 13
Transform: AffineTransform_float_3_3
Parameters: 1 -1.96254e-05 0.00016362 1.9887e-05 0.999999 -0.000799599 -0.000163589 0.000799605 0.999999 0.0185436 0.0905937 -0.0960321
FixedParameters: 0 0 0

#Transform 14
Transform: AffineTransform_float_3_3
Parameters: 1 -1.9774e-05 8.25559e-05 1.98643e-05 1 -0.000547047 -8.25342e-05 0.00054705 1 -0.0119112 -0.0151415 -0.0367672
FixedParameters: 0 0 0

#Transform 15
Transform: AffineTransform_float_3_3
Parameters: 1 -0.000114631 0.000180115 0.00011486 1 -0.000636818 -0.000179969 0.00063686 1 -0.0129282 0.0719583 -0.0482723
FixedParameters: 0 0 0

#Transform 16
Transform: AffineTransform_float_3_3
Parameters: 1 0.000478928 4.49562e-05 -0.000478894 1 -0.000377106 -4.53173e-05 0.000377063 1 -0.0177035 0.0237261 -0.0346281
FixedParameters: 0 0 0

#Transform 17
Transform: AffineTransform_float_3_3
Parameters: 1 0.000139386 0.000115912 -0.000139322 1 -0.000273682 -0.000115988 0.00027365 1 -0.0185934 0.0450295 -0.0246148
FixedParameters: 0 0 0

#Transform 18
Transform: AffineTransform_float_3_3
Parameters: 1 5.21947e-05 0.000148307 -5.19543e-05 0.999999 -0.000810546 -0.000148391 0.000810531 0.999999 -0.00418296 0.0479592 -0.0566601
FixedParameters: 0 0 0

#Transform 19
Transform: AffineTransform_float_3_3
Parameters: 1 0.00060184 1.85391e-05 -0.000601825 0.999999 -0.000385527 -1.90032e-05 0.000385505 1 -0.0162165 0.00256904 -0.0266403
FixedParameters: 0 0 0

#Transform 20
Transform: AffineTransform_float_3_3
Parameters: 1 0.000206513 8.49098e-05 -0.000206578 1 0.000384757 -8.47509e-05 -0.000384793 1 -0.000732417 -0.00840443 0.00372778
FixedParameters: 0 0 0

#Transform 21
Transform: AffineTransform_float_3_3
Parameters: 1 0.000145404 -2.31107e-05 -0.000145412 1 -0.000169067 2.30615e-05 0.000169073 1 -1.99556e-05 0.046043 -0.0207301
FixedParameters: 0 0 0

#Transform 22
Transform: AffineTransform_float_3_3
Parameters: 1 0.000557133 -9.60591e-05 -0.000557211 1 -0.000409206 9.56031e-05 0.000409313 1 -0.00861107 0.0424245 -0.0362392
FixedParameters: 0 0 0

#Transform 23
Transform: AffineTransform_float_3_3
Parameters: 1 4.41115e-05 8.85851e-06 -4.41086e-05 1 -0.000161731 -8.87278e-06 0.00016173 1 0.0148179 0.0438353 -0.0164454
FixedParameters: 0 0 0

#Transform 24
Transform: AffineTransform_float_3_3
Parameters: 1 0.000218537 0.00062839 -0.000217166 1 -0.0011512 -0.000629011 0.00115092 0.999999 -0.0125041 0.107015 -0.0708946
FixedParameters: 0 0 0

#Transform 25
Transform: AffineTransform_float_3_3
Parameters: 1 6.96852e-05 -0.000235213 -6.99711e-05 1 -0.00060771 0.000235129 0.000607743 1 -0.00323269 0.0219715 -0.0263215
FixedParameters: 0 0 0

#Transform 26
Transform: AffineTransform_float_3_3
Parameters: 1 0.000129969 -9.44379e-05 -0.000130001 1 -0.000170855 9.43935e-05 0.000170879 1 -0.00707628 0.0786016 -0.0252652
FixedParameters: 0 0 0

#Transform 27
Transform: AffineTransform_float_3_3
Parameters: 1 0.00014035 -8.81455e-06 -0.000140355 1 -0.00028752 8.73384e-06 0.000287522 1 0.0130093 0.0163798 -0.0161865
FixedParameters: 0 0 0

#Transform 28
Transform: AffineTransform_float_3_3
Parameters: 1 0.000153904 -1.73694e-05 -0.000153906 1 -6.30908e-05 1.73499e-05 6.30962e-05 1 -0.013891 -0.0239599 0.00215138
FixedParameters: 0 0 0

#Transform 29
Transform: AffineTransform_float_3_3
Parameters: 1 0.00015993 -2.11695e-05 -0.000159928 1 3.66554e-05 2.11813e-05 -3.66486e-05 1 0.0182814 -0.0159894 0.0145722
FixedParameters: 0 0 0

#Transform 30
Transform: AffineTransform_float_3_3
Parameters: 1 0.000117441 3.45522e-05 -0.000117388 0.999999 -0.000757683 -3.47302e-05 0.000757675 0.999999 -0.00374788 0.0157549 -0.0286298
FixedParameters: 0 0 0

#Transform 31
Transform: AffineTransform_float_3_3
Parameters: 1 -0.000247769 3.84431e-05 0.000247708 0.999999 0.000795431 -3.88372e-05 -0.000795411 0.999999 0.0147336 0.0288176 0.0472773
FixedParameters: 0 0 0

#Transform 32
Transform: AffineTransform_float_3_3
Parameters: 0.999993 -0.00243205 0.00282076 0.00242258 0.999992 0.00332743 -0.00282847 -0.00332047 0.99999 0.0120871 0.0130491 0.236941
FixedParameters: 0 0 0

#Transform 33
Transform: AffineTransform_float_3_3
Parameters: 0.999997 -0.00177291 0.00159203 0.00176518 0.999987 0.00481547 -0.00160046 -0.00481297 0.999987 0.0202334 0.122023 0.236761
FixedParameters: 0 0 0

#Transform 34
Transform: AffineTransform_float_3_3
Parameters: 1 -0.000250341 -4.32516e-06 0.00025019 0.999995 0.00308781 3.14786e-06 -0.00308778 0.999996 -0.0493691 0.171191 0.108515
FixedParameters: 0 0 0

#Transform 35
Transform: AffineTransform_float_3_3
Parameters: 1 -7.78687e-05 0.000103982 7.80468e-05 0.999999 -0.00122244 -0.000103912 0.00122246 0.999999 -0.0342871 -0.0404211 -0.0122171
FixedParameters: 0 0 0

#Transform 36
Transform: AffineTransform_float_3_3
Parameters: 1 9.83489e-05 -1.35549e-05 -9.73699e-05 0.999999 -0.0017809 1.37228e-05 0.001781 0.999999 -0.034061 0.10133 -0.0553351
FixedParameters: 0 0 0

#Transform 37
Transform: AffineTransform_float_3_3
Parameters: 1 -4.51424e-05 9.66931e-05 4.53013e-05 1 -0.00121568 -9.67034e-05 0.00121568 1 -0.0283384 0.0413872 -0.0537099
FixedParameters: 0 0 0

#Transform 38
Transform: AffineTransform_float_3_3
Parameters: 1 9.93697e-05 0.000151821 -9.8717e-05 0.999998 -0.0019742 -0.000151483 0.00197421 0.999998 -0.0311849 0.0895771 -0.113991
FixedParameters: 0 0 0

#Transform 39
Transform: AffineTransform_float_3_3
Parameters: 0.999999 0.000454024 -0.000513424 -0.000454256 0.999999 -0.00130097 0.000512879 0.00130153 0.999999 -0.0284577 0.0881414 -0.0460114
FixedParameters: 0 0 0

#Transform 40
Transform: AffineTransform_float_3_3
Parameters: 1 -0.000145257 0.000284796 0.00014573 0.999999 -0.000829443 -0.000284555 0.000829526 0.999999 -0.0131382 0.10541 -0.00669132
FixedParameters: 0 0 0

#Transform 41
Transform: AffineTransform_float_3_3
Parameters: 1 0.000302166 -0.000388843 -0.000302708 0.999999 -0.000696702 0.000388422 0.000696937 0.999999 -0.015818 0.0298091 -0.0475209
FixedParameters: 0 0 0

#Transform 42
Transform: AffineTransform_float_3_3
Parameters: 1 0.000318973 -0.000211208 -0.000319078 1 -0.000247836 0.00021105 0.000247971 1 -0.0187605 0.0592798 -0.0307679
FixedParameters: 0 0 0

#Transform 43
Transform: AffineTransform_float_3_3
Parameters: 1 0.000539968 -0.000105677 -0.000539936 0.999999 -0.000823572 0.000105756 0.000823736 0.999999 -0.0235635 0.0764495 -0.0679449
FixedParameters: 0 0 0

#Transform 44
Transform: AffineTransform_float_3_3
Parameters: 1 0.000454475 -0.000429851 -0.000454072 0.999999 -0.00066422 0.000429035 0.000664661 0.999999 -0.0178041 -0.0359271 -0.0298214
FixedParameters: 0 0 0

#Transform 45
Transform: AffineTransform_float_3_3
Parameters: 1 0.000207055 -0.000309286 -0.000206958 0.999998 -0.0016263 0.000309249 0.00162652 0.999998 -0.0194973 0.12531 -0.0892824
FixedParameters: 0 0 0

#Transform 46
Transform: AffineTransform_float_3_3
Parameters: 0.999999 0.000336288 -0.000800934 -0.000336563 0.999998 -0.00151328 0.000800351 0.00151305 0.999998 -0.0298554 0.0354426 -0.0810559
FixedParameters: 0 0 0

#Transform 47
Transform: AffineTransform_float_3_3
Parameters: 1 0.000478685 -0.000413338 -0.000479104 0.999999 -0.000841494 0.000413511 0.000841031 0.999999 -0.0282489 0.0529062 -0.0577422
FixedParameters: 0 0 0

#Transform 48
Transform: AffineTransform_float_3_3
Parameters: 1 0.000416745 -0.000281236 -0.00041739 0.999999 -0.00137922 0.000280934 0.0013795 0.999999 -0.0191286 0.0172154 -0.0783997
FixedParameters: 0 0 0

#Transform 49
Transform: AffineTransform_float_3_3
Parameters: 1 0.000367961 -0.000369001 -0.000368988 0.999998 -0.0016643 0.000368634 0.00166371 0.999998 -0.0247992 0.102647 -0.125572
FixedParameters: 0 0 0

#Transform 50
Transform: AffineTransform_float_3_3
Parameters: 1 0.000127297 -0.000332409 -0.000128058 1 -0.00102995 0.000332025 0.00103003 1 -0.0164656 0.104732 -0.0630762
FixedParameters: 0 0 0

#Transform 51
Transform: AffineTransform_float_3_3
Parameters: 1 0.000355704 -0.000364963 -0.000355903 0.999999 -0.00171975 0.000364386 0.0017197 0.999998 -0.0359072 0.0639115 -0.101584
FixedParameters: 0 0 0

#Transform 52
Transform: AffineTransform_float_3_3
Parameters: 1 -5.51316e-05 -4.12451e-05 5.50611e-05 0.999999 -0.000853431 4.13392e-05 0.000853426 0.999999 -0.0183328 0.0355658 -0.0302938
FixedParameters: 0 0 0

#Transform 53
Transform: AffineTransform_float_3_3
Parameters: 1 0.000346749 -0.000375708 -0.000346481 0.999999 -0.00120706 0.000375518 0.00120651 1 -0.0268051 0.0659 -0.0855756
FixedParameters: 0 0 0

#Transform 54
Transform: AffineTransform_float_3_3
Parameters: 1 0.00032394 -0.00037543 -0.000324504 1 -0.00101826 0.000375628 0.00101764 1 -0.0268859 -0.0128914 -0.0499727
FixedParameters: 0 0 0

#Transform 55
Transform: AffineTransform_float_3_3
Parameters: 1 0.000345452 -0.000882799 -0.000347387 0.999999 -0.00176163 0.000882226 0.00176142 0.999998 -0.0234655 0.0598896 -0.0974519
FixedParameters: 0 0 0

#Transform 56
Transform: AffineTransform_float_3_3
Parameters: 1 2.20148e-05 -0.000452009 -2.17783e-05 0.999999 -0.000815602 0.000451761 0.000815673 0.999999 -0.0160846 0.0288088 -0.0501322
FixedParameters: 0 0 0

#Transform 57
Transform: AffineTransform_float_3_3
Parameters: 1 0.000243565 -0.000339576 -0.000244707 0.999999 -0.00176004 0.000339446 0.00176025 0.999999 -0.0305757 0.0808031 -0.0994179
FixedParameters: 0 0 0

#Transform 58
Transform: AffineTransform_float_3_3
Parameters: 1 0.000211437 -0.00035577 -0.000211951 0.999999 -0.000823293 0.000355432 0.000822535 0.999999 -0.0228728 0.0199237 -0.0461698
FixedParameters: 0 0 0

#Transform 59
Transform: AffineTransform_float_3_3
Parameters: 1 0.000215822 -0.000356914 -0.000216334 0.999999 -0.00081558 0.000356572 0.000814825 0.999999 -0.0307911 0.0211152 0.00790977
FixedParameters: 0 0 0

#Transform 60
Transform: AffineTransform_float_3_3
Parameters: 1 0.000293227 -0.000390027 -0.00029371 0.999998 -0.00193732 0.000389406 0.00193764 0.999998 -0.0275625 0.022689 -0.0398871
FixedParameters: 0 0 0

#Transform 61
Transform: AffineTransform_float_3_3
Parameters: 1 0.000216399 -0.000587451 -0.000217304 0.999999 -0.000770304 0.000587117 0.000770559 0.999999 -0.0225309 -0.0221763 0.000905444
FixedParameters: 0 0 0

#Transform 62
Transform: AffineTransform_float_3_3
Parameters: 1 0.000111513 -0.000142155 -0.000110914 1 -0.00105075 0.000141588 0.00105083 1 -0.00951374 0.0591994 -0.0102141
FixedParameters: 0 0 0

#Transform 63
Transform: AffineTransform_float_3_3
Parameters: 0.999999 0.000426566 -0.000610659 -0.000427364 0.999998 -0.00155766 0.000609965 0.00155828 0.999998 -0.0162853 0.0125868 -0.0165264
FixedParameters: 0 0 0

#Transform 64
Transform: AffineTransform_float_3_3
Parameters: 1 0.000363112 -0.000279147 -0.000362393 0.999999 -0.000824452 0.000279306 0.000824755 0.999999 -0.0171485 0.0106082 0.0101657
FixedParameters: 0 0 0

#Transform 65
Transform: AffineTransform_float_3_3
Parameters: 1 0.000644041 -0.000197177 -0.0006446 0.999999 -0.00123031 0.000195472 0.00123056 0.999999 -0.0233331 0.0410369 -0.0320642
FixedParameters: 0 0 0

#Transform 66
Transform: AffineTransform_float_3_3
Parameters: 1 0.000522043 -0.000407913 -0.000521704 0.999999 -0.000778725 0.000406888 0.000779201 0.999999 -0.0189545 -0.0179945 0.00662
FixedParameters: 0 0 0

#Transform 67
Transform: AffineTransform_float_3_3
Parameters: 1 0.000376172 -0.00040834 -0.000377347 0.999999 -0.00134653 0.000407205 0.00134683 0.999999 -0.0168639 0.0294539 -0.0106481
FixedParameters: 0 0 0

#Transform 68
Transform: AffineTransform_float_3_3
Parameters: 1 0.000271289 -0.000462898 -0.000271676 0.999998 -0.00161094 0.00046266 0.00161128 0.999998 -0.0120946 0.0699028 -0.0738629
FixedParameters: 0 0 0

#Transform 69
Transform: AffineTransform_float_3_3
Parameters: 1 0.000428888 -0.000338304 -0.00042945 0.999999 -0.000830715 0.000337591 0.000831005 0.999999 -0.018562 0.0204211 0.00606752
FixedParameters: 0 0 0

#Transform 70
Transform: AffineTransform_float_3_3
Parameters: 1 0.000461764 -0.000362203 -0.000461433 1 -0.00106712 0.000361854 0.00106755 1 -0.0269959 0.0117345 0.0196146
FixedParameters: 0 0 0

#Transform 71
Transform: AffineTransform_float_3_3
Parameters: 1 0.000333474 -0.000547474 -0.000334207 0.999998 -0.00167803 0.00054699 0.00167849 0.999998 -0.0280138 0.0232275 -0.00447649
FixedParameters: 0 0 0

#Transform 72
Transform: AffineTransform_float_3_3
Parameters: 1 0.000458524 -0.0003166 -0.000458905 0.999999 -0.000602088 0.000316048 0.000602378 1 -0.0436882 0.0720467 0.0208334
FixedParameters: 0 0 0

#Transform 73
Transform: AffineTransform_float_3_3
Parameters: 1 0.000554861 -3.07134e-05 -0.000554764 1 -0.00100631 3.05764e-05 0.00100598 0.999999 -0.0233752 0.0574347 -0.0160828
FixedParameters: 0 0 0

#Transform 74
Transform: AffineTransform_float_3_3
Parameters: 1 0.000505193 -0.000336705 -0.000505644 1 -0.000903604 0.000336771 0.000903582 0.999999 -0.025077 0.0408263 -0.0108414
FixedParameters: 0 0 0

#Transform 75
Transform: AffineTransform_float_3_3
Parameters: 1 0.000469071 -0.000239357 -0.000469195 1 -0.000257931 0.000239114 0.000258156 1 -0.0221854 0.0362543 0.0437135
FixedParameters: 0 0 0

#Transform 76
Transform: AffineTransform_float_3_3
Parameters: 1 0.000283447 -0.000457785 -0.000283656 0.999998 -0.00151117 0.000457575 0.00151061 0.999999 -0.0079496 0.0440301 -0.0419088
FixedParameters: 0 0 0

#Transform 77
Transform: AffineTransform_float_3_3
Parameters: 1 0.000295778 -0.00060544 -0.000296329 1 -0.00119676 0.000604399 0.00119716 0.999999 0.000300614 0.037763 0.00421549
FixedParameters: 0 0 0

#Transform 78
Transform: AffineTransform_float_3_3
Parameters: 0.999999 0.000436011 -0.000515701 -0.000436628 0.999999 -0.000797745 0.000515974 0.000798245 0.999999 0.00462816 0.0942152 -0.0188376
FixedParameters: 0 0 0

#Transform 79
Transform: AffineTransform_float_3_3
Parameters: 1 0.000444317 -0.000450115 -0.000445275 0.999999 -0.00120882 0.000449889 0.00120926 0.999999 -0.0137882 0.0744004 -0.0620137
FixedParameters: 0 0 0

#Transform 80
Transform: AffineTransform_float_3_3
Parameters: 1 0.00036713 -0.000456971 -0.000367844 1 -0.00095402 0.000457249 0.000953993 0.999999 -0.00641519 0.050033 -0.0149745
FixedParameters: 0 0 0

#Transform 81
Transform: AffineTransform_float_3_3
Parameters: 1 0.000380718 -0.000414389 -0.000381433 1 -0.000891023 0.00041373 0.000890017 0.999999 -0.0152141 0.0648327 -0.0529243
FixedParameters: 0 0 0

#Transform 82
Transform: AffineTransform_float_3_3
Parameters: 1 0.00035857 -0.00050051 -0.000359588 1 -0.000941934 0.000499713 0.000942288 1 -0.0151107 0.0276732 -0.0166919
FixedParameters: 0 0 0

#Transform 83
Transform: AffineTransform_float_3_3
Parameters: 1 0.000466431 -0.000291508 -0.000466448 1 -2.91573e-05 0.000291481 2.94292e-05 1 -0.0273965 0.0205773 0.0314213
FixedParameters: 0 0 0

#Transform 84
Transform: AffineTransform_float_3_3
Parameters: 1 0.000405376 -0.000253408 -0.000405949 1 -0.00103583 0.000252578 0.00103562 0.999999 -0.019004 0.0707758 -0.0204255
FixedParameters: 0 0 0

#Transform 85
Transform: AffineTransform_float_3_3
Parameters: 1 0.000428007 -0.000323011 -0.000428117 1 -0.000489202 0.000323561 0.000489529 1 -0.0175521 -0.034334 0.0299479
FixedParameters: 0 0 0

#Transform 86
Transform: AffineTransform_float_3_3
Parameters: 1 0.00045334 -0.000175762 -0.000453544 0.999999 -0.00058141 0.000175235 0.000581569 1 -0.0228788 0.0456125 0.0430237
FixedParameters: 0 0 0

#Transform 87
Transform: AffineTransform_float_3_3
Parameters: 1 0.000349689 -0.000544888 -0.00035078 1 -0.000932058 0.000544115 0.000932435 1 -0.0188953 0.0237229 0.0106147
FixedParameters: 0 0 0

#Transform 88
Transform: AffineTransform_float_3_3
Parameters: 1 0.000392892 -0.00042311 -0.000393472 0.999999 -0.000686399 0.00042257 0.000686731 0.999999 0.0024813 0.040299 0.0385202
FixedParameters: 0 0 0

#Transform 89
Transform: AffineTransform_float_3_3
Parameters: 0.999999 0.000447093 -0.000663822 -0.000448613 0.999999 -0.00124315 0.000663557 0.00124379 0.999999 0.0044837 0.0878948 -0.0448522
FixedParameters: 0 0 0

#Transform 90
Transform: AffineTransform_float_3_3
Parameters: 0.999999 0.000283723 -0.000876444 -0.000285041 0.999999 -0.000853274 0.000876797 0.000854231 1 0.00488648 0.052458 0.0113316
FixedParameters: 0 0 0

#Transform 91
Transform: AffineTransform_float_3_3
Parameters: 1 0.000432738 -0.000348135 -0.000432976 1 -0.000342072 0.000347839 0.000342373 1 -0.018957 0.00574288 0.0312187
FixedParameters: 0 0 0

#Transform 92
Transform: AffineTransform_float_3_3
Parameters: 1 0.000829778 -0.000418931 -0.000830353 0.999999 -0.000965264 0.000418428 0.0009656 0.999999 -0.0285081 0.030666 0.0119445
FixedParameters: 0 0 0

#Transform 93
Transform: AffineTransform_float_3_3
Parameters: 1 0.000436857 -0.000350702 -0.000437049 1 -0.000274242 0.000350462 0.000274549 1 -0.0215473 0.0372177 0.0544044
FixedParameters: 0 0 0

#Transform 94
Transform: AffineTransform_float_3_3
Parameters: 1 0.000397799 -0.00032634 -0.000398193 0.999999 -0.000917611 0.000326578 0.00091792 0.999999 -0.0143496 0.00849264 0.0130602
FixedParameters: 0 0 0

#Transform 95
Transform: AffineTransform_float_3_3
Parameters: 1 0.000364555 -0.000506381 -0.000365197 0.999999 -0.000837229 0.000506739 0.000837648 0.999999 -0.0167496 0.00486958 0.0255298
FixedParameters: 0 0 0

#Transform 96
Transform: AffineTransform_float_3_3
Parameters: 1 0.000417838 -0.00033885 -0.00041803 0.999999 -0.000587442 0.000339328 0.000587775 1 -0.00420028 0.0752231 0.0390928
FixedParameters: 0 0 0

#Transform 97
Transform: AffineTransform_float_3_3
Parameters: 1 0.000736804 -0.000662315 -0.00073868 0.999999 -0.00153629 0.000661028 0.0015369 0.999998 -0.0244926 0.077713 -0.0376279
FixedParameters: 0 0 0

#Transform 98
Transform: AffineTransform_float_3_3
Parameters: 1 0.000392613 -0.000404085 -0.000393013 0.999999 -0.000749812 0.000404465 0.00075018 0.999999 -0.0159729 0.0497558 0.0363451
FixedParameters: 0 0 0

#Transform 99
Transform: AffineTransform_float_3_3
Parameters: 0.999999 0.000460083 -0.000654841 -0.000461325 1 -0.000890689 0.0006539 0.000891287 1 -0.00993723 0.0595599 0.0624918
FixedParameters: 0 0 0

#Transform 100
Transform: AffineTransform_float_3_3
Parameters: 1 0.000384616 -0.000416838 -0.000385304 0.999999 -0.000826023 0.000416202 0.000826344 0.999999 -0.0199228 0.0572853 0.0300897
FixedParameters: 0 0 0

#Transform 101
Transform: AffineTransform_float_3_3
Parameters: 1 0.000401683 -0.000316571 -0.00040209 1 -0.000891616 0.000316834 0.000891508 0.999999 -0.0266882 0.0614669 0.0476592
FixedParameters: 0 0 0

#Transform 102
Transform: AffineTransform_float_3_3
Parameters: 1 0.000856209 -0.000620986 -0.000856609 0.999999 -0.00127291 0.000619562 0.00127408 0.999999 -0.0284445 0.0165703 0.0191004
FixedParameters: 0 0 0

#Transform 103
Transform: AffineTransform_float_3_3
Parameters: 1 0.000436218 -0.000342542 -0.00043643 1 -0.000308985 0.000342272 0.000309284 1 -0.0240894 0.0394578 0.0936625
FixedParameters: 0 0 0

#Transform 104
Transform: AffineTransform_float_3_3
Parameters: 1 0.000360797 -0.000515125 -0.000361687 0.999999 -0.000864417 0.0005145 0.000864789 0.999999 -0.0203477 0.0422818 0.06343
FixedParameters: 0 0 0

#Transform 105
Transform: AffineTransform_float_3_3
Parameters: 0.999999 0.000560428 -0.000592779 -0.000560784 1 -0.000299812 0.000592442 0.000300477 1 -0.0342075 -0.00753936 0.101554
FixedParameters: 0 0 0

#Transform 106
Transform: AffineTransform_float_3_3
Parameters: 1 0.000420798 -0.00051144 -0.000420805 1 -6.66444e-06 0.000511434 7.09487e-06 1 -0.00638254 0.0261924 0.125904
FixedParameters: 0 0 0

#Transform 107
Transform: AffineTransform_float_3_3
Parameters: 1 0.000568735 -0.000694715 -0.000569259 0.999999 -0.00122645 0.000694076 0.00122734 0.999999 -0.0252946 0.0839218 0.0585542
FixedParameters: 0 0 0

#Transform 108
Transform: AffineTransform_float_3_3
Parameters: 0.999999 0.000357717 -0.000679509 -0.000358188 1 -0.000398209 0.000679234 0.000397786 1 -0.0291015 0.041628 0.106532
FixedParameters: 0 0 0

#Transform 109
Transform: AffineTransform_float_3_3
Parameters: 1 0.000348403 -0.000563941 -0.000349339 0.999999 -0.000892549 0.000563328 0.000892033 0.999999 -0.0294412 0.0782315 0.0725292
FixedParameters: 0 0 0

#Transform 110
Transform: AffineTransform_float_3_3
Parameters: 1 0.000953265 -0.000710057 -0.000954318 0.999999 -0.000956423 0.000709342 0.000956509 0.999999 -0.0420155 0.040172 0.0793036
FixedParameters: 0 0 0

#Transform 111
Transform: AffineTransform_float_3_3
Parameters: 1 0.000464688 -0.00035583 -0.000464584 1 0.000145969 0.000355966 -0.000145638 1 -0.026897 0.0826068 0.0989801
FixedParameters: 0 0 0

#Transform 112
Transform: AffineTransform_float_3_3
Parameters: 1 4.95232e-05 -0.000488475 -5.08548e-05 0.999999 -0.00135805 0.000488229 0.00135718 0.999999 0.0295022 0.0452924 0.0828513
FixedParameters: 0 0 0

#Transform 113
Transform: AffineTransform_float_3_3
Parameters: 0.999999 0.000276202 -0.000801916 -0.000277217 1 -0.00119304 0.000800923 0.00119353 0.999999 -0.0180837 -0.0628579 0.104313
FixedParameters: 0 0 0

#Transform 114
Transform: AffineTransform_float_3_3
Parameters: 0.999999 0.000925718 -0.000903936 -0.000927074 0.999999 -0.00141614 0.000902089 0.00141659 0.999998 -0.0578379 0.0447658 0.0686773
FixedParameters: 0 0 0

#Transform 115
Transform: AffineTransform_float_3_3
Parameters: 1 0.000280308 -0.000632489 -0.000281441 0.999998 -0.00166301 0.000631232 0.00166251 0.999998 -0.0082898 0.0124321 0.0324015
FixedParameters: 0 0 0

#Transform 116
Transform: AffineTransform_float_3_3
Parameters: 0.999999 0.000758073 -0.00129621 -0.000761037 0.999998 -0.00206146 0.0012945 0.00206139 0.999997 -0.034518 -0.043609 0.00293484
FixedParameters: 0 0 0

#Transform 117
Transform: AffineTransform_float_3_3
Parameters: 1 0.000719127 -0.000711808 -0.000720682 0.999999 -0.00123712 0.000710995 0.0012382 0.999999 -0.0230166 -0.0344499 0.0842519
FixedParameters: 0 0 0

#Transform 118
Transform: AffineTransform_float_3_3
Parameters: 0.999999 0.000533626 -0.00107536 -0.000536288 0.999997 -0.0023926 0.00107506 0.00239308 0.999996 -0.0161685 0.0293282 0.0113207
FixedParameters: 0 0 0

#Transform 119
Transform: AffineTransform_float_3_3
Parameters: 1 0.000762695 -0.000778591 -0.000763705 0.999998 -0.00140659 0.0007772 0.00140788 0.999998 -0.0237985 -0.00672322 0.0630364
FixedParameters: 0 0 0

#Transform 120
Transform: AffineTransform_float_3_3
Parameters: 0.999999 0.000264662 -0.000776988 -0.000265792 0.999999 -0.00143703 0.000776862 0.00143753 0.999998 -0.0136854 0.0468865 0.0583637
FixedParameters: 0 0 0

#Transform 121
Transform: AffineTransform_float_3_3
Parameters: 0.999999 0.000764769 -0.001113 -0.000767211 0.999998 -0.00212198 0.00111104 0.00212297 0.999998 -0.0207609 0.0125433 0.015669
FixedParameters: 0 0 0

#Transform 122
Transform: AffineTransform_float_3_3
Parameters: 1 0.000463328 -0.00103206 -0.000465424 0.999998 -0.00160765 0.0010312 0.00160821 0.999999 -0.00818607 0.0608559 0.0657011
FixedParameters: 0 0 0

#Transform 123
Transform: AffineTransform_float_3_3
Parameters: 0.999999 0.000685084 -0.00116412 -0.000688637 0.999996 -0.00259236 0.0011627 0.00259237 0.999996 -0.0218079 0.0990681 0.00517798
FixedParameters: 0 0 0

#Transform 124
Transform: AffineTransform_float_3_3
Parameters: 1 0.000591662 -0.000891329 -0.000591927 0.999998 -0.00151183 0.000891063 0.00151217 0.999998 -0.0189789 -0.00654726 0.0589998
FixedParameters: 0 0 0

#Transform 125
Transform: AffineTransform_float_3_3
Parameters: 0.999999 0.000507441 -0.00129356 -0.000511034 0.999997 -0.00261784 0.00129185 0.00261849 0.999996 -0.0153071 0.0880184 -0.0151865
FixedParameters: 0 0 0

#Transform 126
Transform: AffineTransform_float_3_3
Parameters: 0.999999 0.000440824 -0.001088 -0.000442293 0.999999 -0.00175696 0.00108785 0.00175721 0.999998 0.0108574 0.0918522 0.0856118
FixedParameters: 0 0 0

#Transform 127
Transform: AffineTransform_float_3_3
Parameters: 0.999999 0.000780861 -0.00116905 -0.000782863 0.999997 -0.00189439 0.0011675 0.0018946 0.999998 -0.0247598 0.175275 -0.0192416
FixedParameters: 0 0 0

#Transform 128
Transform: AffineTransform_float_3_3
Parameters: 1 0.000774346 -0.000626556 -0.000775126 1 -0.000644919 0.000625687 0.00064548 0.999999 -0.0226169 -0.0533267 0.0697455
FixedParameters: 0 0 0

#Transform 129
Transform: AffineTransform_float_3_3
Parameters: 0.999999 0.000651995 -0.00101934 -0.00065413 0.999997 -0.00226616 0.00101863 0.00226682 0.999997 -0.0334304 0.0394838 0.0133905
FixedParameters: 0 0 0

#Transform 130
Transform: AffineTransform_float_3_3
Parameters: 0.999999 0.000900701 -0.000814796 -0.000901652 0.999999 -0.0014484 0.000813931 0.00144869 0.999999 -0.0333295 0.00532293 0.0628726
FixedParameters: 0 0 0

#Transform 131
Transform: AffineTransform_float_3_3
Parameters: 0.999999 0.000271456 -0.000712438 -0.000272547 0.999999 -0.00154024 0.000712237 0.00154073 0.999998 -0.0374411 0.0692244 0.0318766
FixedParameters: 0 0 0

#Transform 132
Transform: AffineTransform_float_3_3
Parameters: 0.999999 0.000728116 -0.000334704 -0.000728578 1 -0.000620168 0.000333811 0.000620242 1 -0.0347999 -0.0412014 0.151197
FixedParameters: 0 0 0

#Transform 133
Transform: AffineTransform_float_3_3
Parameters: 0.999999 0.000301741 -0.000710234 -0.000303188 1 -0.00110991 0.000710411 0.00111039 0.999999 -0.0140841 0.110253 0.0924685
FixedParameters: 0 0 0

#Transform 134
Transform: AffineTransform_float_3_3
Parameters: 1 7.74981e-05 3.99604e-05 -7.74805e-05 1 -0.000220707 -3.99946e-05 0.000220701 1 -0.0294499 -0.0228807 0.104923
FixedParameters: 0 0 0

#Transform 135
Transform: AffineTransform_float_3_3
Parameters: 0.999999 0.000132757 -0.00122844 -0.000135352 0.999998 -0.00193058 0.00122836 0.00193014 0.999997 0.00113485 0.0618116 0.039102
FixedParameters: 0 0 0

#Transform 136
Transform: AffineTransform_float_3_3
Parameters: 1 0.000633677 -0.000974226 -0.000634048 1 -0.00079571 0.000973974 0.000797046 0.999999 -0.0198963 0.0304535 0.083735
FixedParameters: 0 0 0

#Transform 137
Transform: AffineTransform_float_3_3
Parameters: 1 0.000564708 -0.000944561 -0.000566176 0.999998 -0.00143912 0.0009437 0.00143938 0.999998 -0.0253132 0.108764 0.0289052
FixedParameters: 0 0 0

#Transform 138
Transform: AffineTransform_float_3_3
Parameters: 1 0.000478982 -0.000943431 -0.000479959 0.999999 -0.000595887 0.00094299 0.000595887 0.999999 -0.0272153 -0.0223838 0.107122
FixedParameters: 0 0 0

#Transform 139
Transform: AffineTransform_float_3_3
Parameters: 0.999999 0.000855472 -0.000912474 -0.000856474 0.999999 -0.00123462 0.000911127 0.00123537 0.999999 -0.0378936 0.0576572 0.0951342
FixedParameters: 0 0 0

#Transform 140
Transform: AffineTransform_float_3_3
Parameters: 0.999999 0.00095749 -0.000962052 -0.000958389 0.999999 -0.00111721 0.000960677 0.00111825 0.999999 -0.0459453 0.018808 0.0716851
FixedParameters: 0 0 0

#Transform 141
Transform: AffineTransform_float_3_3
Parameters: 1 0.000522813 -0.000950911 -0.000523074 1 -0.000176734 0.000950845 0.000177733 0.999999 -0.0260887 0.00477815 0.143628
FixedParameters: 0 0 0

#Transform 142
Transform: AffineTransform_float_3_3
Parameters: 0.999999 0.000728803 -0.00096888 -0.000730107 0.999999 -0.00131844 0.000967723 0.00131904 0.999999 -0.0218467 0.0593683 0.0636397
FixedParameters: 0 0 0

#Transform 143
Transform: AffineTransform_float_3_3
Parameters: 1 0.000537001 -0.00088891 -0.000538553 1 -0.000873039 0.00088797 0.000873995 0.999999 -0.0173745 0.00910301 0.0995496
FixedParameters: 0 0 0

#Transform 144
Transform: AffineTransform_float_3_3
Parameters: 1 0.000612763 -0.000903134 -0.00061346 1 -0.000964196 0.000901749 0.000964445 0.999999 -0.0201146 0.0740797 0.0727613
FixedParameters: 0 0 0

#Transform 145
Transform: AffineTransform_float_3_3
Parameters: 0.999999 0.000751351 -0.00101921 -0.000752895 0.999998 -0.00147205 0.00101873 0.00147282 0.999998 -0.0322557 0.0276097 0.0814206
FixedParameters: 0 0 0

#Transform 146
Transform: AffineTransform_float_3_3
Parameters: 0.999999 0.000243462 -0.00135222 -0.000243248 1 3.54147e-05 0.00135224 -3.52527e-05 0.999999 -0.011966 0.0749543 0.142108
FixedParameters: 0 0 0

#Transform 147
Transform: AffineTransform_float_3_3
Parameters: 0.999999 0.000256282 -0.000813889 -0.000257663 0.999999 -0.00144391 0.000812825 0.00144347 0.999998 -0.0273204 0.0603856 0.0781963
FixedParameters: 0 0 0

#Transform 148
Transform: AffineTransform_float_3_3
Parameters: 0.999999 0.000647417 -0.000924579 -0.000645868 0.999998 0.00149335 0.000925512 -0.00149276 0.999999 -0.0369677 0.0204869 0.237499
FixedParameters: 0 0 0

#Transform 149
Transform: AffineTransform_float_3_3
Parameters: 0.999997 0.00150329 -0.00226813 -0.00150192 0.999998 0.000743262 0.00226911 -0.000739363 0.999997 -0.0553242 0.101857 0.0890725
FixedParameters: 0 0 0
