# transform file /out/sourcedata/freesurfer/sub-v1s17x0050241_ses-1/mri/transforms/cc_up.lta
# created by oesteban on Mon Mar  9 02:24:26 2026

type      = 0 # LINEAR_VOX_TO_VOX
nxforms   = 1
mean      = 127.0000 105.0000 107.0000
sigma     = 10000.0000
1 4 4
9.992334842681885e-01 2.262682095170021e-02 -3.194499388337135e-02 1.022491931915283e+00 
-2.261526696383953e-02 9.997439980506897e-01 7.229987531900406e-04 4.285129928588867e+01 
3.195317462086678e-02 0.000000000000000e+00 9.994893670082092e-01 1.794907188415527e+01 
0.000000000000000e+00 0.000000000000000e+00 0.000000000000000e+00 1.000000000000000e+00 
src volume info
valid = 1  # volume info valid
filename = /out/sourcedata/freesurfer/sub-v1s17x0050241_ses-1/mri/norm.mgz
volume = 256 256 256
voxelsize = 1.000000000000000e+00 1.000000000000000e+00 1.000000000000000e+00
xras   = -9.999999403953552e-01 -4.656612873077393e-10 3.725290298461914e-09
yras   = 0.000000000000000e+00 -1.862645149230957e-09 -9.999999403953552e-01
zras   = 3.492459654808044e-10 1.000000000000000e+00 1.862645149230957e-09
cras   = -6.329803466796875e-01 3.179229736328125e+00 -1.758839416503906e+01
dst volume info
valid = 1  # volume info valid
filename = /out/sourcedata/freesurfer/sub-v1s17x0050241_ses-1/mri/norm.mgz
volume = 256 256 256
voxelsize = 1.000000000000000e+00 1.000000000000000e+00 1.000000000000000e+00
xras   = -9.999999403953552e-01 -4.656612873077393e-10 3.725290298461914e-09
yras   = 0.000000000000000e+00 -1.862645149230957e-09 -9.999999403953552e-01
zras   = 3.492459654808044e-10 1.000000000000000e+00 1.862645149230957e-09
cras   = -6.329803466796875e-01 3.179229736328125e+00 -1.758839416503906e+01
