type      = 1 # LINEAR_RAS_TO_RAS
nxforms   = 1
mean      = 0.0000 0.0000 0.0000
sigma     = 1.0000
1 4 4
1.100757956504822e+00 3.982700034976006e-02 3.845300152897835e-02 1.350677013397217e+00 
-1.453700009733438e-02 1.064000010490417e+00 1.779839992523193e-01 5.562600120902061e-02 
-2.002299949526787e-02 -1.841650009155273e-01 1.145367980003357e+00 -5.032639026641846e+00 
0.000000000000000e+00 0.000000000000000e+00 0.000000000000000e+00 1.000000000000000e+00 
src volume info
valid = 1  # volume info valid
filename = /out/sourcedata/freesurfer/sub-v1s17x0050241_ses-1/mri/orig_nu.mgz
volume = 256 256 256
voxelsize = 1.000000000000000e+00 1.000000000000000e+00 1.000000000000000e+00
xras   = -9.999999403953552e-01 -4.656612873077393e-10 3.725290298461914e-09
yras   = 0.000000000000000e+00 -1.862645149230957e-09 -9.999999403953552e-01
zras   = 3.492459654808044e-10 1.000000000000000e+00 1.862645149230957e-09
cras   = -6.329803466796875e-01 3.179229736328125e+00 -1.758839416503906e+01
dst volume info
valid = 1  # volume info valid
filename = /opt/freesurfer/average/mni305.cor.mgz
volume = 256 256 256
voxelsize = 1.000000000000000e+00 1.000000000000000e+00 1.000000000000000e+00
xras   = -1.000000000000000e+00 0.000000000000000e+00 0.000000000000000e+00
yras   = 0.000000000000000e+00 0.000000000000000e+00 -1.000000000000000e+00
zras   = 0.000000000000000e+00 1.000000000000000e+00 0.000000000000000e+00
cras   = 0.000000000000000e+00 0.000000000000000e+00 0.000000000000000e+00
subject fsaverage
fscale 0.100000
