type      = 0 # LINEAR_VOX_TO_VOX
nxforms   = 1
mean      = 0.0000 0.0000 0.0000
sigma     = 1.0000
1 4 4
1.100757837295532e+00 3.845299780368805e-02 -3.982700034976006e-02 -1.282534790039062e+01 
-2.002300135791302e-02 1.145367860794067e+00 1.841650009155273e-01 -1.386662292480469e+01 
1.453699916601181e-02 -1.779839843511581e-01 1.064000010490417e+00 1.304629516601562e+01 
0.000000000000000e+00 0.000000000000000e+00 0.000000000000000e+00 1.000000000000000e+00 
src volume info
valid = 1  # volume info valid
filename = /out/sourcedata/freesurfer/sub-v1s17x0050241_ses-1/mri/orig.mgz
volume = 256 256 256
voxelsize = 1.000000000000000e+00 1.000000000000000e+00 1.000000000000000e+00
xras   = -9.999999403953552e-01 -4.656612873077393e-10 3.725290298461914e-09
yras   = 0.000000000000000e+00 -1.862645149230957e-09 -9.999999403953552e-01
zras   = 3.492459654808044e-10 1.000000000000000e+00 1.862645149230957e-09
cras   = -6.329803466796875e-01 3.179229736328125e+00 -1.758839416503906e+01
dst volume info
valid = 1  # volume info valid
filename = /opt/freesurfer/average/mni305.cor.mgz
volume = 256 256 256
voxelsize = 1.000000000000000e+00 1.000000000000000e+00 1.000000000000000e+00
xras   = -1.000000000000000e+00 0.000000000000000e+00 0.000000000000000e+00
yras   = 0.000000000000000e+00 0.000000000000000e+00 -1.000000000000000e+00
zras   = 0.000000000000000e+00 1.000000000000000e+00 0.000000000000000e+00
cras   = 0.000000000000000e+00 0.000000000000000e+00 0.000000000000000e+00
subject fsaverage
fscale 0.100000
