# transform file transforms/talairach.lta
# created by oesteban on Mon Mar  9 01:26:20 2026

type      = 0 # LINEAR_VOX_TO_VOX
nxforms   = 1
mean      = 127.0000 105.0000 108.0000
sigma     = 10000.0000
1 4 4
1.037177801132202e+00 3.422018606215715e-03 -2.434664219617844e-02 -5.445074558258057e+00 
3.174830344505608e-04 1.119312644004822e+00 1.280040591955185e-01 -7.386201858520508e+00 
2.400609478354454e-02 -1.444565355777740e-01 9.551288485527039e-01 1.999120521545410e+01 
0.000000000000000e+00 0.000000000000000e+00 0.000000000000000e+00 1.000000000000000e+00 
src volume info
valid = 1  # volume info valid
filename = nu.mgz
volume = 256 256 256
voxelsize = 1.000000000000000e+00 1.000000000000000e+00 1.000000000000000e+00
xras   = -9.999999403953552e-01 -4.656612873077393e-10 3.725290298461914e-09
yras   = 0.000000000000000e+00 -1.862645149230957e-09 -9.999999403953552e-01
zras   = 3.492459654808044e-10 1.000000000000000e+00 1.862645149230957e-09
cras   = -6.329803466796875e-01 3.179229736328125e+00 -1.758839416503906e+01
dst volume info
valid = 1  # volume info valid
filename = /opt/freesurfer/average/RB_all_2020-01-02.gca
volume = 256 256 256
voxelsize = 1.000000000000000e+00 1.000000000000000e+00 1.000000000000000e+00
xras   = -1.000000000000000e+00 0.000000000000000e+00 0.000000000000000e+00
yras   = 0.000000000000000e+00 0.000000000000000e+00 -1.000000000000000e+00
zras   = 0.000000000000000e+00 1.000000000000000e+00 0.000000000000000e+00
cras   = 0.000000000000000e+00 0.000000000000000e+00 0.000000000000000e+00
