#Insight Transform File V1.0
#Transform 0
Transform: AffineTransform_float_3_3
Parameters: 0.999999 0.000798232 -0.00103485 -0.000807036 0.999965 -0.00831263 0.00102788 0.00831351 0.999965 -0.091524 -0.0859599 0.0696338
FixedParameters: 0 0 0

#Transform 1
Transform: AffineTransform_float_3_3
Parameters: 0.999998 0.000643842 -0.00138202 -0.000653605 0.999973 -0.00729991 0.00137645 0.00730083 0.999972 -0.0634425 -0.0578271 0.00094002
FixedParameters: 0 0 0

#Transform 2
Transform: AffineTransform_float_3_3
Parameters: 0.999998 0.000836064 -0.0012801 -0.000845691 0.999971 -0.00756545 0.00127347 0.00756681 0.99997 -0.068022 -0.0728106 -0.055379
FixedParameters: 0 0 0

#Transform 3
Transform: AffineTransform_float_3_3
Parameters: 0.999999 0.00057238 -0.00122521 -0.000582412 0.999966 -0.00824991 0.00122065 0.0082509 0.999966 -0.0514015 -0.0647686 -0.0958393
FixedParameters: 0 0 0

#Transform 4
Transform: AffineTransform_float_3_3
Parameters: 0.999998 0.000796101 -0.00160518 -0.000810735 0.999959 -0.00903612 0.00159782 0.0090374 0.999958 -0.0587236 -0.0541257 -0.142786
FixedParameters: 0 0 0

#Transform 5
Transform: AffineTransform_float_3_3
Parameters: 0.999999 0.000558851 -0.00107866 -0.00056643 0.999969 -0.00779929 0.00107403 0.00780006 0.999969 -0.0489587 -0.15594 -0.13012
FixedParameters: 0 0 0

#Transform 6
Transform: AffineTransform_float_3_3
Parameters: 1 0.000402998 -0.000934366 -0.00041148 0.999962 -0.00869064 0.000931745 0.00869056 0.999962 -0.0483604 -0.0484332 -0.144126
FixedParameters: 0 0 0

#Transform 7
Transform: AffineTransform_float_3_3
Parameters: 0.999999 0.00102497 -0.000647356 -0.00103068 0.999957 -0.00930397 0.000637058 0.0093051 0.999956 -0.0329547 -0.1257 -0.202138
FixedParameters: 0 0 0

#Transform 8
Transform: AffineTransform_float_3_3
Parameters: 0.999999 0.00059182 -0.00044921 -0.000595531 0.999963 -0.00851229 0.000444387 0.00851204 0.999964 -0.018556 -0.105312 -0.257713
FixedParameters: 0 0 0

#Transform 9
Transform: AffineTransform_float_3_3
Parameters: 1 0.000665383 -0.000398484 -0.000669534 0.999953 -0.00965481 0.000391979 0.00965458 0.999954 -0.0205391 -0.0879008 -0.228549
FixedParameters: 0 0 0

#Transform 10
Transform: AffineTransform_float_3_3
Parameters: 0.999999 0.000476902 -0.000597115 -0.000482541 0.999951 -0.00984509 0.000592469 0.00984525 0.999952 -0.0190581 -0.122622 -0.263293
FixedParameters: 0 0 0

#Transform 11
Transform: AffineTransform_float_3_3
Parameters: 1 0.000463719 -0.00065658 -0.000470253 0.999953 -0.00972119 0.000652246 0.00972189 0.999952 -0.00885839 -0.107874 -0.261669
FixedParameters: 0 0 0

#Transform 12
Transform: AffineTransform_float_3_3
Parameters: 1 0.000850541 -0.000652889 -0.000858115 0.999942 -0.0107418 0.000643354 0.0107422 0.999942 -0.028277 -0.131504 -0.302576
FixedParameters: 0 0 0

#Transform 13
Transform: AffineTransform_float_3_3
Parameters: 0.999999 0.000480276 -0.000578114 -0.00048669 0.999946 -0.010462 0.000572852 0.0104627 0.999945 -0.00806892 -0.106812 -0.287853
FixedParameters: 0 0 0

#Transform 14
Transform: AffineTransform_float_3_3
Parameters: 1 0.000545284 -0.000289679 -0.000548527 0.999943 -0.0106068 0.00028455 0.0106073 0.999943 -0.0222116 -0.108571 -0.301353
FixedParameters: 0 0 0

#Transform 15
Transform: AffineTransform_float_3_3
Parameters: 0.999999 0.000558804 -0.000475448 -0.0005638 0.999953 -0.00970495 0.00046973 0.0097056 0.999953 -0.0179024 -0.124327 -0.280985
FixedParameters: 0 0 0

#Transform 16
Transform: AffineTransform_float_3_3
Parameters: 0.999999 0.000656661 -0.000152438 -0.000657579 0.999948 -0.0102006 0.000145667 0.010201 0.999948 -0.00352597 -0.0982323 -0.237271
FixedParameters: 0 0 0

#Transform 17
Transform: AffineTransform_float_3_3
Parameters: 1 0.000630976 -0.000556074 -0.000636289 0.999946 -0.0103873 0.000549695 0.0103881 0.999946 -0.00706113 -0.125138 -0.326466
FixedParameters: 0 0 0

#Transform 18
Transform: AffineTransform_float_3_3
Parameters: 1 5.72651e-05 7.89985e-05 -5.80916e-05 0.999985 0.00549459 -7.83916e-05 -0.00549461 0.999985 -0.0595103 -0.00430949 0.245214
FixedParameters: 0 0 0

#Transform 19
Transform: AffineTransform_float_3_3
Parameters: 1 9.27312e-05 8.42703e-05 -9.27162e-05 1 -8.88529e-05 -8.42868e-05 8.88373e-05 1 -0.0234056 0.0299112 0.0461326
FixedParameters: 0 0 0

#Transform 20
Transform: AffineTransform_float_3_3
Parameters: 1 0.000170231 0.000229722 -0.000170445 1 0.000465415 -0.000229563 -0.000465493 1 0.00226139 0.00985148 0.0224472
FixedParameters: 0 0 0

#Transform 21
Transform: AffineTransform_float_3_3
Parameters: 1 0.000138133 -0.000201213 -0.00013848 0.999999 -0.000864854 0.000200974 0.00086491 0.999999 -0.0187908 0.0685524 0.0264099
FixedParameters: 0 0 0

#Transform 22
Transform: AffineTransform_float_3_3
Parameters: 1 -1.01624e-05 -0.000873954 7.89691e-06 0.999996 -0.0028686 0.000873443 0.00286805 0.999996 -0.0353292 -0.0593629 -0.0187106
FixedParameters: 0 0 0

#Transform 23
Transform: AffineTransform_float_3_3
Parameters: 0.999999 2.82764e-05 -0.000698625 -3.00654e-05 0.999996 -0.00269181 0.000699061 0.00269226 0.999996 -0.0271387 0.0623085 -0.050114
FixedParameters: 0 0 0

#Transform 24
Transform: AffineTransform_float_3_3
Parameters: 1 -3.61984e-05 -0.000999124 3.38004e-05 0.999997 -0.00214933 0.000998897 0.00214874 0.999998 -0.0199067 0.00384846 -0.083943
FixedParameters: 0 0 0

#Transform 25
Transform: AffineTransform_float_3_3
Parameters: 0.999999 2.23492e-05 -0.000727019 -2.42233e-05 0.999997 -0.00250284 0.00072652 0.00250285 0.999996 -0.017506 0.0575735 -0.111519
FixedParameters: 0 0 0

#Transform 26
Transform: AffineTransform_float_3_3
Parameters: 0.999999 2.16117e-05 -0.000724414 -2.37755e-05 0.999995 -0.00339923 0.000724681 0.00339925 0.999994 -0.010267 0.0467486 -0.160105
FixedParameters: 0 0 0

#Transform 27
Transform: AffineTransform_float_3_3
Parameters: 1 6.78044e-05 -0.000511204 -6.98807e-05 0.999993 -0.00371641 0.000511335 0.00371649 0.999993 0.000927891 0.0133926 -0.174846
FixedParameters: 0 0 0

#Transform 28
Transform: AffineTransform_float_3_3
Parameters: 0.999999 -6.50272e-06 -0.000849855 2.64346e-06 0.999992 -0.00385736 0.000850322 0.00385776 0.999992 -0.00528237 0.0412832 -0.171272
FixedParameters: 0 0 0

#Transform 29
Transform: AffineTransform_float_3_3
Parameters: 1 0.000385659 -0.00102107 -0.000388461 0.999996 -0.00282253 0.00101931 0.0028224 0.999995 -0.00451126 -0.00432488 -0.128929
FixedParameters: 0 0 0

#Transform 30
Transform: AffineTransform_float_3_3
Parameters: 0.999999 0.000197727 -0.000658877 -0.000200501 0.999991 -0.00411508 0.000657713 0.00411483 0.999992 -0.000876449 0.0718555 -0.149532
FixedParameters: 0 0 0

#Transform 31
Transform: AffineTransform_float_3_3
Parameters: 0.999997 -0.000240121 -0.0022169 0.000243328 0.999999 0.00141508 0.00221589 -0.00141582 0.999997 -0.0387016 0.178487 0.0832291
FixedParameters: 0 0 0

#Transform 32
Transform: AffineTransform_float_3_3
Parameters: 0.999998 -0.0016363 -0.00111739 0.00164509 0.999968 0.00781159 0.00110375 -0.00781391 0.999969 0.00253951 0.142819 0.270559
FixedParameters: 0 0 0

#Transform 33
Transform: AffineTransform_float_3_3
Parameters: 0.999999 -0.000539305 -0.00116373 0.000542606 0.999998 0.00231607 0.00116163 -0.00231598 0.999997 -0.0277652 0.144876 0.0351988
FixedParameters: 0 0 0

#Transform 34
Transform: AffineTransform_float_3_3
Parameters: 0.999999 -0.000479114 -0.00087354 0.00048069 0.999999 0.00137607 0.000873418 -0.00137686 0.999998 -0.0243993 0.107756 -0.00852304
FixedParameters: 0 0 0

#Transform 35
Transform: AffineTransform_float_3_3
Parameters: 0.999999 -0.00053205 -0.0011173 0.000533043 0.999999 0.000856841 0.00111656 -0.000856696 0.999999 -0.0181855 0.124735 -0.0256612
FixedParameters: 0 0 0

#Transform 36
Transform: AffineTransform_float_3_3
Parameters: 0.999999 -0.000384595 -0.00118365 0.000384518 1 0.000356545 0.00118354 -0.000356121 0.999999 -0.0150789 0.0675298 -0.0905077
FixedParameters: 0 0 0

#Transform 37
Transform: AffineTransform_float_3_3
Parameters: 0.999999 -0.000580111 -0.00133307 0.000580039 1 -4.78495e-05 0.00133308 4.76246e-05 0.999999 -0.0119991 0.112028 -0.0495591
FixedParameters: 0 0 0

#Transform 38
Transform: AffineTransform_float_3_3
Parameters: 1 -0.000169685 -0.00117169 0.000170086 1 0.000144413 0.00117163 -0.000144401 1 -0.0244963 0.0321499 -0.0859169
FixedParameters: 0 0 0

#Transform 39
Transform: AffineTransform_float_3_3
Parameters: 1 -0.000234821 -0.00113598 0.000234673 1 -0.00052228 0.001136 0.000522144 0.999999 -0.0191356 0.0845445 -0.0723284
FixedParameters: 0 0 0

#Transform 40
Transform: AffineTransform_float_3_3
Parameters: 0.999999 -0.000212827 -0.00155018 0.00021064 1 -0.00108744 0.00155141 0.00108721 0.999998 -0.0276373 0.0765245 -0.130228
FixedParameters: 0 0 0

#Transform 41
Transform: AffineTransform_float_3_3
Parameters: 0.999998 -0.000326317 -0.00154052 0.000325409 1 -0.000631775 0.0015407 0.000631169 0.999998 -0.0245379 0.0728005 -0.0885264
FixedParameters: 0 0 0

#Transform 42
Transform: AffineTransform_float_3_3
Parameters: 0.999999 -0.000109193 -0.00133431 0.000107082 0.999999 -0.00123791 0.00133538 0.00123713 0.999999 -0.0373031 0.0973876 -0.150708
FixedParameters: 0 0 0

#Transform 43
Transform: AffineTransform_float_3_3
Parameters: 0.999999 -0.000288342 -0.00152873 0.000286485 0.999999 -0.00124543 0.00152902 0.00124494 0.999998 -0.0153214 0.0761659 -0.18745
FixedParameters: 0 0 0

#Transform 44
Transform: AffineTransform_float_3_3
Parameters: 0.999999 -0.000244737 -0.00152704 0.000242049 0.999999 -0.00158721 0.00152837 0.00158689 0.999997 -0.0202459 0.0970908 -0.166623
FixedParameters: 0 0 0

#Transform 45
Transform: AffineTransform_float_3_3
Parameters: 0.999999 -0.000120006 -0.00124176 0.000118716 0.999999 -0.00130517 0.00124165 0.00130526 0.999999 -0.0256894 0.0694431 -0.175073
FixedParameters: 0 0 0

#Transform 46
Transform: AffineTransform_float_3_3
Parameters: 0.999999 -6.83651e-05 -0.00125783 6.60611e-05 0.999997 -0.00241786 0.00125734 0.00241805 0.999997 -0.0133869 0.128901 -0.18912
FixedParameters: 0 0 0

#Transform 47
Transform: AffineTransform_float_3_3
Parameters: 0.999998 -0.00014568 -0.00173592 0.00015185 0.999994 0.00363265 0.00173519 -0.0036327 0.999992 -0.0390875 0.138333 0.147861
FixedParameters: 0 0 0

#Transform 48
Transform: AffineTransform_float_3_3
Parameters: 0.999999 -0.000470802 -0.000834664 0.000472285 0.999999 0.00138436 0.000834557 -0.00138511 0.999998 -0.0268378 0.137931 -0.00951048
FixedParameters: 0 0 0

#Transform 49
Transform: AffineTransform_float_3_3
Parameters: 0.999999 -0.000189542 -0.0013487 0.000191026 1 0.000526893 0.00134849 -0.000526996 0.999999 -0.0313829 0.156304 -0.0971766
FixedParameters: 0 0 0

#Transform 50
Transform: AffineTransform_float_3_3
Parameters: 1 -0.000509752 -0.00100822 0.000510325 1 0.000257152 0.00100792 -0.000256859 1 -0.0275247 0.111731 -0.0906364
FixedParameters: 0 0 0

#Transform 51
Transform: AffineTransform_float_3_3
Parameters: 0.999999 -0.000200954 -0.00123392 0.000200703 1 -0.000126909 0.00123396 0.000126824 0.999999 -0.0296828 0.176739 -0.116411
FixedParameters: 0 0 0

#Transform 52
Transform: AffineTransform_float_3_3
Parameters: 0.999999 -0.000145012 -0.00123148 0.000144648 1 -0.000572609 0.00123145 0.000571739 0.999999 -0.0338957 0.102529 -0.160117
FixedParameters: 0 0 0

#Transform 53
Transform: AffineTransform_float_3_3
Parameters: 0.999999 -0.000265256 -0.00132341 0.000264541 1 -0.00066248 0.00132354 0.000662176 0.999999 -0.022795 0.11426 -0.0885904
FixedParameters: 0 0 0

#Transform 54
Transform: AffineTransform_float_3_3
Parameters: 0.999998 -0.000194842 -0.00157357 0.000193158 0.999999 -0.00086472 0.00157368 0.000864918 0.999999 -0.0236408 0.113798 -0.12105
FixedParameters: 0 0 0

#Transform 55
Transform: AffineTransform_float_3_3
Parameters: 0.999999 -0.000375833 -0.00143225 0.000374761 0.999999 -0.000736783 0.00143258 0.000736105 0.999998 -0.00702807 0.114915 -0.156462
FixedParameters: 0 0 0

#Transform 56
Transform: AffineTransform_float_3_3
Parameters: 0.999998 -0.000458376 -0.00157341 0.00045675 1 -0.00113414 0.00157399 0.00113399 0.999998 -0.00187486 0.121356 -0.14197
FixedParameters: 0 0 0

#Transform 57
Transform: AffineTransform_float_3_3
Parameters: 0.999998 -0.000365807 -0.00161691 0.000365509 1 -0.000413383 0.00161699 0.000412599 0.999998 -0.00838849 0.0624093 -0.137909
FixedParameters: 0 0 0

#Transform 58
Transform: AffineTransform_float_3_3
Parameters: 0.999998 -0.000516419 -0.00154956 0.000513778 0.999999 -0.001479 0.00155063 0.0014787 0.999997 -0.0014321 0.154995 -0.136376
FixedParameters: 0 0 0

#Transform 59
Transform: AffineTransform_float_3_3
Parameters: 0.999998 -0.000256592 -0.00160691 0.0002539 0.999999 -0.00144475 0.00160722 0.00144431 0.999997 -0.0155804 0.0742674 -0.152185
FixedParameters: 0 0 0

#Transform 60
Transform: AffineTransform_float_3_3
Parameters: 0.999999 -0.000550212 -0.00118409 0.000549474 1 -0.00113267 0.00118488 0.00113225 0.999998 -0.0100624 0.133945 -0.138772
FixedParameters: 0 0 0

#Transform 61
Transform: AffineTransform_float_3_3
Parameters: 0.999999 -0.000128062 -0.00145555 0.000126229 0.999998 -0.00163511 0.00145533 0.00163511 0.999997 -0.0178267 0.0908254 -0.160522
FixedParameters: 0 0 0

#Transform 62
Transform: AffineTransform_float_3_3
Parameters: 0.999999 -0.000329396 -0.00143248 0.000327554 0.999999 -0.00100537 0.00143291 0.00100524 0.999999 -0.0102287 0.0737286 -0.158255
FixedParameters: 0 0 0

#Transform 63
Transform: AffineTransform_float_3_3
Parameters: 0.999999 2.08131e-05 -0.0014719 -2.3995e-05 0.999997 -0.00212769 0.0014722 0.00212724 0.999996 -0.0391593 0.140157 -0.140213
FixedParameters: 0 0 0

#Transform 64
Transform: AffineTransform_float_3_3
Parameters: 0.999998 -0.000488912 -0.00176804 0.000484348 0.999996 -0.00264913 0.00176955 0.00264908 0.999995 -0.0225135 0.107937 -0.243801
FixedParameters: 0 0 0

#Transform 65
Transform: AffineTransform_float_3_3
Parameters: 0.999999 -0.000591315 -0.00137539 0.000590448 1 -0.0010218 0.00137614 0.00102147 0.999999 -0.0342684 0.0675967 -0.04734
FixedParameters: 0 0 0

#Transform 66
Transform: AffineTransform_float_3_3
Parameters: 0.999998 -0.000675274 -0.00174617 0.000670972 0.999996 -0.00254786 0.00174756 0.00254715 0.999995 -0.0158803 0.101648 -0.186091
FixedParameters: 0 0 0

#Transform 67
Transform: AffineTransform_float_3_3
Parameters: 0.999998 -0.000678844 -0.00177256 0.000675727 0.999998 -0.00172225 0.00177425 0.00172063 0.999997 -0.0140763 0.0648923 -0.186861
FixedParameters: 0 0 0

#Transform 68
Transform: AffineTransform_float_3_3
Parameters: 0.999999 -0.000602389 -0.00141115 0.000599001 0.999996 -0.00253777 0.00141339 0.00253643 0.999996 -0.0128335 0.0776267 -0.189026
FixedParameters: 0 0 0

#Transform 69
Transform: AffineTransform_float_3_3
Parameters: 0.999998 -0.000754992 -0.00210078 0.000748054 0.999994 -0.00341131 0.00210326 0.00340975 0.999992 -0.0151751 0.0450676 -0.469597
FixedParameters: 0 0 0

#Transform 70
Transform: AffineTransform_float_3_3
Parameters: 0.999991 -0.000485023 -0.00407864 0.000463128 0.999986 -0.0053285 0.00408111 0.00532679 0.999977 -0.00630389 0.239562 -0.657481
FixedParameters: 0 0 0

#Transform 71
Transform: AffineTransform_float_3_3
Parameters: 0.999998 0.000126067 -0.00179661 -0.000136402 0.999985 -0.00548352 0.00179518 0.00548475 0.999984 0.0212039 0.0351428 -0.325949
FixedParameters: 0 0 0

#Transform 72
Transform: AffineTransform_float_3_3
Parameters: 0.999994 -0.000423637 -0.00342372 0.000409275 0.999991 -0.00413688 0.00342626 0.00413455 0.999985 -0.0430525 0.170777 -0.533453
FixedParameters: 0 0 0

#Transform 73
Transform: AffineTransform_float_3_3
Parameters: 0.999995 -0.00110108 -0.00305701 0.00108783 0.99999 -0.00444907 0.00306166 0.00444509 0.999985 0.0136066 0.0631756 -0.719654
FixedParameters: 0 0 0

#Transform 74
Transform: AffineTransform_float_3_3
Parameters: 0.999996 -0.0010493 -0.00261194 0.00104153 0.999994 -0.00325982 0.00261465 0.00325764 0.999991 0.0280258 0.0831008 -0.785184
FixedParameters: 0 0 0

#Transform 75
Transform: AffineTransform_float_3_3
Parameters: 0.999996 -0.00118158 -0.00266052 0.00116887 0.999988 -0.00462809 0.00266671 0.00462548 0.999986 0.0361035 0.11241 -0.776212
FixedParameters: 0 0 0

#Transform 76
Transform: AffineTransform_float_3_3
Parameters: 0.999995 -0.00105073 -0.0029256 0.00103578 0.999986 -0.00522681 0.00293101 0.00522431 0.999982 0.033893 0.0950387 -0.83523
FixedParameters: 0 0 0

#Transform 77
Transform: AffineTransform_float_3_3
Parameters: 0.999995 -0.00103881 -0.00291598 0.00102265 0.999984 -0.00559754 0.00292187 0.00559421 0.99998 0.0384156 0.0213139 -0.887074
FixedParameters: 0 0 0

#Transform 78
Transform: AffineTransform_float_3_3
Parameters: 0.999994 -0.00132202 -0.00310755 0.00130505 0.999984 -0.00566027 0.00311534 0.00565605 0.99998 0.0579641 0.099347 -0.84808
FixedParameters: 0 0 0

#Transform 79
Transform: AffineTransform_float_3_3
Parameters: 0.999995 -0.00112915 -0.00261182 0.00111648 0.999989 -0.00468328 0.00261767 0.00468066 0.999986 0.0358733 0.0707547 -0.842911
FixedParameters: 0 0 0

#Transform 80
Transform: AffineTransform_float_3_3
Parameters: 0.999996 -0.00109767 -0.00264203 0.00108275 0.999983 -0.00574255 0.0026491 0.00573998 0.999979 0.0332867 0.0844031 -0.822167
FixedParameters: 0 0 0

#Transform 81
Transform: AffineTransform_float_3_3
Parameters: 0.999995 -0.00105108 -0.00282416 0.00103533 0.999984 -0.00553466 0.00283027 0.00553146 0.999981 0.0352082 0.054174 -0.871602
FixedParameters: 0 0 0

#Transform 82
Transform: AffineTransform_float_3_3
Parameters: 0.999995 -0.0012058 -0.00300545 0.00118197 0.999969 -0.00778221 0.00301489 0.00777846 0.999965 0.0393518 0.0586559 -0.944491
FixedParameters: 0 0 0

#Transform 83
Transform: AffineTransform_float_3_3
Parameters: 0.999992 -0.00158113 -0.00380698 0.00154652 0.999958 -0.0089947 0.00382152 0.00898898 0.999953 0.0525147 0.0657922 -1.05808
FixedParameters: 0 0 0

#Transform 84
Transform: AffineTransform_float_3_3
Parameters: 0.999996 -0.00130208 -0.00263747 0.00128992 0.999989 -0.00452556 0.00264353 0.00452193 0.999986 0.0274276 0.105675 -0.823064
FixedParameters: 0 0 0

#Transform 85
Transform: AffineTransform_float_3_3
Parameters: 0.999995 -0.00121659 -0.00300745 0.00119975 0.999982 -0.00582711 0.00301445 0.00582379 0.999978 0.0342265 0.119353 -0.866523
FixedParameters: 0 0 0

#Transform 86
Transform: AffineTransform_float_3_3
Parameters: 0.999995 -0.00138491 -0.00298357 0.00136553 0.99998 -0.00619629 0.00299162 0.00619156 0.999976 0.045949 0.0507566 -0.964842
FixedParameters: 0 0 0

#Transform 87
Transform: AffineTransform_float_3_3
Parameters: 0.999991 -0.00156699 -0.00389128 0.00155691 0.999996 -0.00244393 0.00389587 0.00243805 0.99999 -0.0123633 0.150124 -0.735148
FixedParameters: 0 0 0

#Transform 88
Transform: AffineTransform_float_3_3
Parameters: 0.999993 -0.00134519 -0.0033542 0.00132915 0.999988 -0.00462078 0.00336118 0.00461715 0.999983 0.0280172 0.153056 -0.825118
FixedParameters: 0 0 0

#Transform 89
Transform: AffineTransform_float_3_3
Parameters: 0.999993 -0.00148344 -0.00344374 0.00146389 0.999984 -0.00547951 0.00345177 0.0054746 0.999979 0.0257247 0.089988 -0.931235
FixedParameters: 0 0 0

#Transform 90
Transform: AffineTransform_float_3_3
Parameters: 0.999994 -0.00144107 -0.0032281 0.0014194 0.999977 -0.00666491 0.00323732 0.00666042 0.999972 0.0232159 0.0730468 -0.92618
FixedParameters: 0 0 0

#Transform 91
Transform: AffineTransform_float_3_3
Parameters: 0.999991 -0.00162616 -0.00402195 0.00159191 0.999963 -0.00839589 0.00403551 0.00838914 0.999956 0.0420799 0.00931699 -1.11219
FixedParameters: 0 0 0

#Transform 92
Transform: AffineTransform_float_3_3
Parameters: 0.999993 -0.00146127 -0.0033212 0.00143929 0.999977 -0.00656589 0.00333137 0.00656144 0.999973 0.0331499 0.0809045 -0.952191
FixedParameters: 0 0 0

#Transform 93
Transform: AffineTransform_float_3_3
Parameters: 0.99999 -0.00130485 -0.00438174 0.00126516 0.99996 -0.0089293 0.00439319 0.00892376 0.99995 0.0434647 0.0497196 -1.13787
FixedParameters: 0 0 0

#Transform 94
Transform: AffineTransform_float_3_3
Parameters: 0.999988 -0.000964071 -0.00478998 0.000913646 0.999945 -0.0105161 0.00479988 0.0105109 0.999933 0.0271514 0.0113349 -1.30006
FixedParameters: 0 0 0

#Transform 95
Transform: AffineTransform_float_3_3
Parameters: 0.999996 0.000879328 -0.00270134 -0.000862574 0.999981 0.00611573 0.0027074 -0.00611299 0.999978 -0.0352566 -0.00128227 -0.0140675
FixedParameters: 0 0 0

#Transform 96
Transform: AffineTransform_float_3_3
Parameters: 0.999999 0.000811641 -0.00144637 -0.000818609 0.999987 -0.00497841 0.00144285 0.00497904 0.999987 -0.136647 0.177818 -0.847268
FixedParameters: 0 0 0

#Transform 97
Transform: AffineTransform_float_3_3
Parameters: 0.999992 0.00166211 -0.00356943 -0.0017055 0.999924 -0.0122551 0.00354857 0.0122604 0.999919 -0.183989 0.0231802 -1.25706
FixedParameters: 0 0 0

#Transform 98
Transform: AffineTransform_float_3_3
Parameters: 1 9.76449e-05 6.64335e-05 -9.69081e-05 0.999984 -0.0056802 -6.75534e-05 0.00568018 0.999984 -0.100753 0.13832 -0.861476
FixedParameters: 0 0 0

#Transform 99
Transform: AffineTransform_float_3_3
Parameters: 0.999999 9.42452e-05 -0.00108156 -0.000103349 0.999962 -0.00875335 0.00107972 0.0087539 0.999961 -0.0700987 0.019321 -1.08099
FixedParameters: 0 0 0

#Transform 100
Transform: AffineTransform_float_3_3
Parameters: 0.999999 -0.000245536 -0.000490527 0.000240717 0.999936 -0.0113238 0.000492551 0.0113234 0.999936 -0.0677973 -0.0127909 -1.27978
FixedParameters: 0 0 0

#Transform 101
Transform: AffineTransform_float_3_3
Parameters: 1 -6.29004e-05 -0.000609845 5.4925e-05 0.999917 -0.0129001 0.000610614 0.0128999 0.999916 -0.0626826 0.00499161 -1.26282
FixedParameters: 0 0 0

#Transform 102
Transform: AffineTransform_float_3_3
Parameters: 0.999999 -0.00102238 -0.00151881 0.00100115 0.999901 -0.0140004 0.00153317 0.0139985 0.9999 0.00907446 -0.0581997 -1.35712
FixedParameters: 0 0 0

#Transform 103
Transform: AffineTransform_float_3_3
Parameters: 0.999999 -0.00111282 -0.000878988 0.00110085 0.999906 -0.0136655 0.000894155 0.0136652 0.999906 0.00621918 0.00211382 -1.28891
FixedParameters: 0 0 0

#Transform 104
Transform: AffineTransform_float_3_3
Parameters: 0.999999 -0.00114729 -0.00113666 0.00113118 0.999906 -0.0136741 0.0011521 0.0136732 0.999905 0.00129988 -0.0392913 -1.35399
FixedParameters: 0 0 0

#Transform 105
Transform: AffineTransform_float_3_3
Parameters: 0.999998 -0.00105235 -0.00144664 0.00103054 0.99989 -0.0148489 0.00146255 0.0148479 0.999889 0.0185454 -0.108079 -1.43722
FixedParameters: 0 0 0

#Transform 106
Transform: AffineTransform_float_3_3
Parameters: 0.999998 -0.00116754 -0.00127539 0.00114725 0.999873 -0.015887 0.00129322 0.0158855 0.999873 0.0147673 -0.0513708 -1.48766
FixedParameters: 0 0 0

#Transform 107
Transform: AffineTransform_float_3_3
Parameters: 0.999998 -0.000996002 -0.00137566 0.00096941 0.999814 -0.0192735 0.0013942 0.0192726 0.999813 0.0138685 -0.179692 -1.70555
FixedParameters: 0 0 0

#Transform 108
Transform: AffineTransform_float_3_3
Parameters: 0.999999 -0.00130699 -0.000983259 0.00128473 0.99976 -0.0218779 0.00101149 0.0218765 0.99976 0.0152071 -0.133395 -1.65225
FixedParameters: 0 0 0

#Transform 109
Transform: AffineTransform_float_3_3
Parameters: 0.999999 -0.0010392 -0.000932332 0.00101785 0.999749 -0.0223824 0.000956157 0.0223809 0.999749 0.00922969 -0.198977 -1.71491
FixedParameters: 0 0 0

#Transform 110
Transform: AffineTransform_float_3_3
Parameters: 0.999999 -0.00107199 -0.0010758 0.00104787 0.99976 -0.0218589 0.00109834 0.0218582 0.999761 0.0153088 -0.216202 -1.78114
FixedParameters: 0 0 0

#Transform 111
Transform: AffineTransform_float_3_3
Parameters: 0.999999 -0.00115298 -0.000732907 0.00113603 0.99973 -0.0232213 0.00075937 0.0232208 0.99973 0.0146601 -0.150942 -1.76702
FixedParameters: 0 0 0

#Transform 112
Transform: AffineTransform_float_3_3
Parameters: 0.999999 -0.00085987 -0.000971554 0.000837458 0.999735 -0.0229814 0.000991013 0.0229806 0.999736 0.0484828 -0.221891 -1.82912
FixedParameters: 0 0 0

#Transform 113
Transform: AffineTransform_float_3_3
Parameters: 1 -0.000943147 -8.53924e-05 0.00094028 0.999721 -0.0235943 0.000107626 0.0235942 0.999721 0.0230493 -0.162443 -1.74198
FixedParameters: 0 0 0

#Transform 114
Transform: AffineTransform_float_3_3
Parameters: 0.999999 -0.000909287 -0.000594034 0.000895157 0.999716 -0.0238253 0.000615055 0.0238256 0.999716 0.0337561 -0.1872 -1.79849
FixedParameters: 0 0 0

#Transform 115
Transform: AffineTransform_float_3_3
Parameters: 0.999999 -0.000933877 -0.000477953 0.000922126 0.999715 -0.0238277 0.000499889 0.0238273 0.999716 0.0386473 -0.250806 -1.82984
FixedParameters: 0 0 0

#Transform 116
Transform: AffineTransform_float_3_3
Parameters: 0.999998 -0.00107531 -0.00105935 0.00104864 0.999699 -0.0245318 0.001085 0.0245311 0.999699 0.022468 -0.218514 -1.8871
FixedParameters: 0 0 0

#Transform 117
Transform: AffineTransform_float_3_3
Parameters: 0.999999 -0.000953021 -0.000549114 0.000939249 0.999693 -0.0247587 0.000573119 0.024758 0.999694 0.0171881 -0.210699 -1.93477
FixedParameters: 0 0 0

#Transform 118
Transform: AffineTransform_float_3_3
Parameters: 1 -0.000834311 -0.000653299 0.000817623 0.999656 -0.0261919 0.000674843 0.0261912 0.999656 0.0195188 -0.195489 -1.9475
FixedParameters: 0 0 0

#Transform 119
Transform: AffineTransform_float_3_3
Parameters: 0.999999 -0.000932054 -0.000453038 0.000920066 0.999667 -0.0257782 0.0004763 0.0257773 0.999667 0.030829 -0.266033 -1.95201
FixedParameters: 0 0 0

#Transform 120
Transform: AffineTransform_float_3_3
Parameters: 0.999999 -0.00091029 -0.00035311 0.000900442 0.999637 -0.0269485 0.000376826 0.0269477 0.999636 0.0248241 -0.175118 -1.93232
FixedParameters: 0 0 0

#Transform 121
Transform: AffineTransform_float_3_3
Parameters: 1 -0.000793696 -0.000650784 0.000774983 0.999621 -0.0275483 0.000672307 0.0275476 0.99962 0.0148583 -0.245112 -2.02402
FixedParameters: 0 0 0

#Transform 122
Transform: AffineTransform_float_3_3
Parameters: 0.999999 -0.000895625 -0.000291545 0.000886979 0.999632 -0.0271093 0.000316235 0.0271091 0.999633 0.0160233 -0.22849 -1.93443
FixedParameters: 0 0 0

#Transform 123
Transform: AffineTransform_float_3_3
Parameters: 0.999999 -0.000678413 -0.000611855 0.000661275 0.999617 -0.0276442 0.000630376 0.0276438 0.999617 0.0171189 -0.165313 -1.99133
FixedParameters: 0 0 0

#Transform 124
Transform: AffineTransform_float_3_3
Parameters: 1 -0.000533906 -0.000768172 0.000511876 0.999622 -0.0274718 0.000782778 0.027472 0.999622 0.00993305 -0.289645 -2.01653
FixedParameters: 0 0 0

#Transform 125
Transform: AffineTransform_float_3_3
Parameters: 1 -0.000659998 -0.000678933 0.00064106 0.999615 -0.0277442 0.000697098 0.0277438 0.999615 0.0114347 -0.232543 -1.95325
FixedParameters: 0 0 0

#Transform 126
Transform: AffineTransform_float_3_3
Parameters: 0.999999 -0.000999163 -0.000702035 0.000978817 0.999591 -0.0285768 0.00073009 0.028576 0.999592 0.0204392 -0.244738 -2.05885
FixedParameters: 0 0 0

#Transform 127
Transform: AffineTransform_float_3_3
Parameters: 0.999999 -0.000932705 -0.000430828 0.000920074 0.999592 -0.0285488 0.000456944 0.0285482 0.999593 0.0180098 -0.246889 -2.00944
FixedParameters: 0 0 0

#Transform 128
Transform: AffineTransform_float_3_3
Parameters: 0.999999 -0.000636645 -0.00105277 0.000605289 0.999566 -0.0294697 0.00107084 0.0294692 0.999565 0.0128045 -0.263563 -2.07166
FixedParameters: 0 0 0

#Transform 129
Transform: AffineTransform_float_3_3
Parameters: 0.999999 -0.0010145 -0.000759595 0.000992147 0.999577 -0.0290511 0.000788963 0.0290501 0.999578 0.0231137 -0.305945 -2.06031
FixedParameters: 0 0 0

#Transform 130
Transform: AffineTransform_float_3_3
Parameters: 1 -0.000444645 -0.000888642 0.000418667 0.999568 -0.0293798 0.000901615 0.0293792 0.999568 0.00109953 -0.223822 -2.03016
FixedParameters: 0 0 0

#Transform 131
Transform: AffineTransform_float_3_3
Parameters: 1 -0.000504658 -0.000872498 0.000478954 0.999567 -0.0294221 0.000887089 0.0294218 0.999566 0.00447973 -0.333601 -2.07794
FixedParameters: 0 0 0

#Transform 132
Transform: AffineTransform_float_3_3
Parameters: 0.999999 -0.000839332 -0.000769746 0.000816137 0.999549 -0.0300336 0.000795327 0.0300339 0.999549 0.0108068 -0.228056 -2.04202
FixedParameters: 0 0 0

#Transform 133
Transform: AffineTransform_float_3_3
Parameters: 1 -0.00081274 -0.000678352 0.000792648 0.999572 -0.029234 0.000700954 0.0292336 0.999573 0.00536254 -0.342446 -2.07287
FixedParameters: 0 0 0

#Transform 134
Transform: AffineTransform_float_3_3
Parameters: 0.999999 -0.00100903 -0.000726628 0.000986924 0.999547 -0.0300715 0.000756692 0.0300705 0.999548 0.0204679 -0.226111 -2.07265
FixedParameters: 0 0 0

#Transform 135
Transform: AffineTransform_float_3_3
Parameters: 0.999999 -0.000706224 -0.00109648 0.000673094 0.999554 -0.0298719 0.00111672 0.0298711 0.999553 -0.00400348 -0.339559 -2.1074
FixedParameters: 0 0 0

#Transform 136
Transform: AffineTransform_float_3_3
Parameters: 0.999999 -0.000907949 -0.000763011 0.000884753 0.999558 -0.0297299 0.000790347 0.0297287 0.999557 0.00636052 -0.267072 -1.99308
FixedParameters: 0 0 0

#Transform 137
Transform: AffineTransform_float_3_3
Parameters: 0.999995 -0.000692189 0.00322809 0.000686678 0.999998 0.00171888 -0.00322946 -0.00171735 0.999993 -0.0288377 0.131921 -0.318709
FixedParameters: 0 0 0

#Transform 138
Transform: AffineTransform_float_3_3
Parameters: 0.999997 -0.000725919 0.00266842 0.000735554 0.999993 -0.00365245 -0.00266496 0.00365443 0.99999 -0.00960999 0.0898926 -0.620448
FixedParameters: 0 0 0

#Transform 139
Transform: AffineTransform_float_3_3
Parameters: 0.999996 -0.000234447 0.00269598 0.000245971 0.999991 -0.00432402 -0.00269438 0.00432478 0.999987 -0.0280648 0.175212 -0.622575
FixedParameters: 0 0 0

#Transform 140
Transform: AffineTransform_float_3_3
Parameters: 0.999997 -0.000172588 0.00252314 0.000173671 0.999999 -0.000561312 -0.0025225 0.00056162 0.999997 -0.0174151 0.18207 -0.516285
FixedParameters: 0 0 0

#Transform 141
Transform: AffineTransform_float_3_3
Parameters: 0.999996 -0.000732187 0.00267715 0.00073018 0.999999 0.00077915 -0.00267865 -0.000777172 0.999996 -0.0139831 0.187714 -0.427058
FixedParameters: 0 0 0

#Transform 142
Transform: AffineTransform_float_3_3
Parameters: 0.999997 -0.000571926 0.00239311 0.000571887 0.999999 5.12272e-05 -0.00239315 -4.94918e-05 0.999997 -0.0149636 0.166708 -0.482405
FixedParameters: 0 0 0

#Transform 143
Transform: AffineTransform_float_3_3
Parameters: 0.999996 -0.000712726 0.00277593 0.000708288 0.999998 0.00160606 -0.002777 -0.00160452 0.999995 -0.0116292 0.273213 -0.388222
FixedParameters: 0 0 0

#Transform 144
Transform: AffineTransform_float_3_3
Parameters: 0.999947 -0.0101563 0.00141341 0.0100165 0.996953 0.077355 -0.00219429 -0.0773362 0.997002 0.034573 1.25465 1.18031
FixedParameters: 0 0 0

#Transform 145
Transform: AffineTransform_float_3_3
Parameters: 0.999958 -0.00871404 0.00296235 0.00850851 0.997934 0.0636865 -0.00351108 -0.0636586 0.997966 -0.107996 1.1686 0.480287
FixedParameters: 0 0 0

#Transform 146
Transform: AffineTransform_float_3_3
Parameters: 0.999964 -0.00808117 0.0025426 0.00790878 0.998075 0.0615135 -0.00303464 -0.0614908 0.998103 -0.103187 1.07059 0.469482
FixedParameters: 0 0 0

#Transform 147
Transform: AffineTransform_float_3_3
Parameters: 0.999962 -0.00836298 0.00241127 0.00821049 0.998296 0.0577604 -0.00289034 -0.0577389 0.998328 -0.106222 0.965296 0.360962
FixedParameters: 0 0 0

#Transform 148
Transform: AffineTransform_float_3_3
Parameters: 0.999958 -0.00885831 0.00248394 0.00870661 0.998402 0.0558391 -0.00297494 -0.0558152 0.998437 -0.0952386 1.0262 0.356983
FixedParameters: 0 0 0

#Transform 149
Transform: AffineTransform_float_3_3
Parameters: 0.999963 -0.00831561 0.00180746 0.00820553 0.998479 0.0545146 -0.00225751 -0.0544981 0.998511 -0.108479 1.05694 0.348079
FixedParameters: 0 0 0
