#Insight Transform File V1.0
#Transform 0
Transform: AffineTransform_float_3_3
Parameters: 0.999995 -0.00300661 -0.00108966 0.00301054 0.99999 0.0033261 0.00107938 -0.0033294 0.999994 0.149944 -0.134387 0.215256
FixedParameters: 0 0 0

#Transform 1
Transform: AffineTransform_float_3_3
Parameters: 0.999998 -0.0020937 -0.00074963 0.00209656 0.999992 0.0032891 0.000743446 -0.00329028 0.999994 0.115977 -0.0860131 0.27688
FixedParameters: 0 0 0

#Transform 2
Transform: AffineTransform_float_3_3
Parameters: 0.999996 -0.00275346 -0.000998014 0.00275618 0.999994 0.00200182 0.000992353 -0.00200515 0.999998 0.129824 -0.0586523 0.214238
FixedParameters: 0 0 0

#Transform 3
Transform: AffineTransform_float_3_3
Parameters: 0.999999 -0.00111927 -0.00104206 0.00112107 0.999998 0.0016149 0.00104008 -0.00161623 0.999998 0.0967471 -0.0547572 0.187359
FixedParameters: 0 0 0

#Transform 4
Transform: AffineTransform_float_3_3
Parameters: 1 -0.000947517 -0.000655299 0.000948176 0.999999 0.00101142 0.0006546 -0.00101258 0.999999 0.0833363 -0.0101519 0.149146
FixedParameters: 0 0 0

#Transform 5
Transform: AffineTransform_float_3_3
Parameters: 0.999997 -0.002141 -0.00137772 0.00214357 0.999997 0.00157418 0.00137444 -0.00157734 0.999997 0.117034 -0.0937635 0.330336
FixedParameters: 0 0 0

#Transform 6
Transform: AffineTransform_float_3_3
Parameters: 0.999996 -0.000892811 -0.00249909 0.00089898 0.999996 0.00252784 0.0024972 -0.00252946 0.999994 0.0444733 -0.0918873 0.309457
FixedParameters: 0 0 0

#Transform 7
Transform: AffineTransform_float_3_3
Parameters: 0.999999 -0.000629153 -0.00181254 0.000633407 0.999996 0.00248612 0.00181139 -0.00248767 0.999995 0.00158635 -0.0593773 0.26409
FixedParameters: 0 0 0

#Transform 8
Transform: AffineTransform_float_3_3
Parameters: 0.999998 -0.0015316 -0.0013957 0.00153487 0.999996 0.00227055 0.00139197 -0.00227226 0.999996 0.087325 -0.0760621 0.238661
FixedParameters: 0 0 0

#Transform 9
Transform: AffineTransform_float_3_3
Parameters: 0.999998 -0.00126131 -0.00145952 0.00126359 0.999998 0.00162135 0.00145731 -0.00162339 0.999998 0.0855377 -0.0930433 0.152521
FixedParameters: 0 0 0

#Transform 10
Transform: AffineTransform_float_3_3
Parameters: 0.999998 -0.00196146 -0.00135883 0.00196286 0.999998 0.00091593 0.00135729 -0.000918608 0.999998 0.109172 -0.0261589 0.104346
FixedParameters: 0 0 0

#Transform 11
Transform: AffineTransform_float_3_3
Parameters: 0.999998 -0.00141717 -0.0016011 0.0014188 0.999998 0.00122866 0.00159942 -0.00123017 0.999998 0.0762528 -0.0668959 0.167661
FixedParameters: 0 0 0

#Transform 12
Transform: AffineTransform_float_3_3
Parameters: 0.999999 2.67704e-05 -0.00147142 -2.34196e-05 0.999998 0.00224676 0.00147188 -0.0022472 0.999996 0.0270748 -0.0463274 0.196509
FixedParameters: 0 0 0

#Transform 13
Transform: AffineTransform_float_3_3
Parameters: 0.999999 -7.0513e-05 -0.000859117 7.15219e-05 0.999998 0.00188802 0.000858853 -0.00188793 0.999998 0.016043 -0.0350167 0.193614
FixedParameters: 0 0 0

#Transform 14
Transform: AffineTransform_float_3_3
Parameters: 0.999999 -0.000429487 -0.000888586 0.000430145 0.999999 0.000878017 0.000888281 -0.000878138 0.999999 0.0230901 -0.0288572 0.123766
FixedParameters: 0 0 0

#Transform 15
Transform: AffineTransform_float_3_3
Parameters: 1 -0.000314424 -0.00013925 0.000314948 0.999998 0.00204171 0.00013835 -0.00204179 0.999998 0.0149036 -0.0384089 0.188892
FixedParameters: 0 0 0

#Transform 16
Transform: AffineTransform_float_3_3
Parameters: 1 -0.000162691 -2.77119e-05 0.000162734 0.999999 0.000782661 2.74572e-05 -0.00078267 0.999999 0.0322836 -0.0354737 0.154271
FixedParameters: 0 0 0

#Transform 17
Transform: AffineTransform_float_3_3
Parameters: 1 -0.000155322 2.40079e-05 0.000155228 0.999999 0.00150338 -2.42819e-05 -0.00150337 0.999999 0.0300005 -0.0731262 0.152871
FixedParameters: 0 0 0

#Transform 18
Transform: AffineTransform_float_3_3
Parameters: 1 -0.000100101 -0.000281669 9.97864e-05 1 0.00116991 0.000281908 -0.00116987 1 0.0411935 -0.0769369 0.111743
FixedParameters: 0 0 0

#Transform 19
Transform: AffineTransform_float_3_3
Parameters: 1 0.000175269 -0.000418408 -0.000175158 1 0.000133236 0.000418455 -0.00013309 1 0.0215369 -0.0281441 0.0832392
FixedParameters: 0 0 0

#Transform 20
Transform: AffineTransform_float_3_3
Parameters: 1 0.000376707 -5.53465e-05 -0.000376692 1 0.000131564 5.54456e-05 -0.000131522 1 0.0135497 0.00179964 0.0182161
FixedParameters: 0 0 0

#Transform 21
Transform: AffineTransform_float_3_3
Parameters: 1 3.2583e-05 -0.00030531 -3.26278e-05 1 -7.34281e-05 0.000305305 7.3448e-05 1 0.0204339 0.0417408 0.0448312
FixedParameters: 0 0 0

#Transform 22
Transform: AffineTransform_float_3_3
Parameters: 1 0.000518023 -0.000314308 -0.000518311 1 -0.000459151 0.000313832 0.000459476 1 0.000339074 -0.0503122 0.0505955
FixedParameters: 0 0 0

#Transform 23
Transform: AffineTransform_float_3_3
Parameters: 0.999999 0.000553993 -0.00113026 -0.000554497 1 -0.00061156 0.00112936 0.000611884 1 -0.00447638 0.013575 0.00673516
FixedParameters: 0 0 0

#Transform 24
Transform: AffineTransform_float_3_3
Parameters: 1 0.000349167 -0.00102139 -0.000350757 0.999999 -0.00184147 0.00102067 0.00184197 0.999998 0.000186983 0.0681849 -0.098082
FixedParameters: 0 0 0

#Transform 25
Transform: AffineTransform_float_3_3
Parameters: 1 0.000270344 -0.00102986 -0.000271498 1 -0.00102334 0.00102902 0.0010238 0.999999 0.0100027 -0.0177141 -0.0654791
FixedParameters: 0 0 0

#Transform 26
Transform: AffineTransform_float_3_3
Parameters: 0.999999 0.000411677 -0.000641022 -0.000412386 0.999999 -0.00128077 0.00063988 0.0012812 0.999999 -0.0140588 0.0333234 -0.0273372
FixedParameters: 0 0 0

#Transform 27
Transform: AffineTransform_float_3_3
Parameters: 0.999999 0.000400179 -0.00140494 -0.000403646 0.999997 -0.00233032 0.00140378 0.00233086 0.999997 0.00595824 0.0411435 -0.105985
FixedParameters: 0 0 0

#Transform 28
Transform: AffineTransform_float_3_3
Parameters: 0.999999 0.000509305 -0.00169634 -0.000512722 0.999997 -0.0022864 0.0016952 0.00228743 0.999996 0.00889016 0.0332023 -0.126342
FixedParameters: 0 0 0

#Transform 29
Transform: AffineTransform_float_3_3
Parameters: 0.999998 -0.00034991 -0.00194536 0.000346878 0.999999 -0.00137425 0.00194685 0.00137377 0.999997 0.0214832 0.0265439 -0.094379
FixedParameters: 0 0 0

#Transform 30
Transform: AffineTransform_float_3_3
Parameters: 0.999993 -0.00266961 -0.00250487 0.00266451 0.999994 -0.00225555 0.00251073 0.0022482 0.999994 0.146689 0.0664817 -0.154564
FixedParameters: 0 0 0

#Transform 31
Transform: AffineTransform_float_3_3
Parameters: 0.999986 0.00107136 -0.00530887 -0.00107106 0.999999 0.000150034 0.00530933 -0.000145035 0.999986 0.00783006 0.0750444 -0.164544
FixedParameters: 0 0 0

#Transform 32
Transform: AffineTransform_float_3_3
Parameters: 0.999983 -0.000858804 -0.00585723 0.000842908 0.999996 -0.00278995 0.00585978 0.00278518 0.999979 0.110655 0.0715367 -0.277982
FixedParameters: 0 0 0

#Transform 33
Transform: AffineTransform_float_3_3
Parameters: 0.999987 0.000491651 -0.00520984 -0.000498437 0.999999 -0.00135219 0.00520857 0.00135459 0.999986 0.0433314 -0.0773187 -0.135315
FixedParameters: 0 0 0

#Transform 34
Transform: AffineTransform_float_3_3
Parameters: 0.999994 -0.00044042 -0.00345761 0.00042761 0.999993 -0.00371596 0.00345943 0.00371414 0.999987 0.0423411 0.0244272 -0.237197
FixedParameters: 0 0 0

#Transform 35
Transform: AffineTransform_float_3_3
Parameters: 0.999995 0.000618996 -0.0028683 -0.000630541 0.999992 -0.00384693 0.00286593 0.00384864 0.999988 0.0155393 0.192955 -0.167372
FixedParameters: 0 0 0

#Transform 36
Transform: AffineTransform_float_3_3
Parameters: 0.999994 0.000100945 -0.00356963 -0.000119539 0.999987 -0.00513242 0.00356861 0.00513305 0.99998 0.0376432 0.106269 -0.216836
FixedParameters: 0 0 0

#Transform 37
Transform: AffineTransform_float_3_3
Parameters: 0.999993 0.00224654 -0.0030772 -0.00225865 0.99999 -0.00398555 0.00306906 0.00399325 0.999987 -0.0304497 0.0863629 -0.189182
FixedParameters: 0 0 0

#Transform 38
Transform: AffineTransform_float_3_3
Parameters: 0.99999 -0.000263967 -0.00458392 0.000249545 0.999994 -0.00323289 0.00458408 0.00323119 0.999984 0.0745133 0.0108129 -0.200285
FixedParameters: 0 0 0

#Transform 39
Transform: AffineTransform_float_3_3
Parameters: 0.999987 -0.00089168 -0.00502845 0.000876538 0.999996 -0.00283806 0.00503139 0.00283333 0.999983 0.0817698 0.0600644 -0.207112
FixedParameters: 0 0 0

#Transform 40
Transform: AffineTransform_float_3_3
Parameters: 0.99999 -0.000310462 -0.00453312 0.000298872 0.999996 -0.00254072 0.00453389 0.00253899 0.999986 0.0607566 0.0306287 -0.209196
FixedParameters: 0 0 0

#Transform 41
Transform: AffineTransform_float_3_3
Parameters: 0.999989 -0.000359287 -0.00465978 0.00034827 0.999997 -0.00242335 0.00466083 0.00242246 0.999986 0.0498166 0.0315039 -0.25259
FixedParameters: 0 0 0

#Transform 42
Transform: AffineTransform_float_3_3
Parameters: 0.999984 -0.000139368 -0.00565318 0.000123192 0.999996 -0.00283446 0.00565421 0.00283327 0.99998 0.0374594 0.0792851 -0.211159
FixedParameters: 0 0 0

#Transform 43
Transform: AffineTransform_float_3_3
Parameters: 0.999982 -0.000847486 -0.00588968 0.000827303 0.999994 -0.00354349 0.00589258 0.0035389 0.999976 0.108039 0.103272 -0.299475
FixedParameters: 0 0 0

#Transform 44
Transform: AffineTransform_float_3_3
Parameters: 0.999983 -0.00153273 -0.00566289 0.00150951 0.99999 -0.00407195 0.0056688 0.00406317 0.999975 0.121173 0.0740273 -0.347275
FixedParameters: 0 0 0

#Transform 45
Transform: AffineTransform_float_3_3
Parameters: 0.999974 -0.00143358 -0.00703866 0.0013996 0.999987 -0.00484762 0.00704531 0.00483691 0.999963 0.133748 0.0668767 -0.541185
FixedParameters: 0 0 0

#Transform 46
Transform: AffineTransform_float_3_3
Parameters: 0.99998 -0.00136513 -0.00620029 0.00133459 0.999987 -0.00494539 0.0062067 0.0049363 0.999968 0.121311 0.137148 -0.527355
FixedParameters: 0 0 0

#Transform 47
Transform: AffineTransform_float_3_3
Parameters: 0.999976 -0.00172318 -0.00677038 0.00168364 0.999982 -0.00576699 0.00678045 0.00575521 0.999961 0.140602 0.125679 -0.540573
FixedParameters: 0 0 0

#Transform 48
Transform: AffineTransform_float_3_3
Parameters: 0.999975 -0.00286511 -0.00650513 0.00283702 0.999986 -0.00429049 0.00651726 0.00427243 0.99997 0.203136 0.0989523 -0.458059
FixedParameters: 0 0 0

#Transform 49
Transform: AffineTransform_float_3_3
Parameters: 0.999981 -0.00180391 -0.00591095 0.00177282 0.999985 -0.00520559 0.00592089 0.00519545 0.999969 0.139221 0.103953 -0.497063
FixedParameters: 0 0 0

#Transform 50
Transform: AffineTransform_float_3_3
Parameters: 0.999976 -0.00127719 -0.00676397 0.0012319 0.999976 -0.00677942 0.00677253 0.00677129 0.999954 0.134567 0.158269 -0.634168
FixedParameters: 0 0 0

#Transform 51
Transform: AffineTransform_float_3_3
Parameters: 0.999979 -0.00140065 -0.00638729 0.00136245 0.999981 -0.00599913 0.00639557 0.00598975 0.999961 0.103159 0.158494 -0.561855
FixedParameters: 0 0 0

#Transform 52
Transform: AffineTransform_float_3_3
Parameters: 0.999979 -0.000714162 -0.00643235 0.000670639 0.999977 -0.00671802 0.00643725 0.00671307 0.999956 0.100304 0.118454 -0.477243
FixedParameters: 0 0 0

#Transform 53
Transform: AffineTransform_float_3_3
Parameters: 0.999984 -0.00112 -0.00556309 0.00110084 0.999993 -0.00355142 0.00556701 0.00354502 0.999978 0.0468861 0.0793295 -0.377423
FixedParameters: 0 0 0

#Transform 54
Transform: AffineTransform_float_3_3
Parameters: 0.999962 -0.0036748 -0.00782766 0.00363815 0.999982 -0.00470761 0.00784489 0.00467953 0.999958 0.220809 0.0829124 -0.555609
FixedParameters: 0 0 0

#Transform 55
Transform: AffineTransform_float_3_3
Parameters: 0.999922 -0.00434237 -0.0117046 0.00425178 0.999961 -0.00779051 0.0117382 0.00773973 0.999901 0.2402 0.172222 -0.83814
FixedParameters: 0 0 0

#Transform 56
Transform: AffineTransform_float_3_3
Parameters: 0.999946 -0.00183066 -0.0101736 0.00173937 0.999959 -0.00898505 0.0101891 0.00896708 0.999908 0.14942 0.170187 -0.955115
FixedParameters: 0 0 0

#Transform 57
Transform: AffineTransform_float_3_3
Parameters: 0.999961 0.0011962 -0.00881149 -0.00130543 0.999922 -0.012409 0.00879566 0.0124201 0.999884 0.0179261 0.229958 -1.0458
FixedParameters: 0 0 0

#Transform 58
Transform: AffineTransform_float_3_3
Parameters: 0.999958 0.00217442 -0.0088096 -0.00230133 0.999892 -0.0144807 0.00877639 0.0145007 0.999857 -0.00990414 0.275243 -1.18356
FixedParameters: 0 0 0

#Transform 59
Transform: AffineTransform_float_3_3
Parameters: 0.999961 0.00216716 -0.00855949 -0.00227876 0.999912 -0.0130755 0.00853081 0.0130941 0.999878 -0.00253723 0.163571 -1.03212
FixedParameters: 0 0 0

#Transform 60
Transform: AffineTransform_float_3_3
Parameters: 0.999959 0.00322405 -0.00842504 -0.00336634 0.999852 -0.0169051 0.00836963 0.0169331 0.999822 -0.0235617 0.32072 -1.1733
FixedParameters: 0 0 0

#Transform 61
Transform: AffineTransform_float_3_3
Parameters: 0.999949 0.00244961 -0.00985806 -0.00256506 0.999928 -0.011706 0.0098286 0.0117311 0.999883 0.0104024 0.177901 -1.0663
FixedParameters: 0 0 0

#Transform 62
Transform: AffineTransform_float_3_3
Parameters: 0.99995 0.00288214 -0.00961936 -0.00302433 0.999887 -0.0147424 0.00957571 0.014771 0.999845 0.00692073 0.35573 -1.10109
FixedParameters: 0 0 0

#Transform 63
Transform: AffineTransform_float_3_3
Parameters: 0.999925 -0.000478325 -0.0122063 0.000297494 0.99989 -0.0148373 0.0122118 0.014832 0.999816 0.13757 0.19438 -1.15318
FixedParameters: 0 0 0

#Transform 64
Transform: AffineTransform_float_3_3
Parameters: 0.999938 -0.000318596 -0.0112027 0.00016461 0.999906 -0.01378 0.0112062 0.0137775 0.999842 0.121651 0.224814 -1.05709
FixedParameters: 0 0 0

#Transform 65
Transform: AffineTransform_float_3_3
Parameters: 0.999953 0.00159577 -0.00955871 -0.00169633 0.999943 -0.0105341 0.00954083 0.0105505 0.999899 -0.0115937 0.206211 -0.953377
FixedParameters: 0 0 0

#Transform 66
Transform: AffineTransform_float_3_3
Parameters: 0.999949 0.00113455 -0.0101324 -0.00124863 0.999936 -0.0112662 0.0101189 0.0112777 0.999885 0.0257027 0.197539 -0.881337
FixedParameters: 0 0 0

#Transform 67
Transform: AffineTransform_float_3_3
Parameters: 0.999961 0.00188584 -0.00866869 -0.00198886 0.999928 -0.0119035 0.00864558 0.0119207 0.999891 -0.0144641 0.202053 -0.877333
FixedParameters: 0 0 0

#Transform 68
Transform: AffineTransform_float_3_3
Parameters: 0.999959 0.00151333 -0.00898983 -0.00164351 0.999894 -0.0144844 0.00896675 0.0144987 0.999855 0.0114807 0.21179 -1.13116
FixedParameters: 0 0 0

#Transform 69
Transform: AffineTransform_float_3_3
Parameters: 0.999973 0.00126469 -0.00721182 -0.00136437 0.999903 -0.0138078 0.00719407 0.0138172 0.999879 0.0425911 0.17426 -1.17365
FixedParameters: 0 0 0

#Transform 70
Transform: AffineTransform_float_3_3
Parameters: 0.999975 0.000557841 -0.00702773 -0.000620261 0.99996 -0.00889083 0.00702293 0.00889421 0.999936 0.0341976 0.2146 -0.912565
FixedParameters: 0 0 0

#Transform 71
Transform: AffineTransform_float_3_3
Parameters: 0.999968 0.00116882 -0.00792874 -0.00127336 0.999912 -0.0132072 0.00791286 0.0132175 0.999881 0.0309926 0.193968 -1.09724
FixedParameters: 0 0 0

#Transform 72
Transform: AffineTransform_float_3_3
Parameters: 0.999968 0.00173368 -0.00780805 -0.00185407 0.999878 -0.015472 0.00778065 0.0154866 0.99985 0.012958 0.228694 -1.19591
FixedParameters: 0 0 0

#Transform 73
Transform: AffineTransform_float_3_3
Parameters: 0.99997 0.00171035 -0.00754381 -0.0017713 0.999965 -0.00812476 0.00752934 0.00813765 0.999938 0.0396751 0.152238 -0.6224
FixedParameters: 0 0 0

#Transform 74
Transform: AffineTransform_float_3_3
Parameters: 0.999972 0.00086965 -0.00744443 -0.000948296 0.999943 -0.0106029 0.00743497 0.0106093 0.999916 0.0813207 0.217591 -0.906782
FixedParameters: 0 0 0

#Transform 75
Transform: AffineTransform_float_3_3
Parameters: 0.999963 0.00168221 -0.00836671 -0.00179697 0.999904 -0.013706 0.00834314 0.0137202 0.999871 0.0267269 0.214563 -0.987672
FixedParameters: 0 0 0

#Transform 76
Transform: AffineTransform_float_3_3
Parameters: 0.999958 0.00237648 -0.0087734 -0.0025133 0.999874 -0.0156691 0.00873482 0.0156906 0.999838 0.0249668 0.245017 -1.05352
FixedParameters: 0 0 0

#Transform 77
Transform: AffineTransform_float_3_3
Parameters: 0.99996 0.00229662 -0.00863378 -0.00241864 0.999896 -0.0142269 0.00859973 0.0142471 0.999861 -0.000694123 0.191119 -0.997118
FixedParameters: 0 0 0

#Transform 78
Transform: AffineTransform_float_3_3
Parameters: 0.999944 0.00243888 -0.0103662 -0.00257164 0.999915 -0.0127666 0.0103343 0.0127928 0.999865 0.0283171 0.215934 -0.967895
FixedParameters: 0 0 0

#Transform 79
Transform: AffineTransform_float_3_3
Parameters: 0.999941 0.00214007 -0.0106661 -0.00229028 0.999898 -0.0141035 0.0106356 0.0141263 0.999844 0.018708 0.166571 -1.09214
FixedParameters: 0 0 0

#Transform 80
Transform: AffineTransform_float_3_3
Parameters: 0.999938 0.00244339 -0.0109272 -0.00262243 0.999861 -0.0164822 0.010886 0.0165101 0.999805 0.0110595 0.17452 -1.25035
FixedParameters: 0 0 0

#Transform 81
Transform: AffineTransform_float_3_3
Parameters: 0.999936 0.0028517 -0.0109404 -0.00302306 0.999872 -0.0156992 0.0108938 0.0157305 0.999817 0.00186662 0.221198 -1.15167
FixedParameters: 0 0 0

#Transform 82
Transform: AffineTransform_float_3_3
Parameters: 0.999945 0.0020717 -0.0102507 -0.00221913 0.999893 -0.0144207 0.0102204 0.0144427 0.999843 0.00768455 0.194433 -1.03149
FixedParameters: 0 0 0

#Transform 83
Transform: AffineTransform_float_3_3
Parameters: 0.999936 0.00301251 -0.0109072 -0.00319222 0.99986 -0.0164463 0.0108561 0.0164798 0.999805 -0.00923706 0.232702 -1.19379
FixedParameters: 0 0 0

#Transform 84
Transform: AffineTransform_float_3_3
Parameters: 0.999936 0.00281133 -0.0109645 -0.00297572 0.999881 -0.0150695 0.0109208 0.0151012 0.999827 0.00788074 0.153261 -1.08808
FixedParameters: 0 0 0

#Transform 85
Transform: AffineTransform_float_3_3
Parameters: 0.999941 0.00275201 -0.0105066 -0.00288276 0.999918 -0.0124357 0.0104711 0.012465 0.999868 0.0126013 0.149539 -0.850847
FixedParameters: 0 0 0

#Transform 86
Transform: AffineTransform_float_3_3
Parameters: 0.999937 0.00267225 -0.0108646 -0.00280883 0.999917 -0.0125739 0.0108299 0.0126037 0.999862 0.00728101 0.159312 -0.939268
FixedParameters: 0 0 0

#Transform 87
Transform: AffineTransform_float_3_3
Parameters: 0.999912 0.00304716 -0.012876 -0.00326053 0.999856 -0.0166218 0.0128233 0.0166628 0.999778 -0.000479771 0.200202 -1.29897
FixedParameters: 0 0 0

#Transform 88
Transform: AffineTransform_float_3_3
Parameters: 0.999916 0.00320806 -0.012553 -0.00341151 0.999863 -0.0162273 0.0124997 0.0162685 0.99979 0.00801884 0.205745 -1.24809
FixedParameters: 0 0 0

#Transform 89
Transform: AffineTransform_float_3_3
Parameters: 0.999918 0.0032167 -0.0124297 -0.00342055 0.999861 -0.0163544 0.012375 0.0163953 0.999789 -0.00575797 0.175598 -1.24581
FixedParameters: 0 0 0

#Transform 90
Transform: AffineTransform_float_3_3
Parameters: 0.999918 0.00302472 -0.012459 -0.00321636 0.999877 -0.0153911 0.0124109 0.0154305 0.999804 -0.00425125 0.191162 -1.17025
FixedParameters: 0 0 0

#Transform 91
Transform: AffineTransform_float_3_3
Parameters: 0.999917 0.0028806 -0.0125233 -0.00307856 0.999869 -0.0158336 0.0124765 0.0158709 0.999796 0.00956025 0.203618 -1.16199
FixedParameters: 0 0 0

#Transform 92
Transform: AffineTransform_float_3_3
Parameters: 0.999921 0.00340613 -0.0121068 -0.00360051 0.999863 -0.0161289 0.0120498 0.0161709 0.999797 0.00473627 0.193365 -1.14411
FixedParameters: 0 0 0

#Transform 93
Transform: AffineTransform_float_3_3
Parameters: 0.999924 0.0029903 -0.0119885 -0.00317963 0.99987 -0.0157672 0.0119403 0.0158049 0.999804 -0.00611782 0.198209 -1.15056
FixedParameters: 0 0 0

#Transform 94
Transform: AffineTransform_float_3_3
Parameters: 0.999922 0.00321325 -0.0121064 -0.00340939 0.999863 -0.0161767 0.0120525 0.0162168 0.999796 0.00634559 0.198664 -1.17079
FixedParameters: 0 0 0

#Transform 95
Transform: AffineTransform_float_3_3
Parameters: 0.999923 0.00316339 -0.0119444 -0.0033544 0.999866 -0.016036 0.0118919 0.0160739 0.9998 -0.00535766 0.222451 -1.15506
FixedParameters: 0 0 0

#Transform 96
Transform: AffineTransform_float_3_3
Parameters: 0.999908 0.00352424 -0.013118 -0.0037355 0.999863 -0.0161076 0.0130598 0.0161551 0.999784 -0.00044271 0.183662 -1.16782
FixedParameters: 0 0 0

#Transform 97
Transform: AffineTransform_float_3_3
Parameters: 0.999918 0.00329577 -0.0124229 -0.00349219 0.999868 -0.01587 0.0123688 0.0159113 0.999797 -0.0104331 0.18901 -1.17069
FixedParameters: 0 0 0

#Transform 98
Transform: AffineTransform_float_3_3
Parameters: 0.999917 0.00312649 -0.0124658 -0.00331847 0.999875 -0.0154511 0.0124161 0.0154914 0.999803 -0.00364856 0.219925 -1.1501
FixedParameters: 0 0 0

#Transform 99
Transform: AffineTransform_float_3_3
Parameters: 0.999912 0.0031575 -0.0128879 -0.00336595 0.999864 -0.0161517 0.0128354 0.0161939 0.999787 0.000776514 0.182639 -1.16795
FixedParameters: 0 0 0

#Transform 100
Transform: AffineTransform_float_3_3
Parameters: 0.999923 0.00291049 -0.0120396 -0.00310149 0.999868 -0.0159288 0.0119924 0.0159651 0.999801 0.00341106 0.218158 -1.08641
FixedParameters: 0 0 0

#Transform 101
Transform: AffineTransform_float_3_3
Parameters: 0.999919 0.00317016 -0.0123122 -0.00336756 0.999866 -0.0159883 0.0122591 0.016029 0.999796 0.0183757 0.219714 -1.07656
FixedParameters: 0 0 0

#Transform 102
Transform: AffineTransform_float_3_3
Parameters: 0.99992 0.00298541 -0.0122997 -0.00318487 0.999864 -0.01619 0.0122491 0.0162286 0.999793 2.14202e-05 0.245085 -1.17707
FixedParameters: 0 0 0

#Transform 103
Transform: AffineTransform_float_3_3
Parameters: 0.999853 0.00134279 -0.0171029 -0.00159632 0.999889 -0.0147843 0.0170812 0.0148095 0.999744 0.0206141 0.180566 -1.45493
FixedParameters: 0 0 0

#Transform 104
Transform: AffineTransform_float_3_3
Parameters: 0.999866 0.00118786 -0.0162952 -0.00143733 0.999881 -0.0153264 0.0162749 0.0153478 0.99975 -0.0109705 0.214349 -1.49768
FixedParameters: 0 0 0

#Transform 105
Transform: AffineTransform_float_3_3
Parameters: 0.999864 0.00178579 -0.0163613 -0.00205591 0.999862 -0.0165072 0.0163298 0.0165387 0.99973 -0.0281923 0.178741 -1.57451
FixedParameters: 0 0 0

#Transform 106
Transform: AffineTransform_float_3_3
Parameters: 0.999841 0.00134927 -0.0177879 -0.00163924 0.999866 -0.0162689 0.017763 0.0162958 0.999709 -0.0111709 0.193669 -1.61565
FixedParameters: 0 0 0

#Transform 107
Transform: AffineTransform_float_3_3
Parameters: 0.999819 0.00231194 -0.0188687 -0.00264435 0.999842 -0.0176054 0.0188244 0.0176523 0.999667 -0.0336675 0.27611 -1.6659
FixedParameters: 0 0 0

#Transform 108
Transform: AffineTransform_float_3_3
Parameters: 0.99977 -0.000201582 -0.0214649 -0.000127128 0.999883 -0.0152767 0.0214657 0.0152757 0.999653 0.0708801 0.164632 -1.56753
FixedParameters: 0 0 0

#Transform 109
Transform: AffineTransform_float_3_3
Parameters: 0.999776 0.000149018 -0.0211474 -0.00044766 0.999901 -0.0140986 0.0211441 0.0141048 0.999677 0.0887953 0.217466 -1.33113
FixedParameters: 0 0 0

#Transform 110
Transform: AffineTransform_float_3_3
Parameters: 0.999782 0.000127465 -0.0209144 -0.000300423 0.999966 -0.00827055 0.0209127 0.00827477 0.999747 0.0289303 0.0509463 -0.974022
FixedParameters: 0 0 0

#Transform 111
Transform: AffineTransform_float_3_3
Parameters: 0.999774 -0.000495151 -0.0212457 0.00025145 0.999934 -0.0114677 0.0212495 0.0114599 0.999708 0.0723636 0.110549 -0.782982
FixedParameters: 0 0 0

#Transform 112
Transform: AffineTransform_float_3_3
Parameters: 0.999742 -0.000457039 -0.0227113 0.000223842 0.999947 -0.0102698 0.0227156 0.0102623 0.999689 0.0847353 0.14972 -0.850818
FixedParameters: 0 0 0

#Transform 113
Transform: AffineTransform_float_3_3
Parameters: 0.999663 -0.000362231 -0.0259417 -0.000117542 0.999829 -0.018495 0.0259436 0.0184919 0.999493 0.0449758 0.286435 -1.82627
FixedParameters: 0 0 0

#Transform 114
Transform: AffineTransform_float_3_3
Parameters: 0.99968 -6.65513e-05 -0.0252999 -0.000427334 0.999809 -0.0195165 0.0252967 0.0195207 0.99949 0.0237394 0.401018 -1.91612
FixedParameters: 0 0 0

#Transform 115
Transform: AffineTransform_float_3_3
Parameters: 0.999698 0.000616237 -0.0245668 -0.00106719 0.99983 -0.0183665 0.0245511 0.018387 0.99953 0.0200329 0.224451 -1.86797
FixedParameters: 0 0 0

#Transform 116
Transform: AffineTransform_float_3_3
Parameters: 0.999659 7.58743e-05 -0.0261033 -0.000415013 0.999916 -0.0129994 0.0260999 0.0130063 0.999575 0.0444704 0.187034 -1.58512
FixedParameters: 0 0 0

#Transform 117
Transform: AffineTransform_float_3_3
Parameters: 0.99965 4.71101e-05 -0.0264473 -0.000343296 0.999937 -0.0112012 0.0264456 0.0112064 0.999588 0.0658738 0.160331 -1.46247
FixedParameters: 0 0 0

#Transform 118
Transform: AffineTransform_float_3_3
Parameters: 0.999661 0.00110877 -0.0260142 -0.00157022 0.999841 -0.0177351 0.0259903 0.0177697 0.999504 0.0160332 0.345877 -1.97163
FixedParameters: 0 0 0

#Transform 119
Transform: AffineTransform_float_3_3
Parameters: 0.99962 0.000727673 -0.0275697 -0.00117742 0.999866 -0.0162951 0.0275534 0.016321 0.999487 0.00241534 0.237759 -2.00214
FixedParameters: 0 0 0

#Transform 120
Transform: AffineTransform_float_3_3
Parameters: 0.999635 0.00114845 -0.0269966 -0.00161844 0.999848 -0.0173995 0.0269728 0.0174365 0.999484 0.00218441 0.260632 -1.95191
FixedParameters: 0 0 0

#Transform 121
Transform: AffineTransform_float_3_3
Parameters: 0.999613 0.000824179 -0.0277725 -0.00127524 0.999867 -0.0162457 0.0277554 0.0162745 0.999482 0.0187541 0.234706 -1.7837
FixedParameters: 0 0 0

#Transform 122
Transform: AffineTransform_float_3_3
Parameters: 0.999205 -0.00578416 -0.0394454 0.00727109 0.999264 0.0376644 0.039198 -0.0379218 0.998512 -0.0051347 0.144333 -1.49463
FixedParameters: 0 0 0

#Transform 123
Transform: AffineTransform_float_3_3
Parameters: 0.999188 -0.0047667 -0.0400202 0.00539526 0.999864 0.0156067 0.0399401 -0.0158095 0.999077 0.0611613 0.33401 -1.74829
FixedParameters: 0 0 0

#Transform 124
Transform: AffineTransform_float_3_3
Parameters: 0.999186 -0.00134454 -0.0403193 0.00154002 0.999987 0.00482545 0.0403116 -0.00488348 0.999175 -0.0110692 0.366376 -1.87761
FixedParameters: 0 0 0

#Transform 125
Transform: AffineTransform_float_3_3
Parameters: 0.999183 -0.0021675 -0.0403542 0.00226991 0.999994 0.00250272 0.0403484 -0.00259299 0.999182 -0.00569743 0.309037 -2.08155
FixedParameters: 0 0 0

#Transform 126
Transform: AffineTransform_float_3_3
Parameters: 0.999187 -0.00250976 -0.0402375 0.00251449 0.999996 8.2284e-05 0.0402366 -0.000183992 0.99919 -0.0282069 0.309911 -2.08577
FixedParameters: 0 0 0

#Transform 127
Transform: AffineTransform_float_3_3
Parameters: 0.999217 -0.00138273 -0.0395542 0.00120835 0.999989 -0.00442428 0.0395597 0.00437336 0.999207 -0.0220473 0.354618 -2.20768
FixedParameters: 0 0 0

#Transform 128
Transform: AffineTransform_float_3_3
Parameters: 0.99924 -0.000386913 -0.0389645 5.49932e-05 0.999964 -0.00849947 0.0389658 0.0084903 0.999204 -0.0333155 0.377081 -2.20101
FixedParameters: 0 0 0

#Transform 129
Transform: AffineTransform_float_3_3
Parameters: 0.999262 -0.000643937 -0.0383976 0.000339766 0.999969 -0.00791837 0.0384007 0.00790032 0.999231 -0.0561151 0.302621 -2.26029
FixedParameters: 0 0 0

#Transform 130
Transform: AffineTransform_float_3_3
Parameters: 0.999271 -0.000194842 -0.0381784 -0.000166721 0.999955 -0.00945048 0.038178 0.00945057 0.999226 -0.100939 0.342453 -2.48137
FixedParameters: 0 0 0

#Transform 131
Transform: AffineTransform_float_3_3
Parameters: 0.999294 -0.00065014 -0.0375693 0.000364404 0.999971 -0.00759742 0.0375741 0.00757857 0.999265 -0.0693473 0.404571 -2.49473
FixedParameters: 0 0 0

#Transform 132
Transform: AffineTransform_float_3_3
Parameters: 0.999207 -0.00218218 -0.0397434 0.00183208 0.999959 -0.00886096 0.039761 0.00878194 0.999171 -0.031815 0.469173 -2.44072
FixedParameters: 0 0 0

#Transform 133
Transform: AffineTransform_float_3_3
Parameters: 0.999139 -0.00274249 -0.0414098 0.00265786 0.999994 -0.00209922 0.0414151 0.00198771 0.99914 0.0259145 0.214528 -2.03921
FixedParameters: 0 0 0

#Transform 134
Transform: AffineTransform_float_3_3
Parameters: 0.999118 -0.00095861 -0.0419685 0.000821755 0.999994 -0.00327888 0.041972 0.00324171 0.999114 -0.0343623 0.332438 -2.20984
FixedParameters: 0 0 0

#Transform 135
Transform: AffineTransform_float_3_3
Parameters: 0.999149 -0.00096029 -0.0412391 0.000750993 0.999987 -0.00510403 0.0412432 0.00506876 0.999136 -0.0536714 0.35632 -2.33029
FixedParameters: 0 0 0

#Transform 136
Transform: AffineTransform_float_3_3
Parameters: 0.999173 -0.000950346 -0.040654 0.000628603 0.999969 -0.00791667 0.0406604 0.00788464 0.999141 -0.0462863 0.296559 -2.3347
FixedParameters: 0 0 0

#Transform 137
Transform: AffineTransform_float_3_3
Parameters: 0.999169 -0.00117081 -0.040741 0.000997873 0.99999 -0.00425903 0.0407459 0.00421538 0.99916 -0.0309801 0.223613 -2.09711
FixedParameters: 0 0 0

#Transform 138
Transform: AffineTransform_float_3_3
Parameters: 0.999148 -0.000888823 -0.0412443 0.000655583 0.999984 -0.00567636 0.0412483 0.00564483 0.999132 -0.0398562 0.306102 -2.15057
FixedParameters: 0 0 0

#Transform 139
Transform: AffineTransform_float_3_3
Parameters: 0.999173 2.2399e-05 -0.0406382 -0.000336084 0.99997 -0.00771712 0.0406369 0.00772534 0.999144 -0.0652377 0.328965 -2.3144
FixedParameters: 0 0 0

#Transform 140
Transform: AffineTransform_float_3_3
Parameters: 0.999193 -0.000904006 -0.0401696 0.000658713 0.999981 -0.00613099 0.0401741 0.00609947 0.999174 -0.0518634 0.27938 -2.21742
FixedParameters: 0 0 0

#Transform 141
Transform: AffineTransform_float_3_3
Parameters: 0.999176 -0.00017786 -0.0405874 0.00011063 0.999999 -0.00167348 0.0405875 0.00166798 0.999174 -0.15167 0.213929 -2.72324
FixedParameters: 0 0 0

#Transform 142
Transform: AffineTransform_float_3_3
Parameters: 0.998933 -0.000961431 -0.0461769 0.000614584 0.999972 -0.00752525 0.0461833 0.00748858 0.998905 -0.195158 0.292136 -3.20789
FixedParameters: 0 0 0

#Transform 143
Transform: AffineTransform_float_3_3
Parameters: 0.9989 -0.00016271 -0.0468884 -0.000437134 0.999918 -0.0127903 0.0468873 0.0127976 0.998818 -0.129562 0.308014 -3.00075
FixedParameters: 0 0 0

#Transform 144
Transform: AffineTransform_float_3_3
Parameters: 0.998928 -0.00236079 -0.046227 0.00208077 0.999979 -0.0061253 0.0462407 0.00602274 0.998912 -0.131351 0.258281 -2.88375
FixedParameters: 0 0 0

#Transform 145
Transform: AffineTransform_float_3_3
Parameters: 0.998895 -0.000914689 -0.0469742 0.000433499 0.999947 -0.0102523 0.0469806 0.0102214 0.998843 -0.169741 0.373577 -3.05327
FixedParameters: 0 0 0

#Transform 146
Transform: AffineTransform_float_3_3
Parameters: 0.998975 -0.000851063 -0.0452692 0.000440635 0.999959 -0.00908468 0.0452749 0.00905518 0.998934 -0.159134 0.321923 -2.76295
FixedParameters: 0 0 0

#Transform 147
Transform: AffineTransform_float_3_3
Parameters: 0.999016 -0.000117516 -0.0443339 -0.000417993 0.999927 -0.0120698 0.0443321 0.0120764 0.998944 -0.14586 0.355365 -2.78317
FixedParameters: 0 0 0

#Transform 148
Transform: AffineTransform_float_3_3
Parameters: 0.999021 -0.000559014 -0.0442362 2.5251e-05 0.999927 -0.0120657 0.0442395 0.012053 0.998948 -0.143673 0.358253 -2.71714
FixedParameters: 0 0 0

#Transform 149
Transform: AffineTransform_float_3_3
Parameters: 0.99906 -1.68473e-05 -0.0433611 -0.000545654 0.999915 -0.0129681 0.0433578 0.0129788 0.998975 -0.169819 0.413043 -2.92535
FixedParameters: 0 0 0
