# transform file /out/sourcedata/freesurfer/sub-v1s17x0050252_ses-1/mri/transforms/cc_up.lta
# created by oesteban on Mon Mar  9 03:39:10 2026

type      = 0 # LINEAR_VOX_TO_VOX
nxforms   = 1
mean      = 130.0000 102.0000 112.0000
sigma     = 10000.0000
1 4 4
9.993017911911011e-01 7.434832863509655e-03 3.661735728383064e-02 -6.744744300842285e+00 
-7.429846562445164e-03 9.999724626541138e-01 -2.722514327615499e-04 4.499951171875000e+01 
-3.661836683750153e-02 -2.910383392618066e-11 9.993293881416321e-01 1.783752059936523e+01 
0.000000000000000e+00 0.000000000000000e+00 0.000000000000000e+00 1.000000000000000e+00 
src volume info
valid = 1  # volume info valid
filename = /out/sourcedata/freesurfer/sub-v1s17x0050252_ses-1/mri/norm.mgz
volume = 256 256 256
voxelsize = 1.000000000000000e+00 1.000000000000000e+00 1.000000000000000e+00
xras   = -1.000000000000000e+00 3.674358595162630e-10 0.000000000000000e+00
yras   = 0.000000000000000e+00 0.000000000000000e+00 -9.999999403953552e-01
zras   = -4.092726157978177e-09 9.999999403953552e-01 0.000000000000000e+00
cras   = 1.069129943847656e+00 -5.752639770507812e-01 -1.678413391113281e+01
dst volume info
valid = 1  # volume info valid
filename = /out/sourcedata/freesurfer/sub-v1s17x0050252_ses-1/mri/norm.mgz
volume = 256 256 256
voxelsize = 1.000000000000000e+00 1.000000000000000e+00 1.000000000000000e+00
xras   = -1.000000000000000e+00 3.674358595162630e-10 0.000000000000000e+00
yras   = 0.000000000000000e+00 0.000000000000000e+00 -9.999999403953552e-01
zras   = -4.092726157978177e-09 9.999999403953552e-01 0.000000000000000e+00
cras   = 1.069129943847656e+00 -5.752639770507812e-01 -1.678413391113281e+01
