# transform file transforms/talairach.lta
# created by oesteban on Mon Mar  9 02:17:36 2026

type      = 0 # LINEAR_VOX_TO_VOX
nxforms   = 1
mean      = 130.0000 103.0000 113.0000
sigma     = 10000.0000
1 4 4
1.056934356689453e+00 3.937651589512825e-02 4.814250394701958e-02 -1.786425590515137e+01 
-2.338771708309650e-02 1.133794903755188e+00 -1.126644238829613e-01 2.310683250427246e+01 
-5.220163613557816e-02 9.242608398199081e-02 9.550458192825317e-01 -7.599467039108276e-01 
0.000000000000000e+00 0.000000000000000e+00 0.000000000000000e+00 1.000000000000000e+00 
src volume info
valid = 1  # volume info valid
filename = nu.mgz
volume = 256 256 256
voxelsize = 1.000000000000000e+00 1.000000000000000e+00 1.000000000000000e+00
xras   = -1.000000000000000e+00 3.674358595162630e-10 0.000000000000000e+00
yras   = 0.000000000000000e+00 0.000000000000000e+00 -9.999999403953552e-01
zras   = -4.092726157978177e-09 9.999999403953552e-01 0.000000000000000e+00
cras   = 1.069129943847656e+00 -5.752639770507812e-01 -1.678413391113281e+01
dst volume info
valid = 1  # volume info valid
filename = /opt/freesurfer/average/RB_all_2020-01-02.gca
volume = 256 256 256
voxelsize = 1.000000000000000e+00 1.000000000000000e+00 1.000000000000000e+00
xras   = -1.000000000000000e+00 0.000000000000000e+00 0.000000000000000e+00
yras   = 0.000000000000000e+00 0.000000000000000e+00 -1.000000000000000e+00
zras   = 0.000000000000000e+00 1.000000000000000e+00 0.000000000000000e+00
cras   = 0.000000000000000e+00 0.000000000000000e+00 0.000000000000000e+00
