# transform file /out/sourcedata/freesurfer/sub-v1s17x0050247_ses-1/mri/transforms/cc_up.lta
# created by oesteban on Mon Mar  9 03:22:42 2026

type      = 0 # LINEAR_VOX_TO_VOX
nxforms   = 1
mean      = 127.0000 107.0000 108.0000
sigma     = 10000.0000
1 4 4
9.995140433311462e-01 -7.533239200711250e-03 3.024805895984173e-02 -4.514049291610718e-01 
7.529791910201311e-03 9.999716877937317e-01 2.278723259223625e-04 3.902228546142578e+01 
-3.024891763925552e-02 0.000000000000000e+00 9.995424151420593e-01 2.688966178894043e+01 
0.000000000000000e+00 0.000000000000000e+00 0.000000000000000e+00 1.000000000000000e+00 
src volume info
valid = 1  # volume info valid
filename = /out/sourcedata/freesurfer/sub-v1s17x0050247_ses-1/mri/norm.mgz
volume = 256 256 256
voxelsize = 1.000000000000000e+00 1.000000000000000e+00 1.000000000000000e+00
xras   = -1.000000000000000e+00 -6.693881005048752e-10 0.000000000000000e+00
yras   = -1.862645149230957e-09 9.313225746154785e-10 -1.000000000000000e+00
zras   = 2.037268131971359e-10 1.000000000000000e+00 -9.313225746154785e-10
cras   = -1.563415527343750e+00 5.763458251953125e+00 -1.677848815917969e+01
dst volume info
valid = 1  # volume info valid
filename = /out/sourcedata/freesurfer/sub-v1s17x0050247_ses-1/mri/norm.mgz
volume = 256 256 256
voxelsize = 1.000000000000000e+00 1.000000000000000e+00 1.000000000000000e+00
xras   = -1.000000000000000e+00 -6.693881005048752e-10 0.000000000000000e+00
yras   = -1.862645149230957e-09 9.313225746154785e-10 -1.000000000000000e+00
zras   = 2.037268131971359e-10 1.000000000000000e+00 -9.313225746154785e-10
cras   = -1.563415527343750e+00 5.763458251953125e+00 -1.677848815917969e+01
