# transform file transforms/talairach.lta
# created by oesteban on Mon Mar  9 02:01:30 2026

type      = 0 # LINEAR_VOX_TO_VOX
nxforms   = 1
mean      = 127.0000 106.0000 108.0000
sigma     = 10000.0000
1 4 4
1.013673663139343e+00 -1.053822878748178e-02 6.960503011941910e-02 -9.357371330261230e+00 
-1.305334619246423e-03 1.158890008926392e+00 1.494180113077164e-01 -1.539178371429443e+01 
-8.004993200302124e-02 -1.719197034835815e-01 1.007378339767456e+00 3.118586349487305e+01 
0.000000000000000e+00 0.000000000000000e+00 0.000000000000000e+00 1.000000000000000e+00 
src volume info
valid = 1  # volume info valid
filename = nu.mgz
volume = 256 256 256
voxelsize = 1.000000000000000e+00 1.000000000000000e+00 1.000000000000000e+00
xras   = -1.000000000000000e+00 -6.693881005048752e-10 0.000000000000000e+00
yras   = -1.862645149230957e-09 9.313225746154785e-10 -1.000000000000000e+00
zras   = 2.037268131971359e-10 1.000000000000000e+00 -9.313225746154785e-10
cras   = -1.563415527343750e+00 5.763458251953125e+00 -1.677848815917969e+01
dst volume info
valid = 1  # volume info valid
filename = /opt/freesurfer/average/RB_all_2020-01-02.gca
volume = 256 256 256
voxelsize = 1.000000000000000e+00 1.000000000000000e+00 1.000000000000000e+00
xras   = -1.000000000000000e+00 0.000000000000000e+00 0.000000000000000e+00
yras   = 0.000000000000000e+00 0.000000000000000e+00 -1.000000000000000e+00
zras   = 0.000000000000000e+00 1.000000000000000e+00 0.000000000000000e+00
cras   = 0.000000000000000e+00 0.000000000000000e+00 0.000000000000000e+00
