type      = 1 # LINEAR_RAS_TO_RAS
nxforms   = 1
mean      = 0.0000 0.0000 0.0000
sigma     = 1.0000
1 4 4
1.112517952919006e+00 -2.688799984753132e-02 -6.455999799072742e-03 3.489989936351776e-01 
4.253000020980835e-02 1.128764986991882e+00 1.765660047531128e-01 2.305600047111511e-02 
1.180399954319000e-02 -2.506929934024811e-01 1.167320966720581e+00 -6.579315185546875e+00 
0.000000000000000e+00 0.000000000000000e+00 0.000000000000000e+00 1.000000000000000e+00 
src volume info
valid = 1  # volume info valid
filename = /out/sourcedata/freesurfer/sub-v1s17x0050247_ses-1/mri/orig_nu.mgz
volume = 256 256 256
voxelsize = 1.000000000000000e+00 1.000000000000000e+00 1.000000000000000e+00
xras   = -1.000000000000000e+00 -6.693881005048752e-10 0.000000000000000e+00
yras   = -1.862645149230957e-09 9.313225746154785e-10 -1.000000000000000e+00
zras   = 2.037268131971359e-10 1.000000000000000e+00 -9.313225746154785e-10
cras   = -1.563415527343750e+00 5.763458251953125e+00 -1.677848815917969e+01
dst volume info
valid = 1  # volume info valid
filename = /opt/freesurfer/average/mni305.cor.mgz
volume = 256 256 256
voxelsize = 1.000000000000000e+00 1.000000000000000e+00 1.000000000000000e+00
xras   = -1.000000000000000e+00 0.000000000000000e+00 0.000000000000000e+00
yras   = 0.000000000000000e+00 0.000000000000000e+00 -1.000000000000000e+00
zras   = 0.000000000000000e+00 1.000000000000000e+00 0.000000000000000e+00
cras   = 0.000000000000000e+00 0.000000000000000e+00 0.000000000000000e+00
subject fsaverage
fscale 0.100000
