# transform file /out/sourcedata/freesurfer/sub-v1s17x0050263_ses-1/mri/transforms/cc_up.lta
# created by oesteban on Mon Mar  9 03:45:32 2026

type      = 0 # LINEAR_VOX_TO_VOX
nxforms   = 1
mean      = 129.0000 111.0000 119.0000
sigma     = 10000.0000
1 4 4
9.976676106452942e-01 6.769946962594986e-02 8.722768165171146e-03 -9.435721397399902e+00 
-6.769687682390213e-02 9.977056980133057e-01 -5.918845999985933e-04 4.711877059936523e+01 
-8.742826059460640e-03 -5.820766091346741e-11 9.999617934226990e-01 1.814674568176270e+01 
0.000000000000000e+00 0.000000000000000e+00 0.000000000000000e+00 1.000000000000000e+00 
src volume info
valid = 1  # volume info valid
filename = /out/sourcedata/freesurfer/sub-v1s17x0050263_ses-1/mri/norm.mgz
volume = 256 256 256
voxelsize = 1.000000000000000e+00 1.000000000000000e+00 1.000000000000000e+00
xras   = -1.000000000000000e+00 0.000000000000000e+00 0.000000000000000e+00
yras   = -7.450580596923828e-09 0.000000000000000e+00 -1.000000119209290e+00
zras   = 1.746229827404022e-09 1.000000119209290e+00 9.313225746154785e-10
cras   = 1.589401245117188e+00 -7.646858215332031e+00 -1.669050598144531e+01
dst volume info
valid = 1  # volume info valid
filename = /out/sourcedata/freesurfer/sub-v1s17x0050263_ses-1/mri/norm.mgz
volume = 256 256 256
voxelsize = 1.000000000000000e+00 1.000000000000000e+00 1.000000000000000e+00
xras   = -1.000000000000000e+00 0.000000000000000e+00 0.000000000000000e+00
yras   = -7.450580596923828e-09 0.000000000000000e+00 -1.000000119209290e+00
zras   = 1.746229827404022e-09 1.000000119209290e+00 9.313225746154785e-10
cras   = 1.589401245117188e+00 -7.646858215332031e+00 -1.669050598144531e+01
