type      = 1 # LINEAR_RAS_TO_RAS
nxforms   = 1
mean      = 0.0000 0.0000 0.0000
sigma     = 1.0000
1 4 4
1.067967057228088e+00 -1.479300018399954e-02 4.952400177717209e-02 -1.016199961304665e-02 
-1.665800064802170e-02 9.834150075912476e-01 3.285799920558929e-01 -1.520171999931335e+00 
-7.705099880695343e-02 -3.057030141353607e-01 9.937840104103088e-01 -4.599442005157471e+00 
0.000000000000000e+00 0.000000000000000e+00 0.000000000000000e+00 1.000000000000000e+00 
src volume info
valid = 1  # volume info valid
filename = /out/sourcedata/freesurfer/sub-v1s17x0050263_ses-1/mri/orig_nu.mgz
volume = 256 256 256
voxelsize = 1.000000000000000e+00 1.000000000000000e+00 1.000000000000000e+00
xras   = -1.000000000000000e+00 0.000000000000000e+00 0.000000000000000e+00
yras   = -7.450580596923828e-09 0.000000000000000e+00 -1.000000119209290e+00
zras   = 1.746229827404022e-09 1.000000119209290e+00 9.313225746154785e-10
cras   = 1.589401245117188e+00 -7.646858215332031e+00 -1.669050598144531e+01
dst volume info
valid = 1  # volume info valid
filename = /opt/freesurfer/average/mni305.cor.mgz
volume = 256 256 256
voxelsize = 1.000000000000000e+00 1.000000000000000e+00 1.000000000000000e+00
xras   = -1.000000000000000e+00 0.000000000000000e+00 0.000000000000000e+00
yras   = 0.000000000000000e+00 0.000000000000000e+00 -1.000000000000000e+00
zras   = 0.000000000000000e+00 1.000000000000000e+00 0.000000000000000e+00
cras   = 0.000000000000000e+00 0.000000000000000e+00 0.000000000000000e+00
subject fsaverage
fscale 0.100000
