# transform file transforms/talairach.lta
# created by oesteban on Mon Mar  9 02:47:13 2026

type      = 0 # LINEAR_VOX_TO_VOX
nxforms   = 1
mean      = 129.0000 112.0000 119.0000
sigma     = 10000.0000
1 4 4
9.950228333473206e-01 2.439207956194878e-02 9.326139464974403e-03 -7.209504604339600e+00 
-2.453202940523624e-02 1.023324966430664e+00 3.414328694343567e-01 -2.420788955688477e+01 
-1.259185373783112e-03 -2.710811495780945e-01 8.843867778778076e-01 3.787673187255859e+01 
0.000000000000000e+00 0.000000000000000e+00 0.000000000000000e+00 1.000000000000000e+00 
src volume info
valid = 1  # volume info valid
filename = nu.mgz
volume = 256 256 256
voxelsize = 1.000000000000000e+00 1.000000000000000e+00 1.000000000000000e+00
xras   = -1.000000000000000e+00 0.000000000000000e+00 0.000000000000000e+00
yras   = -7.450580596923828e-09 0.000000000000000e+00 -1.000000119209290e+00
zras   = 1.746229827404022e-09 1.000000119209290e+00 9.313225746154785e-10
cras   = 1.589401245117188e+00 -7.646858215332031e+00 -1.669050598144531e+01
dst volume info
valid = 1  # volume info valid
filename = /opt/freesurfer/average/RB_all_2020-01-02.gca
volume = 256 256 256
voxelsize = 1.000000000000000e+00 1.000000000000000e+00 1.000000000000000e+00
xras   = -1.000000000000000e+00 0.000000000000000e+00 0.000000000000000e+00
yras   = 0.000000000000000e+00 0.000000000000000e+00 -1.000000000000000e+00
zras   = 0.000000000000000e+00 1.000000000000000e+00 0.000000000000000e+00
cras   = 0.000000000000000e+00 0.000000000000000e+00 0.000000000000000e+00
