# transform file /out/sourcedata/freesurfer/sub-v1s17x0050249_ses-1/mri/transforms/cc_up.lta
# created by oesteban on Mon Mar  9 03:14:49 2026

type      = 0 # LINEAR_VOX_TO_VOX
nxforms   = 1
mean      = 129.0000 114.0000 108.0000
sigma     = 10000.0000
1 4 4
9.998096823692322e-01 1.872597821056843e-02 -5.473583005368710e-03 -2.604671955108643e+00 
-1.872569695115089e-02 9.998247027397156e-01 1.025161691359244e-04 3.742982101440430e+01 
5.474543198943138e-03 0.000000000000000e+00 9.999850392341614e-01 2.129281044006348e+01 
0.000000000000000e+00 0.000000000000000e+00 0.000000000000000e+00 1.000000000000000e+00 
src volume info
valid = 1  # volume info valid
filename = /out/sourcedata/freesurfer/sub-v1s17x0050249_ses-1/mri/norm.mgz
volume = 256 256 256
voxelsize = 1.000000000000000e+00 1.000000000000000e+00 1.000000000000000e+00
xras   = -1.000000119209290e+00 2.590240910649300e-09 0.000000000000000e+00
yras   = -3.725290298461914e-09 0.000000000000000e+00 -1.000000000000000e+00
zras   = -2.677552402019501e-09 1.000000000000000e+00 0.000000000000000e+00
cras   = 9.991989135742188e-01 -6.113052368164062e-01 -9.621093750000000e+00
dst volume info
valid = 1  # volume info valid
filename = /out/sourcedata/freesurfer/sub-v1s17x0050249_ses-1/mri/norm.mgz
volume = 256 256 256
voxelsize = 1.000000000000000e+00 1.000000000000000e+00 1.000000000000000e+00
xras   = -1.000000119209290e+00 2.590240910649300e-09 0.000000000000000e+00
yras   = -3.725290298461914e-09 0.000000000000000e+00 -1.000000000000000e+00
zras   = -2.677552402019501e-09 1.000000000000000e+00 0.000000000000000e+00
cras   = 9.991989135742188e-01 -6.113052368164062e-01 -9.621093750000000e+00
