# transform file transforms/talairach.lta
# created by oesteban on Mon Mar  9 02:09:50 2026

type      = 0 # LINEAR_VOX_TO_VOX
nxforms   = 1
mean      = 129.0000 114.0000 108.0000
sigma     = 10000.0000
1 4 4
1.037778973579407e+00 4.223158210515976e-02 -1.319472584873438e-02 -1.090699386596680e+01 
-4.637240245938301e-02 1.086912512779236e+00 6.896717846393585e-02 -1.154987335205078e+00 
1.766094751656055e-02 -6.278812140226364e-02 9.445046186447144e-01 1.351035785675049e+01 
0.000000000000000e+00 0.000000000000000e+00 0.000000000000000e+00 1.000000000000000e+00 
src volume info
valid = 1  # volume info valid
filename = nu.mgz
volume = 256 256 256
voxelsize = 1.000000000000000e+00 1.000000000000000e+00 1.000000000000000e+00
xras   = -1.000000119209290e+00 2.590240910649300e-09 0.000000000000000e+00
yras   = -3.725290298461914e-09 0.000000000000000e+00 -1.000000000000000e+00
zras   = -2.677552402019501e-09 1.000000000000000e+00 0.000000000000000e+00
cras   = 9.991989135742188e-01 -6.113052368164062e-01 -9.621093750000000e+00
dst volume info
valid = 1  # volume info valid
filename = /opt/freesurfer/average/RB_all_2020-01-02.gca
volume = 256 256 256
voxelsize = 1.000000000000000e+00 1.000000000000000e+00 1.000000000000000e+00
xras   = -1.000000000000000e+00 0.000000000000000e+00 0.000000000000000e+00
yras   = 0.000000000000000e+00 0.000000000000000e+00 -1.000000000000000e+00
zras   = 0.000000000000000e+00 1.000000000000000e+00 0.000000000000000e+00
cras   = 0.000000000000000e+00 0.000000000000000e+00 0.000000000000000e+00
