# transform file /out/sourcedata/freesurfer/sub-v1s17x0051134_ses-1/mri/transforms/cc_up.lta
# created by oesteban on Mon Mar  9 04:32:23 2026

type      = 0 # LINEAR_VOX_TO_VOX
nxforms   = 1
mean      = 129.0000 102.0000 108.0000
sigma     = 10000.0000
1 4 4
9.980345964431763e-01 4.760738462209702e-03 6.248436123132706e-02 -7.795385360717773e+00 
-4.751435481011868e-03 9.999886751174927e-01 -2.974750823341310e-04 4.764558029174805e+01 
-6.248506903648376e-02 0.000000000000000e+00 9.980459213256836e-01 3.427804183959961e+01 
0.000000000000000e+00 0.000000000000000e+00 0.000000000000000e+00 1.000000000000000e+00 
src volume info
valid = 1  # volume info valid
filename = /out/sourcedata/freesurfer/sub-v1s17x0051134_ses-1/mri/norm.mgz
volume = 256 256 256
voxelsize = 1.000000000000000e+00 1.000000000000000e+00 1.000000000000000e+00
xras   = -1.000000000000000e+00 2.624574335641228e-09 -7.450580596923828e-09
yras   = 0.000000000000000e+00 7.275957614183426e-12 -1.000000000000000e+00
zras   = 1.101852831197903e-09 1.000000119209290e+00 8.003553375601768e-11
cras   = -9.647521972656250e-01 2.703178405761719e+00 -2.335812377929688e+01
dst volume info
valid = 1  # volume info valid
filename = /out/sourcedata/freesurfer/sub-v1s17x0051134_ses-1/mri/norm.mgz
volume = 256 256 256
voxelsize = 1.000000000000000e+00 1.000000000000000e+00 1.000000000000000e+00
xras   = -1.000000000000000e+00 2.624574335641228e-09 -7.450580596923828e-09
yras   = 0.000000000000000e+00 7.275957614183426e-12 -1.000000000000000e+00
zras   = 1.101852831197903e-09 1.000000119209290e+00 8.003553375601768e-11
cras   = -9.647521972656250e-01 2.703178405761719e+00 -2.335812377929688e+01
