type      = 0 # LINEAR_VOX_TO_VOX
nxforms   = 1
mean      = 0.0000 0.0000 0.0000
sigma     = 1.0000
1 4 4
1.124737977981567e+00 1.741299964487553e-02 5.717400833964348e-02 -2.463462829589844e+01 
-1.694399118423462e-02 1.136811971664429e+00 1.246020123362541e-01 -1.181198120117188e+00 
-4.167499765753746e-02 -2.034000009298325e-01 1.114423155784607e+00 1.434396362304688e+01 
0.000000000000000e+00 0.000000000000000e+00 0.000000000000000e+00 1.000000000000000e+00 
src volume info
valid = 1  # volume info valid
filename = /out/sourcedata/freesurfer/sub-v1s17x0051134_ses-1/mri/orig.mgz
volume = 256 256 256
voxelsize = 1.000000000000000e+00 1.000000000000000e+00 1.000000000000000e+00
xras   = -1.000000000000000e+00 2.624574335641228e-09 -7.450580596923828e-09
yras   = 0.000000000000000e+00 7.275957614183426e-12 -1.000000000000000e+00
zras   = 1.101852831197903e-09 1.000000119209290e+00 8.003553375601768e-11
cras   = -9.647521972656250e-01 2.703178405761719e+00 -2.335812377929688e+01
dst volume info
valid = 1  # volume info valid
filename = /opt/freesurfer/average/mni305.cor.mgz
volume = 256 256 256
voxelsize = 1.000000000000000e+00 1.000000000000000e+00 1.000000000000000e+00
xras   = -1.000000000000000e+00 0.000000000000000e+00 0.000000000000000e+00
yras   = 0.000000000000000e+00 0.000000000000000e+00 -1.000000000000000e+00
zras   = 0.000000000000000e+00 1.000000000000000e+00 0.000000000000000e+00
cras   = 0.000000000000000e+00 0.000000000000000e+00 0.000000000000000e+00
subject fsaverage
fscale 0.100000
