type      = 1 # LINEAR_RAS_TO_RAS
nxforms   = 1
mean      = 0.0000 0.0000 0.0000
sigma     = 1.0000
1 4 4
1.124737977981567e+00 -5.717400088906288e-02 1.741299964487553e-02 7.674099802970886e-01 
4.167500138282776e-02 1.114423036575317e+00 2.034000009298325e-01 -6.007000207901001e-01 
-1.694400049746037e-02 -1.246019974350929e-01 1.136811971664429e+00 -3.236694097518921e+00 
0.000000000000000e+00 0.000000000000000e+00 0.000000000000000e+00 1.000000000000000e+00 
src volume info
valid = 1  # volume info valid
filename = /out/sourcedata/freesurfer/sub-v1s17x0051134_ses-1/mri/orig_nu.mgz
volume = 256 256 256
voxelsize = 1.000000000000000e+00 1.000000000000000e+00 1.000000000000000e+00
xras   = -1.000000000000000e+00 2.624574335641228e-09 -7.450580596923828e-09
yras   = 0.000000000000000e+00 7.275957614183426e-12 -1.000000000000000e+00
zras   = 1.101852831197903e-09 1.000000119209290e+00 8.003553375601768e-11
cras   = -9.647521972656250e-01 2.703178405761719e+00 -2.335812377929688e+01
dst volume info
valid = 1  # volume info valid
filename = /opt/freesurfer/average/mni305.cor.mgz
volume = 256 256 256
voxelsize = 1.000000000000000e+00 1.000000000000000e+00 1.000000000000000e+00
xras   = -1.000000000000000e+00 0.000000000000000e+00 0.000000000000000e+00
yras   = 0.000000000000000e+00 0.000000000000000e+00 -1.000000000000000e+00
zras   = 0.000000000000000e+00 1.000000000000000e+00 0.000000000000000e+00
cras   = 0.000000000000000e+00 0.000000000000000e+00 0.000000000000000e+00
subject fsaverage
fscale 0.100000
