# transform file transforms/talairach.lta
# created by oesteban on Mon Mar  9 03:06:45 2026

type      = 0 # LINEAR_VOX_TO_VOX
nxforms   = 1
mean      = 129.0000 103.0000 108.0000
sigma     = 10000.0000
1 4 4
1.063287138938904e+00 5.006290227174759e-02 6.421525776386261e-02 -2.153638076782227e+01 
-4.987421631813049e-02 1.207839608192444e+00 1.137467920780182e-01 -1.337798714637756e+00 
-6.504920125007629e-02 -4.912072792649269e-02 1.035344362258911e+00 1.231198883056641e+01 
0.000000000000000e+00 0.000000000000000e+00 0.000000000000000e+00 1.000000000000000e+00 
src volume info
valid = 1  # volume info valid
filename = nu.mgz
volume = 256 256 256
voxelsize = 1.000000000000000e+00 1.000000000000000e+00 1.000000000000000e+00
xras   = -1.000000000000000e+00 2.624574335641228e-09 -7.450580596923828e-09
yras   = 0.000000000000000e+00 7.275957614183426e-12 -1.000000000000000e+00
zras   = 1.101852831197903e-09 1.000000119209290e+00 8.003553375601768e-11
cras   = -9.647521972656250e-01 2.703178405761719e+00 -2.335812377929688e+01
dst volume info
valid = 1  # volume info valid
filename = /opt/freesurfer/average/RB_all_2020-01-02.gca
volume = 256 256 256
voxelsize = 1.000000000000000e+00 1.000000000000000e+00 1.000000000000000e+00
xras   = -1.000000000000000e+00 0.000000000000000e+00 0.000000000000000e+00
yras   = 0.000000000000000e+00 0.000000000000000e+00 -1.000000000000000e+00
zras   = 0.000000000000000e+00 1.000000000000000e+00 0.000000000000000e+00
cras   = 0.000000000000000e+00 0.000000000000000e+00 0.000000000000000e+00
