#Insight Transform File V1.0
#Transform 0
Transform: AffineTransform_float_3_3
Parameters: 0.999998 -0.000522672 -0.00162506 0.00051946 0.999998 -0.00188331 0.00162606 0.0018823 0.999997 0.000442178 -0.0190547 -0.0644959
FixedParameters: 0 0 0

#Transform 1
Transform: AffineTransform_float_3_3
Parameters: 0.999998 -0.000469094 -0.00225217 0.000465912 0.999999 -0.00153347 0.00225263 0.00153298 0.999996 -0.0234326 -0.0640945 -0.0250205
FixedParameters: 0 0 0

#Transform 2
Transform: AffineTransform_float_3_3
Parameters: 0.999993 0.000580269 -0.00353415 -0.000596933 0.999989 -0.00476043 0.00353211 0.00476271 0.999982 -0.0245427 -0.0985429 0.0478348
FixedParameters: 0 0 0

#Transform 3
Transform: AffineTransform_float_3_3
Parameters: 0.999997 0.000391538 -0.00220697 -0.00039702 0.999996 -0.0027403 0.00220567 0.00274162 0.999994 -0.0259899 -0.048922 0.0303352
FixedParameters: 0 0 0

#Transform 4
Transform: AffineTransform_float_3_3
Parameters: 1 0.000209184 3.54332e-05 -0.000208988 0.999998 -0.0019354 -3.65908e-05 0.00193539 0.999998 -0.0306331 0.0158914 -0.0721349
FixedParameters: 0 0 0

#Transform 5
Transform: AffineTransform_float_3_3
Parameters: 0.999998 -0.000505012 0.00196604 0.000505682 0.999999 -0.00016484 -0.00196595 0.000165853 0.999998 0.0164008 -0.00277047 -0.0608306
FixedParameters: 0 0 0

#Transform 6
Transform: AffineTransform_float_3_3
Parameters: 0.999998 0.000892689 0.00169447 -0.000894654 1 0.000846938 -0.00169315 -0.000849459 0.999998 -0.0176032 -0.0451152 -0.135849
FixedParameters: 0 0 0

#Transform 7
Transform: AffineTransform_float_3_3
Parameters: 0.999998 8.8899e-05 -0.00172639 -9.00658e-05 0.999999 -0.000622338 0.00172603 0.000622249 0.999998 0.0108249 -0.00654562 -0.0492323
FixedParameters: 0 0 0

#Transform 8
Transform: AffineTransform_float_3_3
Parameters: 0.999997 0.000523141 -0.00211269 -0.000527614 0.999998 -0.00186856 0.0021116 0.00187009 0.999996 -0.00624845 -0.0133959 0.0282699
FixedParameters: 0 0 0

#Transform 9
Transform: AffineTransform_float_3_3
Parameters: 0.999998 0.000632768 -0.00146544 -0.000633307 1 -0.000613954 0.00146536 0.000614999 0.999999 -0.0290162 0.018334 -0.0263645
FixedParameters: 0 0 0

#Transform 10
Transform: AffineTransform_float_3_3
Parameters: 0.999999 0.000465889 -0.000658818 -0.000466183 0.999999 -0.000442776 0.000659318 0.000442491 1 -0.0304044 -0.00310293 -0.0541512
FixedParameters: 0 0 0

#Transform 11
Transform: AffineTransform_float_3_3
Parameters: 1 0.000414582 -0.000286056 -0.000415359 1 0.000340195 0.000286548 -0.000340046 1 -0.0425191 -0.0165218 -0.0108568
FixedParameters: 0 0 0

#Transform 12
Transform: AffineTransform_float_3_3
Parameters: 1 -5.47956e-05 -0.00100373 5.51848e-05 1 0.000709936 0.00100387 -0.000709718 0.999999 0.000370214 -0.132879 0.0705896
FixedParameters: 0 0 0

#Transform 13
Transform: AffineTransform_float_3_3
Parameters: 1 0.00019165 -0.00113559 -0.000194613 0.999997 -0.00240788 0.00113577 0.0024076 0.999996 0.0132338 -0.0577653 0.0138493
FixedParameters: 0 0 0

#Transform 14
Transform: AffineTransform_float_3_3
Parameters: 0.999999 0.000107636 -0.000776189 -0.000108552 0.999999 -0.00142084 0.00077641 0.0014202 0.999999 0.0241221 0.0241363 -0.0343028
FixedParameters: 0 0 0

#Transform 15
Transform: AffineTransform_float_3_3
Parameters: 1 -0.000143629 1.09856e-05 0.000143687 0.999999 -0.0013499 -1.07719e-05 0.0013499 0.999999 -0.0189113 0.0247936 -0.0130258
FixedParameters: 0 0 0

#Transform 16
Transform: AffineTransform_float_3_3
Parameters: 1 -0.000170681 1.23215e-05 0.000170695 1 -0.00056748 -1.21278e-05 0.000567484 1 -0.0222601 0.0187203 -0.00176544
FixedParameters: 0 0 0

#Transform 17
Transform: AffineTransform_float_3_3
Parameters: 1 -0.000289955 -0.00113462 0.00029151 0.999999 0.000713178 0.00113421 -0.00071342 0.999999 -0.0176003 -0.073546 0.067096
FixedParameters: 0 0 0

#Transform 18
Transform: AffineTransform_float_3_3
Parameters: 0.999997 0.000519962 -0.00228564 -0.000521657 1 -0.000642105 0.00228581 0.000643186 0.999997 -0.0246928 -0.0992443 0.0341823
FixedParameters: 0 0 0

#Transform 19
Transform: AffineTransform_float_3_3
Parameters: 0.999999 1.25655e-06 -0.00153087 -3.12652e-06 1 -0.00101115 0.00153141 0.00101076 0.999999 0.0130924 0.0176961 0.00352569
FixedParameters: 0 0 0

#Transform 20
Transform: AffineTransform_float_3_3
Parameters: 1 1.19225e-05 0.000433721 -1.19763e-05 1 6.20451e-05 -0.000433719 -6.20555e-05 1 -0.00606491 0.019601 0.00399262
FixedParameters: 0 0 0

#Transform 21
Transform: AffineTransform_float_3_3
Parameters: 1 -4.35484e-05 -0.000231851 4.39506e-05 0.999999 0.000867508 0.000231775 -0.000867529 0.999999 -0.0483335 0.00387406 0.0346778
FixedParameters: 0 0 0

#Transform 22
Transform: AffineTransform_float_3_3
Parameters: 1 0.000335958 -0.000330694 -0.0003357 1 0.000389976 0.000330955 -0.000389754 1 -0.0638477 -0.132954 0.0354086
FixedParameters: 0 0 0

#Transform 23
Transform: AffineTransform_float_3_3
Parameters: 0.999999 7.02112e-05 -0.00136433 -7.20195e-05 1 -0.00063908 0.00136426 0.000639691 0.999999 0.000475232 0.00597772 0.0135171
FixedParameters: 0 0 0

#Transform 24
Transform: AffineTransform_float_3_3
Parameters: 0.999999 0.00047545 0.00058411 -0.000475322 0.999999 -0.000971773 -0.000584984 0.000971548 1 -0.0399009 0.0362406 -0.0277161
FixedParameters: 0 0 0

#Transform 25
Transform: AffineTransform_float_3_3
Parameters: 1 0.00045902 0.000480786 -0.000459241 0.999999 -0.000892568 -0.000481506 0.000893361 1 -0.043548 -0.0262728 -0.0223878
FixedParameters: 0 0 0

#Transform 26
Transform: AffineTransform_float_3_3
Parameters: 1 1.81667e-05 0.00014755 -1.81662e-05 1 -1.68918e-06 -0.00014755 1.68382e-06 1 -0.0436717 -0.0762332 0.0531336
FixedParameters: 0 0 0

#Transform 27
Transform: AffineTransform_float_3_3
Parameters: 0.999998 0.000437067 -0.00189811 -0.000438465 1 -0.000682908 0.00189823 0.000684177 0.999998 -0.0164773 -0.150857 0.120838
FixedParameters: 0 0 0

#Transform 28
Transform: AffineTransform_float_3_3
Parameters: 0.999997 0.000282089 -0.00237767 -0.000288205 0.999996 -0.00289705 0.00237662 0.00289717 0.999994 0.0119516 -0.0707574 0.148948
FixedParameters: 0 0 0

#Transform 29
Transform: AffineTransform_float_3_3
Parameters: 0.999999 0.00022406 -0.00138643 -0.000226655 0.999998 -0.00219015 0.00138634 0.00219015 0.999997 0.00492577 -0.0695512 0.0985656
FixedParameters: 0 0 0

#Transform 30
Transform: AffineTransform_float_3_3
Parameters: 1 0.000403549 -0.000418537 -0.00040363 0.999998 -0.00155022 0.000417864 0.00155066 0.999998 -0.0159309 0.0523792 0.00145815
FixedParameters: 0 0 0

#Transform 31
Transform: AffineTransform_float_3_3
Parameters: 0.999999 0.000392941 0.000914508 -0.000392798 1 -0.000550708 -0.00091388 0.000551229 1 0.00473073 0.082741 -0.00954407
FixedParameters: 0 0 0

#Transform 32
Transform: AffineTransform_float_3_3
Parameters: 1 0.000270356 0.000211239 -0.000270291 1 -0.000152281 -0.000211321 0.000152167 1 -0.00689458 0.0541023 -0.0105408
FixedParameters: 0 0 0

#Transform 33
Transform: AffineTransform_float_3_3
Parameters: 0.999999 -1.84542e-05 -0.00124914 1.90309e-05 1 0.00025654 0.00124914 -0.00025617 0.999999 0.0164303 -0.1075 0.0482123
FixedParameters: 0 0 0

#Transform 34
Transform: AffineTransform_float_3_3
Parameters: 0.999999 -3.59269e-05 -0.00125196 3.60858e-05 1 5.93423e-05 0.00125192 -5.99193e-05 1 0.0228805 -0.0989042 0.0859883
FixedParameters: 0 0 0

#Transform 35
Transform: AffineTransform_float_3_3
Parameters: 1 -6.64578e-05 -0.00021421 6.61906e-05 1 -0.000623629 0.000214292 0.0006236 1 0.0271129 0.0587513 0.0071252
FixedParameters: 0 0 0

#Transform 36
Transform: AffineTransform_float_3_3
Parameters: 0.999999 -0.000424467 0.000724651 0.000424383 1 5.83628e-05 -0.0007247 -5.77476e-05 0.999999 0.00846368 0.0331451 0.0257988
FixedParameters: 0 0 0

#Transform 37
Transform: AffineTransform_float_3_3
Parameters: 1 0.000359287 0.00100761 -0.000358554 0.999999 -0.00080707 -0.00100695 0.000807585 0.999999 -0.019595 0.034498 -0.0136052
FixedParameters: 0 0 0

#Transform 38
Transform: AffineTransform_float_3_3
Parameters: 1 0.000100258 -0.000362939 -9.94675e-05 1 -0.000546645 0.000363582 0.000546811 1 0.0158793 -0.0113025 -0.0158662
FixedParameters: 0 0 0

#Transform 39
Transform: AffineTransform_float_3_3
Parameters: 1 0.000329089 -0.00120005 -0.000327703 1 0.00104179 0.00119993 -0.001042 0.999999 0.0141758 -0.136695 0.0156554
FixedParameters: 0 0 0

#Transform 40
Transform: AffineTransform_float_3_3
Parameters: 0.999998 0.000765899 -0.00146496 -0.000767151 1 -0.000525128 0.00146506 0.000526475 0.999999 -0.0179856 -0.0541934 -0.0144421
FixedParameters: 0 0 0

#Transform 41
Transform: AffineTransform_float_3_3
Parameters: 0.999999 -9.67532e-05 -0.000784147 9.73279e-05 1 -0.000253429 0.000783986 0.000253365 0.999999 0.0203506 0.0040681 0.0191921
FixedParameters: 0 0 0

#Transform 42
Transform: AffineTransform_float_3_3
Parameters: 0.999999 -0.000312911 0.000785718 0.000313056 0.999999 -0.000733247 -0.000785209 0.00073407 1 0.0173902 0.0598787 -0.000187969
FixedParameters: 0 0 0

#Transform 43
Transform: AffineTransform_float_3_3
Parameters: 0.999999 -0.000482329 0.000825968 0.000483463 0.999999 -0.00064257 -0.000825397 0.000642464 0.999999 0.0106282 0.0574657 0.0045272
FixedParameters: 0 0 0

#Transform 44
Transform: AffineTransform_float_3_3
Parameters: 1 -0.000318079 0.00035748 0.00031826 1 -0.00055533 -0.000358089 0.000555553 0.999999 0.0179424 0.0250002 0.0222351
FixedParameters: 0 0 0

#Transform 45
Transform: AffineTransform_float_3_3
Parameters: 1 7.32669e-05 -0.000278221 -7.30291e-05 1 0.000427249 0.000278284 -0.000427209 1 -0.0261879 -0.115479 0.0870107
FixedParameters: 0 0 0

#Transform 46
Transform: AffineTransform_float_3_3
Parameters: 1 -1.9537e-06 0.000345118 2.17524e-06 1 -0.000320973 -0.000345116 0.000320974 1 -0.0290247 -0.0409402 0.0300747
FixedParameters: 0 0 0

#Transform 47
Transform: AffineTransform_float_3_3
Parameters: 1 -0.000342804 -0.000531633 0.000342715 1 -0.00102466 0.000531951 0.00102439 1 0.00298981 -0.0630076 0.0699707
FixedParameters: 0 0 0

#Transform 48
Transform: AffineTransform_float_3_3
Parameters: 0.999999 -0.000467028 0.000552052 0.000468867 0.999998 -0.0016421 -0.000550689 0.00164262 0.999998 -0.0029708 0.0213415 0.0310505
FixedParameters: 0 0 0

#Transform 49
Transform: AffineTransform_float_3_3
Parameters: 1 -0.00044585 0.000448971 0.000446653 1 -0.00102112 -0.000449245 0.00102062 1 -0.00997906 0.010467 0.0433736
FixedParameters: 0 0 0

#Transform 50
Transform: AffineTransform_float_3_3
Parameters: 1 -9.41494e-05 -0.000694223 9.44874e-05 1 -0.00045673 0.000694099 0.000456687 0.999999 0.0131938 -0.136668 0.0652038
FixedParameters: 0 0 0

#Transform 51
Transform: AffineTransform_float_3_3
Parameters: 1 -0.000366177 0.000119049 0.000366313 0.999999 -0.00136098 -0.000119188 0.00136106 0.999999 -0.00116927 -0.00996061 0.0311364
FixedParameters: 0 0 0

#Transform 52
Transform: AffineTransform_float_3_3
Parameters: 0.999999 -0.000286567 0.000740472 0.000287101 1 -0.000998174 -0.000739863 0.000998512 0.999999 -0.0260823 0.0188561 0.0311291
FixedParameters: 0 0 0

#Transform 53
Transform: AffineTransform_float_3_3
Parameters: 0.999999 -0.000266395 0.000741817 0.000266517 0.999999 -0.000760849 -0.000741361 0.000761576 1 -0.0173679 -0.0201945 0.0456421
FixedParameters: 0 0 0

#Transform 54
Transform: AffineTransform_float_3_3
Parameters: 0.999999 -0.0004184 -0.000847473 0.000418753 1 -0.000365139 0.000847569 0.000364518 0.999999 0.00273957 -0.108094 0.121715
FixedParameters: 0 0 0

#Transform 55
Transform: AffineTransform_float_3_3
Parameters: 1 3.3805e-05 -0.00113634 -3.64231e-05 0.999998 -0.00209886 0.0011364 0.00209955 0.999997 0.0169556 -0.0760568 0.0624138
FixedParameters: 0 0 0

#Transform 56
Transform: AffineTransform_float_3_3
Parameters: 1 -0.00042488 0.000549937 0.000425126 0.999997 -0.00213789 -0.00054901 0.00213818 0.999997 0.000351555 0.09543 0.021675
FixedParameters: 0 0 0

#Transform 57
Transform: AffineTransform_float_3_3
Parameters: 1 -0.000552691 -0.000135731 0.000553142 0.999999 -0.00122961 0.000135745 0.00122954 0.999999 0.018468 -0.094187 0.0742829
FixedParameters: 0 0 0

#Transform 58
Transform: AffineTransform_float_3_3
Parameters: 0.999999 -0.000748057 -0.00105724 0.000746335 0.999999 -0.00171115 0.00105925 0.00171065 0.999998 0.0242631 -0.0802315 0.113669
FixedParameters: 0 0 0

#Transform 59
Transform: AffineTransform_float_3_3
Parameters: 0.999999 -0.000787386 -0.000929396 0.000784504 0.999996 -0.00250438 0.000931268 0.00250351 0.999997 0.0232594 -0.0705844 0.108302
FixedParameters: 0 0 0

#Transform 60
Transform: AffineTransform_float_3_3
Parameters: 0.999999 -0.000867771 0.000287304 0.000868158 0.999999 -0.00100088 -0.000286702 0.00100138 1 -0.0200238 0.00217419 0.134504
FixedParameters: 0 0 0

#Transform 61
Transform: AffineTransform_float_3_3
Parameters: 0.999999 -0.000592673 0.000626714 0.000594348 0.999998 -0.00142819 -0.000626205 0.00142803 0.999999 -0.00780074 -0.0384608 0.0774189
FixedParameters: 0 0 0

#Transform 62
Transform: AffineTransform_float_3_3
Parameters: 1 -0.000890035 0.00064874 0.000890105 0.999999 -0.000719837 -0.000647138 0.000719579 0.999999 0.019106 -0.0684514 0.0709123
FixedParameters: 0 0 0

#Transform 63
Transform: AffineTransform_float_3_3
Parameters: 1 -0.000865817 0.000759063 0.000865835 0.999999 -0.000723465 -0.000758452 0.000723362 0.999999 0.0257251 0.0349113 0.0434744
FixedParameters: 0 0 0

#Transform 64
Transform: AffineTransform_float_3_3
Parameters: 0.999999 -0.000837877 0.000381734 0.000837908 0.999999 -0.000323124 -0.000382154 0.000323759 1 0.00223753 -0.100428 0.0886969
FixedParameters: 0 0 0

#Transform 65
Transform: AffineTransform_float_3_3
Parameters: 1 -0.00111678 -0.000425632 0.00111603 1 -0.000576371 0.000426166 0.0005759 0.999999 0.0336166 0.00671962 0.0970507
FixedParameters: 0 0 0

#Transform 66
Transform: AffineTransform_float_3_3
Parameters: 0.999999 -0.00054197 -0.00114849 0.000539293 0.999998 -0.00200766 0.0011499 0.00200701 0.999998 0.019805 -0.0635524 0.110932
FixedParameters: 0 0 0

#Transform 67
Transform: AffineTransform_float_3_3
Parameters: 1 -0.000532885 -6.03026e-05 0.000532463 0.999997 -0.00262592 6.14416e-05 0.00262586 0.999997 0.0352796 -0.0162182 0.117642
FixedParameters: 0 0 0

#Transform 68
Transform: AffineTransform_float_3_3
Parameters: 1 -0.000411083 0.000953294 0.000412964 0.999998 -0.00159014 -0.000952945 0.00159035 0.999999 -0.0118413 0.0192925 0.0382014
FixedParameters: 0 0 0

#Transform 69
Transform: AffineTransform_float_3_3
Parameters: 0.999999 -0.000398103 0.000740977 0.000398742 0.999998 -0.00185074 -0.000740393 0.00185115 0.999998 0.0127231 0.0304668 0.0460084
FixedParameters: 0 0 0

#Transform 70
Transform: AffineTransform_float_3_3
Parameters: 1 -0.000517363 0.000970535 0.00051707 0.999999 -0.000437766 -0.000970709 0.00043777 0.999999 -0.00251141 -0.0225126 0.0847569
FixedParameters: 0 0 0

#Transform 71
Transform: AffineTransform_float_3_3
Parameters: 1 -0.000495935 0.00107091 0.000495932 0.999999 -0.000447844 -0.00107029 0.00044833 1 -0.0056435 -0.0779967 0.0824217
FixedParameters: 0 0 0

#Transform 72
Transform: AffineTransform_float_3_3
Parameters: 0.999999 -0.000861096 -0.000524666 0.000860241 0.999996 -0.0025033 0.000526911 0.00250299 0.999997 0.0226275 -0.07947 0.163037
FixedParameters: 0 0 0

#Transform 73
Transform: AffineTransform_float_3_3
Parameters: 0.999999 -0.000955535 0.000414662 0.000956797 0.999998 -0.00158628 -0.000412829 0.00158575 0.999998 0.0338287 -0.0709678 0.169257
FixedParameters: 0 0 0

#Transform 74
Transform: AffineTransform_float_3_3
Parameters: 0.999997 -0.000996804 0.00200418 0.00100064 0.999998 -0.00150275 -0.00200299 0.00150427 0.999997 0.0348802 0.0108366 0.0669134
FixedParameters: 0 0 0

#Transform 75
Transform: AffineTransform_float_3_3
Parameters: 0.999997 -0.000830216 0.00201015 0.000832899 0.999999 -0.00141853 -0.00200838 0.00142021 0.999997 0.0384159 0.00627975 0.0512403
FixedParameters: 0 0 0

#Transform 76
Transform: AffineTransform_float_3_3
Parameters: 0.999996 -0.00135638 0.00216672 0.0013562 1 -0.000135656 -0.00216611 0.00013873 0.999998 0.0339309 -0.0835375 0.134269
FixedParameters: 0 0 0

#Transform 77
Transform: AffineTransform_float_3_3
Parameters: 1 -0.000180523 0.000455121 0.000181239 0.999999 -0.00179264 -0.000454611 0.00179272 0.999999 -0.0284474 -0.0475325 0.13586
FixedParameters: 0 0 0

#Transform 78
Transform: AffineTransform_float_3_3
Parameters: 1 -0.000438222 -0.00041966 0.000437576 0.999994 -0.00324861 0.000421214 0.00324843 0.999994 0.0161729 -0.0405704 0.130935
FixedParameters: 0 0 0

#Transform 79
Transform: AffineTransform_float_3_3
Parameters: 0.999998 -0.000952783 0.00170077 0.000957415 0.999996 -0.00266839 -0.00169828 0.00267079 0.999995 0.0396958 0.0176294 0.0697169
FixedParameters: 0 0 0

#Transform 80
Transform: AffineTransform_float_3_3
Parameters: 0.999999 -0.000903301 0.001552 0.000906406 0.999998 -0.0016731 -0.00154956 0.00167482 0.999997 0.0196988 -0.0143105 0.0567128
FixedParameters: 0 0 0

#Transform 81
Transform: AffineTransform_float_3_3
Parameters: 0.999999 -0.00106134 0.000789314 0.0010627 0.999998 -0.00152771 -0.000786885 0.00152797 0.999998 0.0272339 -0.0756274 0.129453
FixedParameters: 0 0 0

#Transform 82
Transform: AffineTransform_float_3_3
Parameters: 1 -0.000923506 0.000801422 0.000926102 0.999995 -0.00299155 -0.000798138 0.00299195 0.999995 0.0535367 0.00641894 0.0900284
FixedParameters: 0 0 0

#Transform 83
Transform: AffineTransform_float_3_3
Parameters: 0.999998 -0.0013057 0.00150901 0.0013074 0.999998 -0.00130432 -0.00150721 0.00130627 0.999998 0.0384606 0.0157284 0.126384
FixedParameters: 0 0 0

#Transform 84
Transform: AffineTransform_float_3_3
Parameters: 0.999999 -0.000544684 0.00132764 0.000546327 0.999999 -0.00103849 -0.00132731 0.00103894 0.999998 0.00135218 -0.116761 0.159479
FixedParameters: 0 0 0

#Transform 85
Transform: AffineTransform_float_3_3
Parameters: 0.999998 -0.000943499 0.00139298 0.000946043 0.999998 -0.00172968 -0.00139144 0.00173122 0.999997 0.0343733 0.0279311 0.131932
FixedParameters: 0 0 0

#Transform 86
Transform: AffineTransform_float_3_3
Parameters: 0.999997 -0.00110796 0.00245133 0.00111126 0.999998 -0.00132904 -0.00244963 0.0013319 0.999996 0.0336464 0.0128795 0.0885416
FixedParameters: 0 0 0

#Transform 87
Transform: AffineTransform_float_3_3
Parameters: 0.999998 -0.000634431 0.00163884 0.00063502 1 -0.000453485 -0.0016381 0.000454572 0.999998 0.00493602 -0.0490149 0.128814
FixedParameters: 0 0 0

#Transform 88
Transform: AffineTransform_float_3_3
Parameters: 0.999998 -0.00126895 0.00164462 0.00127035 0.999999 -0.00110257 -0.00164342 0.00110475 0.999998 0.0233251 -0.026961 0.112502
FixedParameters: 0 0 0

#Transform 89
Transform: AffineTransform_float_3_3
Parameters: 0.999999 -0.00119883 0.000546931 0.0011989 0.999998 -0.00114985 -0.000544925 0.00115107 0.999999 0.0435045 0.0653942 0.122755
FixedParameters: 0 0 0

#Transform 90
Transform: AffineTransform_float_3_3
Parameters: 0.999997 -0.00107396 0.0024339 0.0010761 0.999999 -0.000868857 -0.00243252 0.000872026 0.999997 0.0431611 0.0277599 0.102907
FixedParameters: 0 0 0

#Transform 91
Transform: AffineTransform_float_3_3
Parameters: 0.999995 -0.00101735 0.00278958 0.00102056 0.999999 -0.00114466 -0.00278871 0.00114729 0.999996 0.0198832 0.047143 0.0646765
FixedParameters: 0 0 0

#Transform 92
Transform: AffineTransform_float_3_3
Parameters: 0.999999 -0.000485516 0.00168827 0.000487449 1 -0.000920998 -0.00168817 0.000922061 0.999998 0.0168943 0.0372691 0.0640198
FixedParameters: 0 0 0

#Transform 93
Transform: AffineTransform_float_3_3
Parameters: 1 -0.000339355 0.000321208 0.000339068 0.999999 -0.00135817 -0.000321212 0.0013583 0.999999 0.0196219 -0.0814404 0.151192
FixedParameters: 0 0 0

#Transform 94
Transform: AffineTransform_float_3_3
Parameters: 1 -0.000673739 5.61265e-05 0.000674059 0.999994 -0.00333493 -5.36384e-05 0.00333502 0.999995 0.0612211 -0.00766438 0.136108
FixedParameters: 0 0 0

#Transform 95
Transform: AffineTransform_float_3_3
Parameters: 0.999997 -0.000572344 0.00207658 0.000575736 0.999998 -0.00178674 -0.00207506 0.0017878 0.999997 0.0329748 0.0748096 0.0582679
FixedParameters: 0 0 0

#Transform 96
Transform: AffineTransform_float_3_3
Parameters: 0.999998 -0.000995256 0.00213412 0.000999169 0.999998 -0.00143634 -0.00213289 0.00143811 0.999997 0.037572 -0.00678128 0.0797426
FixedParameters: 0 0 0

#Transform 97
Transform: AffineTransform_float_3_3
Parameters: 0.999998 -0.00101316 0.00176204 0.00101573 0.999999 -0.00108574 -0.00176165 0.0010874 0.999998 0.0336204 -0.0114109 0.0752003
FixedParameters: 0 0 0

#Transform 98
Transform: AffineTransform_float_3_3
Parameters: 0.999999 -0.000706073 0.00106718 0.000706355 1 -0.000688396 -0.00106696 0.00068981 0.999999 0.0160645 -0.0996377 0.137914
FixedParameters: 0 0 0

#Transform 99
Transform: AffineTransform_float_3_3
Parameters: 0.999999 -0.0007607 -0.000335809 0.000760728 0.999996 -0.00269147 0.000337826 0.00269114 0.999996 0.0742866 0.0105203 0.137183
FixedParameters: 0 0 0

#Transform 100
Transform: AffineTransform_float_3_3
Parameters: 0.999998 -0.00103571 0.00171353 0.00103777 0.999999 -0.0012518 -0.00171254 0.00125336 0.999998 0.0510625 -0.0242386 0.0928566
FixedParameters: 0 0 0

#Transform 101
Transform: AffineTransform_float_3_3
Parameters: 0.999996 -0.00111402 0.00239156 0.00111863 0.999998 -0.00182765 -0.00238887 0.00183033 0.999995 0.0390544 -0.00213556 0.0625268
FixedParameters: 0 0 0

#Transform 102
Transform: AffineTransform_float_3_3
Parameters: 0.999997 -0.00113268 0.00218886 0.001136 0.999998 -0.00150413 -0.00218682 0.00150742 0.999996 0.0470878 0.119864 0.0744031
FixedParameters: 0 0 0

#Transform 103
Transform: AffineTransform_float_3_3
Parameters: 0.999998 -0.000761985 0.00220058 0.000762984 1 -0.000483514 -0.00220051 0.000485383 0.999997 0.0266291 -0.0737846 0.100248
FixedParameters: 0 0 0

#Transform 104
Transform: AffineTransform_float_3_3
Parameters: 1 -0.0009363 0.00066111 0.000936093 1 -0.000714979 -0.000660363 0.000715703 0.999999 0.0343675 -0.110431 0.132485
FixedParameters: 0 0 0

#Transform 105
Transform: AffineTransform_float_3_3
Parameters: 0.999998 -0.00127965 0.00141084 0.0012808 0.999999 -0.00118614 -0.00140924 0.00118734 0.999998 0.0649786 -0.0391715 0.130084
FixedParameters: 0 0 0

#Transform 106
Transform: AffineTransform_float_3_3
Parameters: 0.999996 -0.00108742 0.00232401 0.00109038 0.999999 -0.00132221 -0.00232256 0.0013247 0.999996 0.0409255 0.0434012 0.0729286
FixedParameters: 0 0 0

#Transform 107
Transform: AffineTransform_float_3_3
Parameters: 0.999998 -0.00122074 0.00144892 0.00122136 0.999999 -0.000581269 -0.00144817 0.000582902 0.999999 0.041994 0.000537194 0.0908534
FixedParameters: 0 0 0

#Transform 108
Transform: AffineTransform_float_3_3
Parameters: 0.999999 -0.00111287 -0.0001168 0.00111329 0.999998 -0.00166566 0.000118987 0.00166549 0.999999 0.0598511 -0.0491933 0.147109
FixedParameters: 0 0 0

#Transform 109
Transform: AffineTransform_float_3_3
Parameters: 1 -0.000805656 -0.000947727 0.000802653 0.999993 -0.00346123 0.000949499 0.00346048 0.999994 0.0713135 -0.0119042 0.191855
FixedParameters: 0 0 0

#Transform 110
Transform: AffineTransform_float_3_3
Parameters: 0.999999 -0.00110499 0.000869058 0.00110651 0.999997 -0.00220946 -0.000866022 0.00221119 0.999997 0.0654731 0.0582522 0.162329
FixedParameters: 0 0 0

#Transform 111
Transform: AffineTransform_float_3_3
Parameters: 0.999997 -0.00102154 0.00219559 0.00102496 0.999998 -0.00152124 -0.00219385 0.00152406 0.999996 0.0515164 -0.00795398 0.109394
FixedParameters: 0 0 0

#Transform 112
Transform: AffineTransform_float_3_3
Parameters: 0.999996 -0.00131439 0.00245223 0.00131816 0.999998 -0.00144209 -0.00245071 0.00144464 0.999996 0.0476 0.0364164 0.108346
FixedParameters: 0 0 0

#Transform 113
Transform: AffineTransform_float_3_3
Parameters: 0.999997 -0.000914911 0.002314 0.00091708 0.999999 -0.000960926 -0.00231386 0.000963101 0.999997 0.0432643 0.00288199 0.122031
FixedParameters: 0 0 0

#Transform 114
Transform: AffineTransform_float_3_3
Parameters: 0.999997 -0.00120907 0.00205908 0.00120751 0.999999 0.000714906 -0.00206003 -0.00071255 0.999998 0.063596 -0.126635 0.108911
FixedParameters: 0 0 0

#Transform 115
Transform: AffineTransform_float_3_3
Parameters: 0.999998 -0.00138516 0.0017694 0.00138469 0.999998 0.00018228 -0.0017697 -0.000180095 0.999998 0.0536371 -0.103241 0.134254
FixedParameters: 0 0 0

#Transform 116
Transform: AffineTransform_float_3_3
Parameters: 0.999999 -0.00131616 0.00056596 0.00131636 0.999999 -0.00110576 -0.000563864 0.00110583 1 0.0857866 -0.118644 0.185057
FixedParameters: 0 0 0

#Transform 117
Transform: AffineTransform_float_3_3
Parameters: 0.999996 -0.00131708 0.00220907 0.00131773 1 -0.000370612 -0.00220882 0.000373624 0.999998 0.0767876 -0.0431873 0.153335
FixedParameters: 0 0 0

#Transform 118
Transform: AffineTransform_float_3_3
Parameters: 0.999997 -0.001328 0.00215928 0.0013286 0.999999 -0.000368989 -0.00215902 0.000371918 0.999998 0.0666109 -0.0677068 0.146877
FixedParameters: 0 0 0

#Transform 119
Transform: AffineTransform_float_3_3
Parameters: 0.999997 -0.00126295 0.00216911 0.00126145 1 0.000390987 -0.00217007 -0.000388225 0.999998 0.0513734 -0.0586421 0.172664
FixedParameters: 0 0 0

#Transform 120
Transform: AffineTransform_float_3_3
Parameters: 0.999997 -0.00123148 0.00213991 0.00122923 0.999999 0.000849359 -0.00214122 -0.000846712 0.999997 0.0621355 -0.0224261 0.211407
FixedParameters: 0 0 0

#Transform 121
Transform: AffineTransform_float_3_3
Parameters: 0.999997 -0.0012078 0.0021794 0.00120588 0.999999 0.0010305 -0.00218036 -0.00102777 0.999997 0.0627267 -0.0120949 0.201091
FixedParameters: 0 0 0

#Transform 122
Transform: AffineTransform_float_3_3
Parameters: 0.999998 -0.00148279 0.00138914 0.00148347 0.999999 -0.000175791 -0.00138856 0.000177683 1 0.0744667 -0.0379108 0.207676
FixedParameters: 0 0 0

#Transform 123
Transform: AffineTransform_float_3_3
Parameters: 0.999999 -0.00143253 -4.80216e-05 0.0014327 0.999996 -0.00213549 5.06961e-05 0.00213543 0.999998 0.0984221 0.053011 0.145527
FixedParameters: 0 0 0

#Transform 124
Transform: AffineTransform_float_3_3
Parameters: 0.999998 -0.00116001 0.00198361 0.00116232 0.999999 -0.00109561 -0.00198153 0.00109822 0.999997 0.0706001 -0.0624849 0.177
FixedParameters: 0 0 0

#Transform 125
Transform: AffineTransform_float_3_3
Parameters: 0.999995 -0.00133618 0.00269427 0.0013396 0.999998 -0.00122498 -0.00269245 0.00122913 0.999996 0.0716796 0.0696343 0.113764
FixedParameters: 0 0 0

#Transform 126
Transform: AffineTransform_float_3_3
Parameters: 0.999995 -0.00148351 0.00272935 0.00148657 0.999998 -0.0009492 -0.00272791 0.00095301 0.999996 0.0803035 0.0722916 0.09566
FixedParameters: 0 0 0

#Transform 127
Transform: AffineTransform_float_3_3
Parameters: 0.999997 -0.00101434 0.00252881 0.00101445 0.999999 -5.12694e-05 -0.00252961 5.45154e-05 0.999997 0.0590325 -0.0262303 0.12373
FixedParameters: 0 0 0

#Transform 128
Transform: AffineTransform_float_3_3
Parameters: 0.999998 -0.00151658 0.00118204 0.0015168 0.999998 -3.06197e-05 -0.00118171 3.19748e-05 0.999999 0.0502334 -0.117969 0.178234
FixedParameters: 0 0 0

#Transform 129
Transform: AffineTransform_float_3_3
Parameters: 0.999999 -0.00128074 0.00127002 0.00127933 0.999998 0.000688308 -0.00127074 -0.000686861 0.999999 0.0492179 -0.0428364 0.23487
FixedParameters: 0 0 0

#Transform 130
Transform: AffineTransform_float_3_3
Parameters: 0.999996 -0.00136248 0.00219187 0.00136435 0.999999 -0.000873276 -0.00219 0.000876354 0.999997 0.071138 0.00498439 0.148466
FixedParameters: 0 0 0

#Transform 131
Transform: AffineTransform_float_3_3
Parameters: 0.999995 -0.00094228 0.00293816 0.000943322 0.999999 -0.000530833 -0.00293768 0.000533824 0.999996 0.0599329 0.0750142 0.135308
FixedParameters: 0 0 0

#Transform 132
Transform: AffineTransform_float_3_3
Parameters: 0.999997 -0.000637756 0.00260496 0.000639471 1 -0.000502899 -0.00260405 0.000504257 0.999997 0.0646549 0.0285144 0.0924814
FixedParameters: 0 0 0

#Transform 133
Transform: AffineTransform_float_3_3
Parameters: 0.999995 -0.00111275 0.00292549 0.00111187 0.999999 0.000182374 -0.00292576 -0.000179557 0.999995 0.0724857 -0.0221642 0.0976791
FixedParameters: 0 0 0

#Transform 134
Transform: AffineTransform_float_3_3
Parameters: 0.999998 -0.000934375 0.00162158 0.000934273 1 0.000435048 -0.00162156 -0.000433735 0.999999 0.0659075 -0.0852357 0.135394
FixedParameters: 0 0 0

#Transform 135
Transform: AffineTransform_float_3_3
Parameters: 0.999999 -0.00127431 1.69534e-05 0.00127414 0.999996 -0.00278194 -1.24988e-05 0.00278156 0.999996 0.101527 -0.0604776 0.244127
FixedParameters: 0 0 0

#Transform 136
Transform: AffineTransform_float_3_3
Parameters: 0.999999 -0.00130287 0.000624101 0.00130419 0.999997 -0.00213751 -0.000620589 0.00213904 0.999998 0.11243 -0.0963546 0.250305
FixedParameters: 0 0 0

#Transform 137
Transform: AffineTransform_float_3_3
Parameters: 0.999996 -0.00154716 0.00237152 0.00154912 0.999998 -0.000817726 -0.00236937 0.000821263 0.999997 0.108206 0.00516471 0.123688
FixedParameters: 0 0 0

#Transform 138
Transform: AffineTransform_float_3_3
Parameters: 0.999995 -0.00160576 0.00249477 0.00160789 0.999999 -0.00078985 -0.00249284 0.00079316 0.999997 0.0997226 0.0118928 0.089926
FixedParameters: 0 0 0

#Transform 139
Transform: AffineTransform_float_3_3
Parameters: 0.999997 -0.00105866 0.00230745 0.00105889 0.999999 -0.000231319 -0.0023067 0.000233819 0.999997 0.0780898 0.0109433 0.13508
FixedParameters: 0 0 0

#Transform 140
Transform: AffineTransform_float_3_3
Parameters: 0.999999 -0.000697251 0.000412773 0.000697818 0.999999 -0.000687283 -0.000411814 0.000687858 0.999999 0.0954156 -0.0944657 0.171021
FixedParameters: 0 0 0

#Transform 141
Transform: AffineTransform_float_3_3
Parameters: 0.999999 -0.00111157 0.00153165 0.00111422 0.999998 -0.00166326 -0.00153051 0.00166466 0.999997 0.0893391 0.0493988 0.147171
FixedParameters: 0 0 0

#Transform 142
Transform: AffineTransform_float_3_3
Parameters: 0.999996 -0.00120891 0.00263597 0.00121115 0.999999 -0.00102015 -0.0026348 0.00102305 0.999996 0.0871488 -0.00996693 0.0966166
FixedParameters: 0 0 0

#Transform 143
Transform: AffineTransform_float_3_3
Parameters: 0.999996 -0.00140876 0.00270247 0.00141038 0.999999 -0.000304093 -0.00270241 0.000308503 0.999996 0.0987319 0.0773053 0.114252
FixedParameters: 0 0 0

#Transform 144
Transform: AffineTransform_float_3_3
Parameters: 0.999997 -0.00125383 0.0019992 0.00125231 0.999999 0.000421485 -0.00200005 -0.000419191 0.999997 0.0883422 -0.0479574 0.14958
FixedParameters: 0 0 0

#Transform 145
Transform: AffineTransform_float_3_3
Parameters: 0.999999 -0.00157265 0.000452819 0.00157337 0.999997 -0.00144509 -0.000451171 0.00144608 0.999998 0.122642 0.00558726 0.159617
FixedParameters: 0 0 0

#Transform 146
Transform: AffineTransform_float_3_3
Parameters: 0.999998 -0.00157213 0.000577569 0.00157265 0.999997 -0.00176903 -0.000574868 0.00177032 0.999998 0.117347 -0.0711623 0.184707
FixedParameters: 0 0 0

#Transform 147
Transform: AffineTransform_float_3_3
Parameters: 0.999999 -0.00105739 0.000954466 0.00105932 0.999997 -0.00218963 -0.000951732 0.00219057 0.999997 0.113696 -0.0318661 0.190133
FixedParameters: 0 0 0

#Transform 148
Transform: AffineTransform_float_3_3
Parameters: 0.999996 -0.00110526 0.00268217 0.00110966 0.999998 -0.00181097 -0.00268033 0.00181368 0.999995 0.104053 0.0452828 0.131909
FixedParameters: 0 0 0

#Transform 149
Transform: AffineTransform_float_3_3
Parameters: 0.999994 -0.0014646 0.00319142 0.00146888 0.999998 -0.00133507 -0.00318964 0.00133947 0.999994 0.105152 0.0428947 0.147137
FixedParameters: 0 0 0
