#Insight Transform File V1.0
#Transform 0
Transform: AffineTransform_float_3_3
Parameters: 0.999998 0.000583805 -0.00154783 -0.000583878 1 -0.00035245 0.00154721 0.000352605 0.999999 -0.0344208 -0.0492285 0.00981401
FixedParameters: 0 0 0

#Transform 1
Transform: AffineTransform_float_3_3
Parameters: 1 0.000227579 -0.000981489 -0.000226675 1 0.000400248 0.000981674 -0.000399802 0.999999 -0.013554 -0.0889033 0.0407837
FixedParameters: 0 0 0

#Transform 2
Transform: AffineTransform_float_3_3
Parameters: 0.999999 0.000221313 -0.00120934 -0.000221495 1 -0.000124147 0.00120929 0.000124682 0.999999 -0.0239934 -0.0691857 0.0397372
FixedParameters: 0 0 0

#Transform 3
Transform: AffineTransform_float_3_3
Parameters: 1 0.000340991 -0.00113284 -0.000340051 1 0.000817042 0.00113374 -0.000817073 0.999999 -0.0347961 -0.0841223 0.00832674
FixedParameters: 0 0 0

#Transform 4
Transform: AffineTransform_float_3_3
Parameters: 1 3.99675e-05 -0.000676386 -3.92401e-05 1 0.000537741 0.000676429 -0.000537687 0.999999 0.00668719 -0.088091 0.0781822
FixedParameters: 0 0 0

#Transform 5
Transform: AffineTransform_float_3_3
Parameters: 0.999999 -0.000478311 -0.00114958 0.000477774 1 -0.000280205 0.00114981 0.000279677 1 0.0104838 -0.0573925 0.0366394
FixedParameters: 0 0 0

#Transform 6
Transform: AffineTransform_float_3_3
Parameters: 1 1.0541e-05 -0.0011819 -1.11023e-05 1 -0.000282403 0.00118186 0.000283 0.999999 0.00104891 -0.058309 0.0306117
FixedParameters: 0 0 0

#Transform 7
Transform: AffineTransform_float_3_3
Parameters: 0.999999 0.000661897 -0.00118457 -0.000665625 0.999992 -0.00378887 0.00118183 0.00379034 0.999992 -0.0176046 0.0450494 -0.152121
FixedParameters: 0 0 0

#Transform 8
Transform: AffineTransform_float_3_3
Parameters: 0.999999 0.000415117 -0.000783747 -0.000416558 0.999999 -0.00144845 0.000782239 0.00144909 0.999998 0.00501086 -0.00638857 -0.061611
FixedParameters: 0 0 0

#Transform 9
Transform: AffineTransform_float_3_3
Parameters: 0.999999 -0.000195214 -0.00131765 0.0001926 0.999998 -0.0020344 0.00131755 0.0020336 0.999997 0.0176303 0.0727847 -0.0986764
FixedParameters: 0 0 0

#Transform 10
Transform: AffineTransform_float_3_3
Parameters: 1 0.0003193 -0.00108812 -0.000320236 0.999999 -0.00143733 0.00108756 0.00143805 0.999998 0.0102421 -0.0220084 -0.0748012
FixedParameters: 0 0 0

#Transform 11
Transform: AffineTransform_float_3_3
Parameters: 1 0.000428509 -0.000719382 -0.000428992 0.999999 -0.00177825 0.000718206 0.00177889 0.999998 -0.0116732 -0.0208869 -0.0826937
FixedParameters: 0 0 0

#Transform 12
Transform: AffineTransform_float_3_3
Parameters: 0.999999 0.000784841 -0.000715308 -0.000785363 0.999999 -0.00115225 0.000714146 0.00115342 0.999999 -0.0316446 -0.0325348 -0.0672002
FixedParameters: 0 0 0

#Transform 13
Transform: AffineTransform_float_3_3
Parameters: 0.999999 0.000565175 -0.000371003 -0.000564595 0.999999 -0.000494654 0.000370144 0.000495056 1 -0.0325531 0.00783321 -0.067462
FixedParameters: 0 0 0

#Transform 14
Transform: AffineTransform_float_3_3
Parameters: 0.999999 0.00039088 -0.000881623 -0.000391753 1 -0.00113366 0.000881385 0.00113439 0.999999 -0.0177922 0.0247432 -0.0633217
FixedParameters: 0 0 0

#Transform 15
Transform: AffineTransform_float_3_3
Parameters: 1 0.000133643 -0.000543437 -0.000134884 1 -0.00103325 0.000543156 0.00103339 1 -0.00863302 -0.00688435 -0.0727143
FixedParameters: 0 0 0

#Transform 16
Transform: AffineTransform_float_3_3
Parameters: 1 0.000128855 -0.00100988 -0.000129436 0.999999 -0.000809198 0.00100934 0.000810015 0.999999 0.0109238 0.0229203 -0.0348835
FixedParameters: 0 0 0

#Transform 17
Transform: AffineTransform_float_3_3
Parameters: 1 6.07375e-05 -0.000469211 -6.17135e-05 0.999999 -0.00102746 0.000469048 0.00102809 1 -0.0100146 -0.0180986 -0.0520444
FixedParameters: 0 0 0

#Transform 18
Transform: AffineTransform_float_3_3
Parameters: 1 9.48923e-05 -0.000430843 -9.48653e-05 1 3.13475e-05 0.000430848 -3.12657e-05 1 0.0111497 -0.0397482 -0.00736566
FixedParameters: 0 0 0

#Transform 19
Transform: AffineTransform_float_3_3
Parameters: 1 0.00052582 -0.000421002 -0.000526472 0.999999 -0.000775032 0.000420187 0.000775474 0.999999 -0.00284441 0.0433079 -0.0663511
FixedParameters: 0 0 0

#Transform 20
Transform: AffineTransform_float_3_3
Parameters: 1 0.000185658 -0.000114193 -0.000185748 1 -0.000393772 0.000114047 0.000393814 1 0.00373545 0.017636 -0.0113487
FixedParameters: 0 0 0

#Transform 21
Transform: AffineTransform_float_3_3
Parameters: 1 0.000206574 -0.000490255 -0.000207316 0.999999 -0.000756695 0.000489942 0.000756898 0.999999 0.00679264 0.00388813 -0.0230164
FixedParameters: 0 0 0

#Transform 22
Transform: AffineTransform_float_3_3
Parameters: 0.999999 -0.000488767 0.000572498 0.000488633 1 0.00011733 -0.000572613 -0.000116771 1 0.00109867 0.0240148 -0.00939666
FixedParameters: 0 0 0

#Transform 23
Transform: AffineTransform_float_3_3
Parameters: 1 -0.000181719 0.000113459 0.000181898 0.999999 -0.00078933 -0.000113172 0.000789371 0.999999 -0.00267592 0.0222656 -0.0125315
FixedParameters: 0 0 0

#Transform 24
Transform: AffineTransform_float_3_3
Parameters: 1 -0.000297277 0.000583038 0.000297269 1 3.74658e-05 -0.000583013 -3.79375e-05 1 -0.000460884 -0.0261547 0.0243771
FixedParameters: 0 0 0

#Transform 25
Transform: AffineTransform_float_3_3
Parameters: 1 0.00019866 0.000640161 -0.000199453 1 0.00061963 -0.000639915 -0.000619885 0.999999 -0.017821 0.0246356 0.0434575
FixedParameters: 0 0 0

#Transform 26
Transform: AffineTransform_float_3_3
Parameters: 0.999999 -0.000212135 0.000783949 0.000211741 0.999999 0.000464001 -0.000783146 -0.00046443 0.999999 -0.0320427 -0.0275687 0.034733
FixedParameters: 0 0 0

#Transform 27
Transform: AffineTransform_float_3_3
Parameters: 0.999999 -0.000168751 0.000670149 0.000168973 1 0.000541162 -0.000670631 -0.000540952 0.999999 -0.00407861 -0.0334876 0.0669971
FixedParameters: 0 0 0

#Transform 28
Transform: AffineTransform_float_3_3
Parameters: 0.999999 -0.000724659 0.000315895 0.000724585 0.999999 -0.000354403 -0.000316333 0.000354804 1 0.019733 -0.0148837 0.036769
FixedParameters: 0 0 0

#Transform 29
Transform: AffineTransform_float_3_3
Parameters: 0.999999 -0.00108625 0.000851117 0.00108535 0.999999 0.000728477 -0.000851661 -0.000727961 0.999999 0.0254774 -0.00310926 0.0444472
FixedParameters: 0 0 0

#Transform 30
Transform: AffineTransform_float_3_3
Parameters: 1 -0.00101581 -0.000263943 0.00101646 1 0.00070773 0.000263446 -0.000707962 0.999999 0.0454701 0.00102564 0.055666
FixedParameters: 0 0 0

#Transform 31
Transform: AffineTransform_float_3_3
Parameters: 0.999999 -0.0011983 0.0011798 0.0011975 0.999998 0.00141495 -0.0011818 -0.00141343 0.999998 0.0258953 -0.0509092 0.0807815
FixedParameters: 0 0 0

#Transform 32
Transform: AffineTransform_float_3_3
Parameters: 1 -0.000635808 0.0010018 0.000634697 0.999999 0.00119347 -0.00100261 -0.00119297 0.999999 0.0345118 0.00165619 0.171325
FixedParameters: 0 0 0

#Transform 33
Transform: AffineTransform_float_3_3
Parameters: 0.999998 -0.00141659 0.00145955 0.00141516 0.999998 0.00104902 -0.00146078 -0.00104699 0.999998 0.0550697 -0.0193048 0.158937
FixedParameters: 0 0 0

#Transform 34
Transform: AffineTransform_float_3_3
Parameters: 0.999998 -0.00171803 0.00112085 0.00171613 0.999997 0.00176856 -0.00112333 -0.00176588 0.999998 0.091412 -0.0253916 0.163965
FixedParameters: 0 0 0

#Transform 35
Transform: AffineTransform_float_3_3
Parameters: 0.999998 -0.00157643 0.00096735 0.00157573 0.999998 0.00118069 -0.00096938 -0.00117893 0.999999 0.081073 -0.0075043 0.106151
FixedParameters: 0 0 0

#Transform 36
Transform: AffineTransform_float_3_3
Parameters: 0.999997 -0.001635 0.00166619 0.00163151 0.999996 0.00224456 -0.00167048 -0.00224114 0.999996 0.0714071 -0.0339495 0.127988
FixedParameters: 0 0 0

#Transform 37
Transform: AffineTransform_float_3_3
Parameters: 0.999997 -0.0014177 0.00155115 0.00141591 0.999998 0.00146436 -0.00155291 -0.00146203 0.999998 0.082624 -0.0304561 0.123618
FixedParameters: 0 0 0

#Transform 38
Transform: AffineTransform_float_3_3
Parameters: 0.999996 -0.00189183 0.0017347 0.00188928 0.999997 0.0016172 -0.00173743 -0.00161322 0.999997 0.0761882 0.00199202 0.117823
FixedParameters: 0 0 0

#Transform 39
Transform: AffineTransform_float_3_3
Parameters: 0.999997 -0.00176588 0.00155813 0.0017635 0.999997 0.00166113 -0.00156152 -0.00165908 0.999998 0.0745534 0.0419849 0.126899
FixedParameters: 0 0 0

#Transform 40
Transform: AffineTransform_float_3_3
Parameters: 0.999997 -0.00213595 0.00131788 0.00213365 0.999997 0.00120736 -0.00131997 -0.00120491 0.999999 0.0794369 0.000764853 0.076144
FixedParameters: 0 0 0

#Transform 41
Transform: AffineTransform_float_3_3
Parameters: 0.999998 -0.00158176 0.00166223 0.00157951 0.999997 0.0016411 -0.00166402 -0.00163867 0.999997 0.0552609 0.0149386 0.109089
FixedParameters: 0 0 0

#Transform 42
Transform: AffineTransform_float_3_3
Parameters: 0.999996 -0.00220097 0.00165852 0.002198 0.999996 0.00192299 -0.00166256 -0.00191961 0.999997 0.073619 0.0018885 0.110426
FixedParameters: 0 0 0

#Transform 43
Transform: AffineTransform_float_3_3
Parameters: 0.999996 -0.00216928 0.00175063 0.00216732 0.999996 0.00147699 -0.0017536 -0.0014728 0.999998 0.0962673 -0.00822329 0.143608
FixedParameters: 0 0 0

#Transform 44
Transform: AffineTransform_float_3_3
Parameters: 0.999996 -0.00225229 0.00169469 0.00225141 0.999998 0.000747078 -0.00169624 -0.000742695 0.999998 0.0954172 0.0456487 0.0882297
FixedParameters: 0 0 0

#Transform 45
Transform: AffineTransform_float_3_3
Parameters: 0.999996 -0.00223039 0.00159499 0.00222688 0.999995 0.00213229 -0.00160004 -0.00212966 0.999996 0.089831 0.026712 0.109305
FixedParameters: 0 0 0

#Transform 46
Transform: AffineTransform_float_3_3
Parameters: 0.999996 -0.00217354 0.00181299 0.00217029 0.999996 0.00144077 -0.00181647 -0.00143633 0.999998 0.0752641 -0.0249382 0.0995191
FixedParameters: 0 0 0

#Transform 47
Transform: AffineTransform_float_3_3
Parameters: 0.999996 -0.00214356 0.00186299 0.00214077 0.999996 0.00153292 -0.00186707 -0.00152839 0.999997 0.0934379 0.0156613 0.111018
FixedParameters: 0 0 0

#Transform 48
Transform: AffineTransform_float_3_3
Parameters: 0.999997 -0.00196592 0.0017381 0.00196456 0.999998 0.000539641 -0.00173909 -0.00053553 0.999998 0.0878958 0.0668303 0.0817573
FixedParameters: 0 0 0

#Transform 49
Transform: AffineTransform_float_3_3
Parameters: 0.999996 -0.00221422 0.00177063 0.00221035 0.999996 0.00170453 -0.0017744 -0.00170064 0.999997 0.0969155 -0.00629611 0.110929
FixedParameters: 0 0 0

#Transform 50
Transform: AffineTransform_float_3_3
Parameters: 0.999995 -0.00250743 0.00188754 0.00250457 0.999996 0.00128573 -0.00189112 -0.00128085 0.999997 0.0909338 -0.00478901 0.094575
FixedParameters: 0 0 0

#Transform 51
Transform: AffineTransform_float_3_3
Parameters: 0.999994 -0.00260367 0.00194501 0.00260033 0.999996 0.00150616 -0.00194804 -0.00150132 0.999997 0.093924 0.0103281 0.128606
FixedParameters: 0 0 0

#Transform 52
Transform: AffineTransform_float_3_3
Parameters: 0.999997 -0.00199072 0.00172042 0.00198923 0.999998 0.000681 -0.001721 -0.000677635 0.999999 0.056158 0.0463011 0.126164
FixedParameters: 0 0 0

#Transform 53
Transform: AffineTransform_float_3_3
Parameters: 0.999995 -0.00268428 0.00199807 0.00268092 0.999995 0.0017352 -0.00200287 -0.00172977 0.999997 0.0900792 0.0324392 0.120091
FixedParameters: 0 0 0

#Transform 54
Transform: AffineTransform_float_3_3
Parameters: 0.999996 -0.00225363 0.00207574 0.00225107 0.999996 0.00106234 -0.0020786 -0.00105787 0.999997 0.0633345 0.0561974 0.126081
FixedParameters: 0 0 0

#Transform 55
Transform: AffineTransform_float_3_3
Parameters: 0.999994 -0.00253474 0.00227142 0.00253117 0.999996 0.00158235 -0.00227487 -0.00157695 0.999996 0.0860096 -0.0121893 0.168075
FixedParameters: 0 0 0

#Transform 56
Transform: AffineTransform_float_3_3
Parameters: 0.999995 -0.00239145 0.00214929 0.00238854 0.999997 0.0011503 -0.00215188 -0.00114542 0.999997 0.0787024 0.0647235 0.158147
FixedParameters: 0 0 0

#Transform 57
Transform: AffineTransform_float_3_3
Parameters: 0.999995 -0.00195042 0.00218781 0.00194803 0.999998 0.00122364 -0.00219005 -0.00121938 0.999997 0.0630174 0.0650141 0.131799
FixedParameters: 0 0 0

#Transform 58
Transform: AffineTransform_float_3_3
Parameters: 0.999995 -0.00221447 0.00250726 0.00221156 0.999997 0.00120313 -0.00250996 -0.00119769 0.999996 0.0769441 0.0384118 0.149728
FixedParameters: 0 0 0

#Transform 59
Transform: AffineTransform_float_3_3
Parameters: 0.999994 -0.00240257 0.00259608 0.00239839 0.999996 0.00165438 -0.0026007 -0.00164835 0.999996 0.0854084 0.0259361 0.153965
FixedParameters: 0 0 0

#Transform 60
Transform: AffineTransform_float_3_3
Parameters: 0.999993 -0.00275313 0.00251386 0.00274876 0.999995 0.00165553 -0.0025174 -0.00164858 0.999996 0.101648 0.0261113 0.15189
FixedParameters: 0 0 0

#Transform 61
Transform: AffineTransform_float_3_3
Parameters: 0.999995 -0.00245053 0.00210783 0.00245036 0.999997 0.000104167 -0.00210807 -9.80058e-05 0.999998 0.0639978 0.104209 0.122012
FixedParameters: 0 0 0

#Transform 62
Transform: AffineTransform_float_3_3
Parameters: 0.999993 -0.00284489 0.00240665 0.00284274 0.999995 0.000842309 -0.00240938 -0.000835464 0.999996 0.0954553 0.0263175 0.167231
FixedParameters: 0 0 0

#Transform 63
Transform: AffineTransform_float_3_3
Parameters: 0.999994 -0.00281211 0.00228873 0.00281077 0.999996 0.00042995 -0.00228979 -0.000423152 0.999997 0.0892463 0.0616654 0.164496
FixedParameters: 0 0 0

#Transform 64
Transform: AffineTransform_float_3_3
Parameters: 0.999993 -0.00299863 0.00227048 0.00299493 0.999994 0.00134043 -0.00227456 -0.00133354 0.999997 0.109507 0.0149188 0.181209
FixedParameters: 0 0 0

#Transform 65
Transform: AffineTransform_float_3_3
Parameters: 0.999994 -0.00258461 0.00256776 0.00258081 0.999996 0.00135757 -0.00257206 -0.00135135 0.999996 0.0877347 0.0526231 0.215786
FixedParameters: 0 0 0

#Transform 66
Transform: AffineTransform_float_3_3
Parameters: 0.999993 -0.00314286 0.00227771 0.00314063 0.999994 0.00091034 -0.00228134 -0.00090344 0.999997 0.108506 0.0828351 0.154262
FixedParameters: 0 0 0

#Transform 67
Transform: AffineTransform_float_3_3
Parameters: 0.999994 -0.00272963 0.00215169 0.00272753 0.999996 0.000964138 -0.002154 -0.000958366 0.999997 0.100865 0.0748782 0.188147
FixedParameters: 0 0 0

#Transform 68
Transform: AffineTransform_float_3_3
Parameters: 0.999993 -0.002607 0.00236975 0.00260364 0.999996 0.00134528 -0.0023741 -0.00133916 0.999996 0.0993753 0.0631749 0.167307
FixedParameters: 0 0 0

#Transform 69
Transform: AffineTransform_float_3_3
Parameters: 0.999992 -0.0030373 0.00278395 0.00303277 0.999994 0.00150012 -0.00278834 -0.00149154 0.999995 0.106649 0.061019 0.183488
FixedParameters: 0 0 0

#Transform 70
Transform: AffineTransform_float_3_3
Parameters: 0.999993 -0.00273692 0.00244614 0.00273426 0.999996 0.000742114 -0.00244785 -0.000735561 0.999996 0.105293 0.0812797 0.197385
FixedParameters: 0 0 0

#Transform 71
Transform: AffineTransform_float_3_3
Parameters: 0.999993 -0.003056 0.00241412 0.00305377 0.999995 0.000861409 -0.00241729 -0.000854073 0.999996 0.101494 0.0355963 0.192179
FixedParameters: 0 0 0

#Transform 72
Transform: AffineTransform_float_3_3
Parameters: 0.999994 -0.00292433 0.00208394 0.00292223 0.999995 0.00109594 -0.00208644 -0.00108967 0.999997 0.127281 0.0673889 0.237137
FixedParameters: 0 0 0

#Transform 73
Transform: AffineTransform_float_3_3
Parameters: 0.999994 -0.00274644 0.00230186 0.00274488 0.999996 0.000746113 -0.00230395 -0.0007395 0.999997 0.0997637 0.117069 0.182092
FixedParameters: 0 0 0

#Transform 74
Transform: AffineTransform_float_3_3
Parameters: 0.999993 -0.00263847 0.0022903 0.00263386 0.999994 0.00210495 -0.00229523 -0.00209889 0.999995 0.0984704 0.0168204 0.220961
FixedParameters: 0 0 0

#Transform 75
Transform: AffineTransform_float_3_3
Parameters: 0.999994 -0.0027432 0.00218218 0.00274268 0.999996 0.000409302 -0.00218436 -0.000402901 0.999998 0.0884306 0.0541861 0.187319
FixedParameters: 0 0 0

#Transform 76
Transform: AffineTransform_float_3_3
Parameters: 0.999994 -0.00290906 0.0021806 0.00290506 0.999994 0.00174015 -0.00218616 -0.00173333 0.999996 0.114349 0.0415334 0.19501
FixedParameters: 0 0 0

#Transform 77
Transform: AffineTransform_float_3_3
Parameters: 0.999995 -0.00244986 0.00221052 0.00244747 0.999996 0.00103519 -0.00221263 -0.00103058 0.999997 0.0843169 0.0588716 0.212643
FixedParameters: 0 0 0

#Transform 78
Transform: AffineTransform_float_3_3
Parameters: 0.999994 -0.00283225 0.00231812 0.0028299 0.999996 0.000649373 -0.0023204 -0.000643133 0.999997 0.097842 0.0766152 0.179072
FixedParameters: 0 0 0

#Transform 79
Transform: AffineTransform_float_3_3
Parameters: 0.999992 -0.00305653 0.0025424 0.00305304 0.999994 0.00159695 -0.00254777 -0.0015895 0.999995 0.113769 0.0118467 0.223982
FixedParameters: 0 0 0

#Transform 80
Transform: AffineTransform_float_3_3
Parameters: 0.999993 -0.00278153 0.00219326 0.00277927 0.999996 0.000912827 -0.00219634 -0.000906655 0.999997 0.0912733 0.0770073 0.204481
FixedParameters: 0 0 0

#Transform 81
Transform: AffineTransform_float_3_3
Parameters: 0.999992 -0.00307202 0.00268868 0.00306644 0.999993 0.00185293 -0.00269348 -0.00184381 0.999995 0.105773 0.0350392 0.235822
FixedParameters: 0 0 0

#Transform 82
Transform: AffineTransform_float_3_3
Parameters: 0.999994 -0.00286744 0.00200004 0.00286867 0.999996 -0.000403408 -0.00199924 0.000408633 0.999998 0.0973022 0.127587 0.167406
FixedParameters: 0 0 0

#Transform 83
Transform: AffineTransform_float_3_3
Parameters: 0.999992 -0.00331216 0.00219478 0.0033107 0.999994 0.000487998 -0.00219658 -0.00048092 0.999998 0.121872 0.0514968 0.177258
FixedParameters: 0 0 0

#Transform 84
Transform: AffineTransform_float_3_3
Parameters: 0.999995 -0.00294119 0.0015297 0.00293891 0.999995 0.00154788 -0.00153401 -0.00154367 0.999997 0.0986011 0.123903 0.203009
FixedParameters: 0 0 0

#Transform 85
Transform: AffineTransform_float_3_3
Parameters: 0.999993 -0.00331239 0.00168427 0.00330804 0.999991 0.00259668 -0.00169308 -0.00259147 0.999995 0.104446 0.0435211 0.275885
FixedParameters: 0 0 0

#Transform 86
Transform: AffineTransform_float_3_3
Parameters: 0.999995 -0.00288668 0.00152064 0.00288411 0.999994 0.00168869 -0.00152563 -0.00168413 0.999997 0.114931 0.070374 0.286288
FixedParameters: 0 0 0

#Transform 87
Transform: AffineTransform_float_3_3
Parameters: 0.999994 -0.00278431 0.00232504 0.00278062 0.999995 0.0015744 -0.0023292 -0.00156814 0.999996 0.114086 0.0236302 0.275461
FixedParameters: 0 0 0

#Transform 88
Transform: AffineTransform_float_3_3
Parameters: 0.999994 -0.00295689 0.00191448 0.00295683 0.999995 -0.000330272 -0.00191374 0.000335363 0.999999 0.112042 0.150049 0.158336
FixedParameters: 0 0 0

#Transform 89
Transform: AffineTransform_float_3_3
Parameters: 0.999994 -0.00235048 0.00225091 0.00235118 0.999997 -8.66564e-05 -0.00225019 9.22499e-05 0.999997 0.0706529 0.125517 0.163606
FixedParameters: 0 0 0

#Transform 90
Transform: AffineTransform_float_3_3
Parameters: 0.999996 -0.00203612 0.00189839 0.0020344 0.999997 0.00059793 -0.00189965 -0.000593741 0.999998 0.066808 0.0515545 0.267272
FixedParameters: 0 0 0

#Transform 91
Transform: AffineTransform_float_3_3
Parameters: 0.999996 -0.00239579 0.00184113 0.00239547 0.999997 0.000163308 -0.00184161 -0.000159227 0.999998 0.0743554 0.114327 0.220015
FixedParameters: 0 0 0

#Transform 92
Transform: AffineTransform_float_3_3
Parameters: 0.999995 -0.00267445 0.00178323 0.00267354 0.999996 0.000733812 -0.00178524 -0.000728914 0.999999 0.0812086 0.103905 0.204384
FixedParameters: 0 0 0

#Transform 93
Transform: AffineTransform_float_3_3
Parameters: 0.999995 -0.00232891 0.00185119 0.00232868 0.999997 0.000100857 -0.00185139 -9.64043e-05 0.999999 0.0669339 0.152385 0.178315
FixedParameters: 0 0 0

#Transform 94
Transform: AffineTransform_float_3_3
Parameters: 0.999993 -0.00252113 0.00250455 0.00251931 0.999996 0.000989874 -0.00250692 -0.000982911 0.999996 0.0688413 0.0888315 0.214074
FixedParameters: 0 0 0

#Transform 95
Transform: AffineTransform_float_3_3
Parameters: 0.999994 -0.00268684 0.00222542 0.00268827 0.999996 -0.000316633 -0.00222431 0.000322975 0.999997 0.0754486 0.159868 0.104557
FixedParameters: 0 0 0

#Transform 96
Transform: AffineTransform_float_3_3
Parameters: 0.999994 -0.00286549 0.00210845 0.00286222 0.999994 0.00163437 -0.00211321 -0.00162898 0.999997 0.0821304 0.11561 0.0926306
FixedParameters: 0 0 0

#Transform 97
Transform: AffineTransform_float_3_3
Parameters: 0.999992 -0.00309196 0.00216943 0.00308876 0.999993 0.00189521 -0.00217495 -0.00188813 0.999995 0.0984114 0.201151 0.0340501
FixedParameters: 0 0 0

#Transform 98
Transform: AffineTransform_float_3_3
Parameters: 0.999992 -0.0031629 0.00262741 0.00315636 0.999993 0.00227815 -0.00263451 -0.00227027 0.999994 0.0990196 0.121885 0.0773504
FixedParameters: 0 0 0

#Transform 99
Transform: AffineTransform_float_3_3
Parameters: 0.999991 -0.00297326 0.00304735 0.002967 0.999994 0.00205041 -0.00305348 -0.00204136 0.999993 0.0856242 0.109454 0.112427
FixedParameters: 0 0 0

#Transform 100
Transform: AffineTransform_float_3_3
Parameters: 0.999994 -0.00262394 0.00223529 0.00262302 0.999996 0.000622537 -0.0022366 -0.000616267 0.999997 0.0927368 0.135135 0.179325
FixedParameters: 0 0 0

#Transform 101
Transform: AffineTransform_float_3_3
Parameters: 0.999993 -0.00248177 0.00250583 0.00247765 0.999995 0.0017322 -0.00251019 -0.00172533 0.999995 0.108445 0.149475 0.193548
FixedParameters: 0 0 0

#Transform 102
Transform: AffineTransform_float_3_3
Parameters: 0.999994 -0.00252713 0.00252994 0.00252432 0.999996 0.00142201 -0.00253381 -0.00141542 0.999995 0.0908877 0.132614 0.195265
FixedParameters: 0 0 0

#Transform 103
Transform: AffineTransform_float_3_3
Parameters: 0.999993 -0.00239289 0.00274313 0.00238704 0.999996 0.00190799 -0.00274793 -0.00190207 0.999995 0.0969773 0.1105 0.196778
FixedParameters: 0 0 0

#Transform 104
Transform: AffineTransform_float_3_3
Parameters: 0.999993 -0.00244098 0.0025865 0.00243863 0.999997 0.000820269 -0.00258853 -0.000813351 0.999996 0.091012 0.13974 0.181221
FixedParameters: 0 0 0

#Transform 105
Transform: AffineTransform_float_3_3
Parameters: 0.999994 -0.00259625 0.00234021 0.00259352 0.999996 0.00129331 -0.00234331 -0.00128734 0.999997 0.107126 0.128051 0.214825
FixedParameters: 0 0 0

#Transform 106
Transform: AffineTransform_float_3_3
Parameters: 0.999994 -0.00256745 0.00248387 0.00256418 0.999997 0.00110071 -0.00248656 -0.00109418 0.999996 0.106839 0.127037 0.203272
FixedParameters: 0 0 0

#Transform 107
Transform: AffineTransform_float_3_3
Parameters: 0.999994 -0.00257214 0.00255043 0.00256759 0.999994 0.00209486 -0.00255529 -0.0020886 0.999994 0.102884 0.11557 0.18796
FixedParameters: 0 0 0

#Transform 108
Transform: AffineTransform_float_3_3
Parameters: 0.999993 -0.00250396 0.00269179 0.00250077 0.999996 0.00118456 -0.00269501 -0.00117814 0.999995 0.103133 0.125978 0.190261
FixedParameters: 0 0 0

#Transform 109
Transform: AffineTransform_float_3_3
Parameters: 0.999993 -0.00275616 0.00267369 0.00275251 0.999995 0.00156631 -0.002678 -0.00155853 0.999995 0.115034 0.127579 0.223084
FixedParameters: 0 0 0

#Transform 110
Transform: AffineTransform_float_3_3
Parameters: 0.999994 -0.0027345 0.00239025 0.00273227 0.999996 0.00118779 -0.00239312 -0.00118089 0.999997 0.107515 0.142437 0.208598
FixedParameters: 0 0 0

#Transform 111
Transform: AffineTransform_float_3_3
Parameters: 0.999992 -0.00278442 0.00273787 0.00277788 0.999993 0.00252737 -0.00274531 -0.00251976 0.999993 0.0968873 0.0947458 0.249593
FixedParameters: 0 0 0

#Transform 112
Transform: AffineTransform_float_3_3
Parameters: 0.999992 -0.00287872 0.0027078 0.0028741 0.999994 0.00150194 -0.00271272 -0.00149417 0.999996 0.116962 0.136442 0.205537
FixedParameters: 0 0 0

#Transform 113
Transform: AffineTransform_float_3_3
Parameters: 0.999993 -0.00283838 0.00256288 0.00283336 0.999994 0.00193721 -0.00256857 -0.00193013 0.999995 0.112138 0.110366 0.235849
FixedParameters: 0 0 0

#Transform 114
Transform: AffineTransform_float_3_3
Parameters: 0.999993 -0.00293887 0.0025345 0.00293538 0.999995 0.00118433 -0.00253749 -0.00117617 0.999996 0.117121 0.176701 0.200157
FixedParameters: 0 0 0

#Transform 115
Transform: AffineTransform_float_3_3
Parameters: 0.999992 -0.00306537 0.00269681 0.00306034 0.999994 0.00190732 -0.00270215 -0.00189959 0.999995 0.116892 0.0839544 0.243531
FixedParameters: 0 0 0

#Transform 116
Transform: AffineTransform_float_3_3
Parameters: 0.999992 -0.00299326 0.0023088 0.00298763 0.999993 0.00204216 -0.00231546 -0.00203497 0.999995 0.0987445 0.160292 0.242265
FixedParameters: 0 0 0

#Transform 117
Transform: AffineTransform_float_3_3
Parameters: 0.999992 -0.00287637 0.0026395 0.00286823 0.999992 0.00278087 -0.00264757 -0.00277382 0.999993 0.10872 0.109898 0.252233
FixedParameters: 0 0 0

#Transform 118
Transform: AffineTransform_float_3_3
Parameters: 0.999993 -0.00296922 0.00239817 0.00296467 0.999994 0.00183632 -0.00240251 -0.00182948 0.999996 0.108876 0.143854 0.228604
FixedParameters: 0 0 0

#Transform 119
Transform: AffineTransform_float_3_3
Parameters: 0.999993 -0.00297386 0.00233708 0.00296734 0.999992 0.00259993 -0.00234441 -0.0025925 0.999994 0.118757 0.104133 0.212679
FixedParameters: 0 0 0

#Transform 120
Transform: AffineTransform_float_3_3
Parameters: 0.999991 -0.00293935 0.00274448 0.00293367 0.999994 0.00214046 -0.00275105 -0.00213257 0.999994 0.118473 0.122905 0.229541
FixedParameters: 0 0 0

#Transform 121
Transform: AffineTransform_float_3_3
Parameters: 0.999989 -0.00312803 0.0033639 0.0031193 0.999993 0.00246055 -0.00337152 -0.00244987 0.999991 0.106059 0.107348 0.22109
FixedParameters: 0 0 0

#Transform 122
Transform: AffineTransform_float_3_3
Parameters: 0.999991 -0.00272859 0.00298884 0.00272353 0.999995 0.00164299 -0.00299343 -0.00163446 0.999994 0.0961513 0.153613 0.25604
FixedParameters: 0 0 0

#Transform 123
Transform: AffineTransform_float_3_3
Parameters: 0.999991 -0.00321457 0.00278524 0.00320917 0.999993 0.0016962 -0.00279039 -0.00168796 0.999995 0.113958 0.134131 0.216756
FixedParameters: 0 0 0

#Transform 124
Transform: AffineTransform_float_3_3
Parameters: 0.999991 -0.00318026 0.00268466 0.00317394 0.999993 0.00218863 -0.00269127 -0.0021803 0.999995 0.106878 0.0958286 0.246502
FixedParameters: 0 0 0

#Transform 125
Transform: AffineTransform_float_3_3
Parameters: 0.999992 -0.00271253 0.00298027 0.00270527 0.999993 0.00267236 -0.00298747 -0.0026638 0.999991 0.098994 0.129448 0.213351
FixedParameters: 0 0 0

#Transform 126
Transform: AffineTransform_float_3_3
Parameters: 0.99999 -0.00294072 0.00329219 0.00293061 0.999991 0.0029356 -0.00330014 -0.00292537 0.999991 0.106307 0.0806219 0.272992
FixedParameters: 0 0 0

#Transform 127
Transform: AffineTransform_float_3_3
Parameters: 0.99999 -0.00317363 0.00320341 0.00316649 0.999992 0.00235283 -0.00321061 -0.00234229 0.999992 0.111501 0.114995 0.218373
FixedParameters: 0 0 0

#Transform 128
Transform: AffineTransform_float_3_3
Parameters: 0.99999 -0.00297373 0.00319826 0.00296561 0.999992 0.00249076 -0.00320535 -0.00248154 0.999992 0.109672 0.0972154 0.250063
FixedParameters: 0 0 0

#Transform 129
Transform: AffineTransform_float_3_3
Parameters: 0.99999 -0.00335451 0.00297444 0.00334744 0.999992 0.00227056 -0.00298257 -0.00226076 0.999993 0.126032 0.12091 0.203355
FixedParameters: 0 0 0

#Transform 130
Transform: AffineTransform_float_3_3
Parameters: 0.99999 -0.00336394 0.00302355 0.00335624 0.999992 0.00240424 -0.00303169 -0.00239342 0.999993 0.113718 0.160163 0.237645
FixedParameters: 0 0 0

#Transform 131
Transform: AffineTransform_float_3_3
Parameters: 0.999989 -0.00358742 0.00313985 0.00358049 0.999991 0.00235207 -0.00314887 -0.00234104 0.999992 0.119698 0.17451 0.200448
FixedParameters: 0 0 0

#Transform 132
Transform: AffineTransform_float_3_3
Parameters: 0.99999 -0.00324811 0.00307196 0.00324033 0.999992 0.00235962 -0.00307926 -0.00234919 0.999993 0.105645 0.124953 0.247987
FixedParameters: 0 0 0

#Transform 133
Transform: AffineTransform_float_3_3
Parameters: 0.99999 -0.00305615 0.00314523 0.00305008 0.999993 0.00197578 -0.00315123 -0.00196563 0.999993 0.0917226 0.16136 0.211566
FixedParameters: 0 0 0

#Transform 134
Transform: AffineTransform_float_3_3
Parameters: 0.99999 -0.00318421 0.00325648 0.00317552 0.999991 0.00294408 -0.0032652 -0.00293356 0.99999 0.0919071 0.138695 0.254585
FixedParameters: 0 0 0

#Transform 135
Transform: AffineTransform_float_3_3
Parameters: 0.999988 -0.00337928 0.00339625 0.00336973 0.99999 0.00295907 -0.00340611 -0.00294797 0.99999 0.0856362 0.14943 0.22923
FixedParameters: 0 0 0

#Transform 136
Transform: AffineTransform_float_3_3
Parameters: 0.99999 -0.00309437 0.00313933 0.00308298 0.999989 0.00344155 -0.00315063 -0.00343177 0.999989 0.0871408 0.104408 0.300718
FixedParameters: 0 0 0

#Transform 137
Transform: AffineTransform_float_3_3
Parameters: 0.999989 -0.00338232 0.00327761 0.00337441 0.999991 0.0022792 -0.0032849 -0.0022682 0.999992 0.0981173 0.152573 0.232607
FixedParameters: 0 0 0

#Transform 138
Transform: AffineTransform_float_3_3
Parameters: 0.99999 -0.00349548 0.00288015 0.00348712 0.99999 0.00286521 -0.00289048 -0.00285563 0.999992 0.0962332 0.123502 0.283654
FixedParameters: 0 0 0

#Transform 139
Transform: AffineTransform_float_3_3
Parameters: 0.999989 -0.0037031 0.00299797 0.00369471 0.999988 0.00302304 -0.003009 -0.00301211 0.999991 0.100474 0.124634 0.217693
FixedParameters: 0 0 0

#Transform 140
Transform: AffineTransform_float_3_3
Parameters: 0.999988 -0.00346192 0.00346442 0.00345085 0.999988 0.00330046 -0.00347647 -0.00328828 0.999989 0.0827899 0.12139 0.261313
FixedParameters: 0 0 0

#Transform 141
Transform: AffineTransform_float_3_3
Parameters: 0.999988 -0.00338429 0.00356047 0.00337483 0.999991 0.00262874 -0.00356973 -0.0026166 0.99999 0.0920156 0.0989119 0.246525
FixedParameters: 0 0 0

#Transform 142
Transform: AffineTransform_float_3_3
Parameters: 0.999991 -0.00313172 0.00297746 0.00312255 0.99999 0.00311461 -0.00298669 -0.00310535 0.99999 0.0846152 0.104437 0.287712
FixedParameters: 0 0 0

#Transform 143
Transform: AffineTransform_float_3_3
Parameters: 0.999991 -0.00324576 0.00264292 0.0032387 0.999992 0.00257679 -0.00265164 -0.0025689 0.999993 0.103584 0.104014 0.326296
FixedParameters: 0 0 0

#Transform 144
Transform: AffineTransform_float_3_3
Parameters: 0.999992 -0.00287501 0.00265104 0.00286547 0.99999 0.003511 -0.00266104 -0.00350375 0.99999 0.100159 0.0829818 0.332407
FixedParameters: 0 0 0

#Transform 145
Transform: AffineTransform_float_3_3
Parameters: 0.999992 -0.00313533 0.00268068 0.00312844 0.999992 0.00252884 -0.00268857 -0.00252073 0.999993 0.101436 0.130708 0.316798
FixedParameters: 0 0 0

#Transform 146
Transform: AffineTransform_float_3_3
Parameters: 0.999991 -0.00337072 0.00263208 0.00335913 0.999983 0.00459674 -0.00264669 -0.00458857 0.999986 0.1193 0.0692655 0.432786
FixedParameters: 0 0 0

#Transform 147
Transform: AffineTransform_float_3_3
Parameters: 0.999993 -0.00284412 0.00236076 0.00283578 0.999989 0.00365298 -0.00237141 -0.00364672 0.99999 0.106074 0.150272 0.429748
FixedParameters: 0 0 0

#Transform 148
Transform: AffineTransform_float_3_3
Parameters: 0.999991 -0.00331837 0.00252173 0.00330809 0.999987 0.00395943 -0.00253497 -0.00395026 0.999989 0.11754 0.120196 0.408452
FixedParameters: 0 0 0

#Transform 149
Transform: AffineTransform_float_3_3
Parameters: 0.999991 -0.00324591 0.00258172 0.0032364 0.999988 0.00353211 -0.00259221 -0.00352378 0.99999 0.109368 0.114014 0.42991
FixedParameters: 0 0 0
