#Insight Transform File V1.0
#Transform 0
Transform: AffineTransform_float_3_3
Parameters: 0.99999 0.00219106 -0.00401321 -0.0021876 0.999997 0.000893183 0.00401559 -0.000884267 0.999991 -0.104729 -0.0407638 0.00226774
FixedParameters: 0 0 0

#Transform 1
Transform: AffineTransform_float_3_3
Parameters: 0.999992 0.00174685 -0.00373075 -0.00174352 0.999998 0.000962638 0.00373166 -0.000956937 0.999993 -0.0890056 -0.0879227 0.0612466
FixedParameters: 0 0 0

#Transform 2
Transform: AffineTransform_float_3_3
Parameters: 0.999991 0.00172311 -0.00374584 -0.00172362 0.999998 -0.00016057 0.00374494 0.000167005 0.999993 -0.0838697 -0.0151677 0.054053
FixedParameters: 0 0 0

#Transform 3
Transform: AffineTransform_float_3_3
Parameters: 0.999993 0.00211813 -0.00325126 -0.00211626 0.999998 0.000540664 0.00325165 -0.000533239 0.999995 -0.0774373 -0.0649274 -0.00271613
FixedParameters: 0 0 0

#Transform 4
Transform: AffineTransform_float_3_3
Parameters: 0.999993 0.00160693 -0.00344691 -0.00160677 0.999999 5.67964e-05 0.00344698 -5.12789e-05 0.999994 -0.0679245 -0.0892112 0.05395
FixedParameters: 0 0 0

#Transform 5
Transform: AffineTransform_float_3_3
Parameters: 0.999991 0.00188901 -0.00365905 -0.00189149 0.999998 -0.000627845 0.00365806 0.000634754 0.999993 -0.0707644 -0.0616988 0.0122776
FixedParameters: 0 0 0

#Transform 6
Transform: AffineTransform_float_3_3
Parameters: 0.999989 0.00260191 -0.00389707 -0.00259541 0.999995 0.00178716 0.00390153 -0.00177771 0.999991 -0.113921 -0.0479122 -0.115385
FixedParameters: 0 0 0

#Transform 7
Transform: AffineTransform_float_3_3
Parameters: 0.999989 0.00249339 -0.00398226 -0.00250197 0.999995 -0.00223717 0.00397704 0.00224778 0.999989 -0.139925 0.206011 -0.349741
FixedParameters: 0 0 0

#Transform 8
Transform: AffineTransform_float_3_3
Parameters: 0.999995 0.00179288 -0.0025965 -0.0017953 0.999998 -0.000668826 0.00259477 0.000673562 0.999997 -0.114708 -0.22384 -0.0552009
FixedParameters: 0 0 0

#Transform 9
Transform: AffineTransform_float_3_3
Parameters: 1 -0.00046493 0.000456017 0.000465958 1 -0.00109043 -0.000454989 0.00109085 1 0.0764483 -0.0498847 -0.222796
FixedParameters: 0 0 0

#Transform 10
Transform: AffineTransform_float_3_3
Parameters: 0.999991 0.000241956 0.00405156 -0.000237526 0.999999 -0.00120578 -0.00405204 0.00120441 0.999991 0.0583138 -0.06042 -0.27074
FixedParameters: 0 0 0

#Transform 11
Transform: AffineTransform_float_3_3
Parameters: 0.999998 -0.000154465 0.00228272 0.000154307 1 8.67742e-06 -0.00228275 -8.97445e-06 0.999997 0.0350417 -0.00432474 -0.221246
FixedParameters: 0 0 0

#Transform 12
Transform: AffineTransform_float_3_3
Parameters: 0.999999 -5.85229e-05 0.00155147 6.17872e-05 0.999999 -0.00174128 -0.0015518 0.00174099 0.999998 0.0152632 -0.00904758 -0.173772
FixedParameters: 0 0 0

#Transform 13
Transform: AffineTransform_float_3_3
Parameters: 0.999999 -9.86661e-05 0.00135553 0.000101024 0.999998 -0.00167118 -0.00135575 0.00167097 0.999998 0.0302289 -0.057765 -0.132254
FixedParameters: 0 0 0

#Transform 14
Transform: AffineTransform_float_3_3
Parameters: 0.999999 -0.000290087 0.000976319 0.000290309 0.999999 -0.00071874 -0.00097665 0.000719738 0.999999 0.0352262 0.0282628 -0.09476
FixedParameters: 0 0 0

#Transform 15
Transform: AffineTransform_float_3_3
Parameters: 1 4.40513e-05 7.55946e-05 -4.38091e-05 0.999999 -0.00137922 -7.57036e-05 0.00137922 0.999999 0.0294669 0.0837308 -0.0371633
FixedParameters: 0 0 0

#Transform 16
Transform: AffineTransform_float_3_3
Parameters: 1 4.83276e-05 0.000142306 -4.82572e-05 1 -0.000247135 -0.00014233 0.000247122 1 0.0207597 -0.0647001 -0.0335932
FixedParameters: 0 0 0

#Transform 17
Transform: AffineTransform_float_3_3
Parameters: 1 -7.07143e-05 0.000642504 7.19921e-05 0.999999 -0.000991101 -0.000642344 0.000991603 1 0.0137604 0.0743608 -0.0533729
FixedParameters: 0 0 0

#Transform 18
Transform: AffineTransform_float_3_3
Parameters: 1 6.02322e-05 0.000156625 -5.98414e-05 1 -0.00114045 -0.00015675 0.00114043 1 -0.000279327 -0.0222128 -0.0380959
FixedParameters: 0 0 0

#Transform 19
Transform: AffineTransform_float_3_3
Parameters: 1 0.000182862 0.000310828 -0.000182955 1 0.000148876 -0.000310774 -0.00014899 1 -0.000201134 -0.0548609 0.00834077
FixedParameters: 0 0 0

#Transform 20
Transform: AffineTransform_float_3_3
Parameters: 1 0.000134168 0.0005395 -0.000133852 1 -0.000292339 -0.000539578 0.000292194 1 0.00637849 0.00376762 0.0112736
FixedParameters: 0 0 0

#Transform 21
Transform: AffineTransform_float_3_3
Parameters: 1 0.000384622 0.000169424 -0.000384015 1 -0.00107574 -0.000169261 0.00107559 1 0.00491826 0.0349564 0.0413239
FixedParameters: 0 0 0

#Transform 22
Transform: AffineTransform_float_3_3
Parameters: 1 0.000886212 -0.00046513 -0.000886827 1 -0.000657713 0.000463945 0.000658126 0.999999 -0.00818112 0.0728803 -0.0309344
FixedParameters: 0 0 0

#Transform 23
Transform: AffineTransform_float_3_3
Parameters: 1 0.000575157 -0.000114235 -0.000575068 1 0.000390551 0.000114684 -0.000390419 1 -0.0102369 0.0458898 0.0143943
FixedParameters: 0 0 0

#Transform 24
Transform: AffineTransform_float_3_3
Parameters: 0.999999 0.00049205 -0.000525513 -0.000492222 1 -0.000151921 0.000525351 0.000151526 1 -0.00693426 0.041252 0.010398
FixedParameters: 0 0 0

#Transform 25
Transform: AffineTransform_float_3_3
Parameters: 0.999999 0.000489321 -0.00051705 -0.000489181 1 0.000338953 0.000516404 -0.000338429 1 -0.00815662 -0.0257981 -0.00309362
FixedParameters: 0 0 0

#Transform 26
Transform: AffineTransform_float_3_3
Parameters: 1 8.37362e-05 -0.000482737 -8.37569e-05 1 -2.1367e-05 0.000482733 2.14479e-05 1 -0.00457715 0.0304098 0.000909594
FixedParameters: 0 0 0

#Transform 27
Transform: AffineTransform_float_3_3
Parameters: 1 -1.01121e-05 -0.000390934 9.58152e-06 1 -0.000678623 0.000390948 0.000678616 0.999999 -0.0034463 0.0209242 -0.0205575
FixedParameters: 0 0 0

#Transform 28
Transform: AffineTransform_float_3_3
Parameters: 1 -1.803e-05 -0.000367756 1.85493e-05 1 0.000706153 0.00036773 -0.000706166 0.999999 -0.0389996 -0.031506 0.0220767
FixedParameters: 0 0 0

#Transform 29
Transform: AffineTransform_float_3_3
Parameters: 1 0.000406154 -0.000433078 -0.000405242 0.999998 0.00230429 0.000434216 -0.00230392 0.999998 -0.0370729 -0.0427392 -0.0013509
FixedParameters: 0 0 0

#Transform 30
Transform: AffineTransform_float_3_3
Parameters: 0.999999 0.00101656 -0.000976022 -0.00101451 0.999997 0.00186391 0.000977084 -0.00186278 0.999998 -0.0141454 0.0410973 -0.055715
FixedParameters: 0 0 0

#Transform 31
Transform: AffineTransform_float_3_3
Parameters: 0.999999 0.000887253 -0.00160664 -0.00088538 0.999998 0.00127326 0.00160832 -0.0012718 0.999998 -0.0471458 -0.06714 -0.0418357
FixedParameters: 0 0 0

#Transform 32
Transform: AffineTransform_float_3_3
Parameters: 0.999998 0.000739851 -0.00193459 -0.000739623 1 7.44441e-05 0.00193466 -7.3405e-05 0.999998 -0.0529639 0.0599704 -0.0495222
FixedParameters: 0 0 0

#Transform 33
Transform: AffineTransform_float_3_3
Parameters: 0.999999 0.000768228 -0.00162161 -0.000767234 1 0.000687252 0.00162187 -0.000685653 0.999998 -0.0456883 0.0215694 -0.031968
FixedParameters: 0 0 0

#Transform 34
Transform: AffineTransform_float_3_3
Parameters: 0.999999 0.000611816 -0.00128652 -0.00061128 0.999999 0.00105429 0.00128724 -0.00105361 0.999998 -0.0412922 0.0730128 -0.0167593
FixedParameters: 0 0 0

#Transform 35
Transform: AffineTransform_float_3_3
Parameters: 0.999999 0.000232018 -0.00139231 -0.0002314 1 0.000233298 0.00139243 -0.000232242 0.999999 -0.0403738 0.0544574 -0.0266685
FixedParameters: 0 0 0

#Transform 36
Transform: AffineTransform_float_3_3
Parameters: 0.999999 0.000610572 -0.00168871 -0.000607622 0.999999 0.00158339 0.00168907 -0.00158311 0.999997 -0.0582581 -0.0135192 -0.0541929
FixedParameters: 0 0 0

#Transform 37
Transform: AffineTransform_float_3_3
Parameters: 1 0.000521037 -0.0010128 -0.000518388 0.999998 0.00198099 0.00101313 -0.0019799 0.999997 -0.0303682 -0.00163408 -0.0693456
FixedParameters: 0 0 0

#Transform 38
Transform: AffineTransform_float_3_3
Parameters: 0.999999 0.000615297 -0.0017089 -0.000613746 0.999999 0.00109986 0.00170969 -0.00109824 0.999998 -0.0450098 0.0778442 -0.10131
FixedParameters: 0 0 0

#Transform 39
Transform: AffineTransform_float_3_3
Parameters: 0.999998 0.000199514 -0.00160691 -0.000197966 1 0.00108883 0.00160778 -0.00108778 0.999998 -0.0403836 -0.019721 -0.0401033
FixedParameters: 0 0 0

#Transform 40
Transform: AffineTransform_float_3_3
Parameters: 0.999999 0.0006001 -0.00128409 -0.000598603 0.999999 0.00105016 0.00128456 -0.00104951 0.999998 -0.0430824 -0.0159638 -0.027581
FixedParameters: 0 0 0

#Transform 41
Transform: AffineTransform_float_3_3
Parameters: 0.999999 0.000133283 -0.00175102 -0.000133062 1 0.000143852 0.00175008 -0.000143458 0.999999 -0.0386045 0.122 -0.092336
FixedParameters: 0 0 0

#Transform 42
Transform: AffineTransform_float_3_3
Parameters: 0.999999 0.000351114 -0.00122892 -0.0003504 1 0.00117135 0.00122918 -0.00117047 0.999998 -0.048348 0.0811543 -0.0401107
FixedParameters: 0 0 0

#Transform 43
Transform: AffineTransform_float_3_3
Parameters: 0.999998 0.00071932 -0.00145177 -0.000718891 1 0.000488875 0.00145267 -0.000487695 0.999999 -0.0553587 0.0897155 -0.0382845
FixedParameters: 0 0 0

#Transform 44
Transform: AffineTransform_float_3_3
Parameters: 0.999998 0.000928723 -0.00135789 -0.000927662 0.999999 0.0008369 0.00135865 -0.000836182 0.999999 -0.0674999 0.0240587 -0.0671109
FixedParameters: 0 0 0

#Transform 45
Transform: AffineTransform_float_3_3
Parameters: 0.999999 0.000533979 -0.00126795 -0.000532203 0.999999 0.00117341 0.00126842 -0.00117295 0.999998 -0.0687121 0.0466374 -0.0196653
FixedParameters: 0 0 0

#Transform 46
Transform: AffineTransform_float_3_3
Parameters: 0.999999 0.000264715 -0.000916048 -0.000263763 1 0.00103437 0.000916817 -0.00103388 0.999999 -0.0499108 0.0224144 -0.0144593
FixedParameters: 0 0 0

#Transform 47
Transform: AffineTransform_float_3_3
Parameters: 0.999999 0.000504452 -0.00126347 -0.000503618 0.999999 0.000430193 0.00126292 -0.000429403 0.999999 -0.0640689 0.119078 -0.0876808
FixedParameters: 0 0 0

#Transform 48
Transform: AffineTransform_float_3_3
Parameters: 1 0.000398431 -0.00110131 -0.000396957 0.999999 0.00121356 0.00110149 -0.00121357 0.999999 -0.0558566 0.0162575 -0.00240696
FixedParameters: 0 0 0

#Transform 49
Transform: AffineTransform_float_3_3
Parameters: 0.999999 8.56188e-05 -0.00141187 -8.53259e-05 1 0.000114513 0.0014119 -0.000113861 0.999999 -0.0594049 0.119993 -0.074161
FixedParameters: 0 0 0

#Transform 50
Transform: AffineTransform_float_3_3
Parameters: 1 0.000235667 -0.00116173 -0.000234573 0.999999 0.00140061 0.00116185 -0.00139963 0.999999 -0.0593497 -0.0214772 -0.0036351
FixedParameters: 0 0 0

#Transform 51
Transform: AffineTransform_float_3_3
Parameters: 0.999999 0.000122377 -0.00121194 -0.000121567 0.999999 0.000836534 0.00121138 -0.000835807 0.999999 -0.0515602 0.0720338 -0.0257023
FixedParameters: 0 0 0

#Transform 52
Transform: AffineTransform_float_3_3
Parameters: 0.999998 0.000525977 -0.00156167 -0.000525101 0.999999 0.000365536 0.00156106 -0.00036529 0.999999 -0.0637057 0.0480223 -0.0757938
FixedParameters: 0 0 0

#Transform 53
Transform: AffineTransform_float_3_3
Parameters: 1 0.000119222 -0.00120104 -0.000117823 0.999999 0.00148243 0.00120085 -0.00148171 0.999998 -0.0459168 0.0131089 -0.0407147
FixedParameters: 0 0 0

#Transform 54
Transform: AffineTransform_float_3_3
Parameters: 0.999999 0.000179706 -0.000945698 -0.000179194 0.999999 0.000791484 0.000946198 -0.000791643 1 -0.0540805 0.0903598 -0.0367775
FixedParameters: 0 0 0

#Transform 55
Transform: AffineTransform_float_3_3
Parameters: 0.999998 -5.46568e-05 -0.00171002 5.60492e-05 0.999999 0.000703778 0.00171016 -0.000704056 0.999999 -0.0510788 0.0677993 -0.0771902
FixedParameters: 0 0 0

#Transform 56
Transform: AffineTransform_float_3_3
Parameters: 1 0.000158825 -0.00105381 -0.000156857 0.999998 0.00195014 0.00105386 -0.0019507 0.999997 -0.0603586 0.0540157 -0.0466729
FixedParameters: 0 0 0

#Transform 57
Transform: AffineTransform_float_3_3
Parameters: 1 0.000140696 -0.000518671 -0.00014103 1 0.000619722 0.000519056 -0.000619573 0.999999 -0.0575054 0.0806991 -0.0146941
FixedParameters: 0 0 0

#Transform 58
Transform: AffineTransform_float_3_3
Parameters: 0.999999 0.00115531 -0.00133129 -0.00115167 0.999995 0.00310227 0.00133539 -0.00310044 0.999994 -0.0698014 0.0834943 0.0212948
FixedParameters: 0 0 0

#Transform 59
Transform: AffineTransform_float_3_3
Parameters: 1 0.000589177 -0.00030963 -0.000588356 0.999994 0.0035584 0.000311152 -0.00355931 0.999994 -0.0619774 0.0967523 0.0674392
FixedParameters: 0 0 0

#Transform 60
Transform: AffineTransform_float_3_3
Parameters: 0.999997 0.00102846 -0.0020933 -0.00101555 0.99998 0.0061989 0.00209988 -0.00619676 0.999979 -0.0821604 0.211464 0.165139
FixedParameters: 0 0 0

#Transform 61
Transform: AffineTransform_float_3_3
Parameters: 0.999995 0.00174494 -0.0026321 -0.00172439 0.99997 0.00756494 0.00264554 -0.00756001 0.999968 -0.124007 0.0528153 0.160692
FixedParameters: 0 0 0

#Transform 62
Transform: AffineTransform_float_3_3
Parameters: 0.999996 0.00148156 -0.00249223 -0.00146503 0.999978 0.00648886 0.00250173 -0.0064858 0.999976 -0.119259 0.1528 0.172059
FixedParameters: 0 0 0

#Transform 63
Transform: AffineTransform_float_3_3
Parameters: 0.999995 -0.000888706 -0.00293139 0.00090615 0.999981 0.00603295 0.00292578 -0.00603613 0.999978 0.0537745 0.112438 0.201677
FixedParameters: 0 0 0

#Transform 64
Transform: AffineTransform_float_3_3
Parameters: 0.999994 -0.000590149 -0.00330404 0.000609055 0.999984 0.00565188 0.0033005 -0.00565423 0.999979 0.03267 0.126237 0.135238
FixedParameters: 0 0 0

#Transform 65
Transform: AffineTransform_float_3_3
Parameters: 0.999995 -0.00107568 -0.00303891 0.00109473 0.99998 0.0062089 0.00303185 -0.00621251 0.999976 0.0537029 0.102456 0.175589
FixedParameters: 0 0 0

#Transform 66
Transform: AffineTransform_float_3_3
Parameters: 0.999994 -0.000949789 -0.0033497 0.000969449 0.999982 0.00576936 0.00334405 -0.00577288 0.999978 0.0508593 0.130267 0.151574
FixedParameters: 0 0 0

#Transform 67
Transform: AffineTransform_float_3_3
Parameters: 0.999993 -0.000115398 -0.00369013 0.000138502 0.99998 0.00623618 0.00368971 -0.00623686 0.999974 -0.0277137 0.114337 0.146962
FixedParameters: 0 0 0

#Transform 68
Transform: AffineTransform_float_3_3
Parameters: 0.999996 0.000208049 -0.0028993 -0.000191306 0.999982 0.00586631 0.00290051 -0.00586612 0.999979 -0.0375277 0.167357 0.160877
FixedParameters: 0 0 0

#Transform 69
Transform: AffineTransform_float_3_3
Parameters: 0.999994 0.000512872 -0.00315648 -0.000496333 0.999986 0.00510243 0.00315904 -0.00510111 0.999982 -0.0405523 0.168453 0.134867
FixedParameters: 0 0 0

#Transform 70
Transform: AffineTransform_float_3_3
Parameters: 0.999993 0.000749591 -0.00364296 -0.000729485 0.999985 0.00537144 0.00364699 -0.00536837 0.999979 -0.0954493 0.129766 0.103261
FixedParameters: 0 0 0

#Transform 71
Transform: AffineTransform_float_3_3
Parameters: 0.999991 0.000191949 -0.00408832 -0.000186832 0.999999 0.00128149 0.00408888 -0.00128119 0.999991 -0.158203 0.4032 0.0184538
FixedParameters: 0 0 0

#Transform 72
Transform: AffineTransform_float_3_3
Parameters: 0.999996 0.00110797 -0.00226258 -0.0010937 0.99998 0.0062896 0.00226958 -0.00628673 0.999978 -0.1242 -0.0908779 0.298343
FixedParameters: 0 0 0

#Transform 73
Transform: AffineTransform_float_3_3
Parameters: 0.999998 0.00063685 -0.00173147 -0.000625746 0.999981 0.00621633 0.00173577 -0.00621543 0.99998 -0.0466812 0.0490542 0.265873
FixedParameters: 0 0 0

#Transform 74
Transform: AffineTransform_float_3_3
Parameters: 0.999997 0.000468404 -0.002548 -0.000453539 0.999982 0.00599246 0.00255002 -0.00599146 0.999979 -0.024573 0.172275 0.171507
FixedParameters: 0 0 0

#Transform 75
Transform: AffineTransform_float_3_3
Parameters: 0.999998 0.00121293 -0.00155173 -0.00120223 0.999979 0.00642334 0.00155934 -0.00642253 0.999978 -0.0617588 0.175403 0.160393
FixedParameters: 0 0 0

#Transform 76
Transform: AffineTransform_float_3_3
Parameters: 0.999999 0.000766573 -0.00155365 -0.000756393 0.99998 0.00637206 0.00155861 -0.00637137 0.999978 -0.0455395 0.0947921 0.16135
FixedParameters: 0 0 0

#Transform 77
Transform: AffineTransform_float_3_3
Parameters: 0.999997 0.00172748 -0.0015964 -0.00171739 0.999979 0.00619812 0.00160786 -0.00619552 0.99998 -0.0991997 0.105349 0.17485
FixedParameters: 0 0 0

#Transform 78
Transform: AffineTransform_float_3_3
Parameters: 0.999996 0.00170775 -0.00189992 -0.0016975 0.999983 0.00549343 0.00190988 -0.00548988 0.999983 -0.100385 0.174817 0.115041
FixedParameters: 0 0 0

#Transform 79
Transform: AffineTransform_float_3_3
Parameters: 0.999997 0.00164513 -0.00164094 -0.00163523 0.999983 0.00564819 0.00165031 -0.00564573 0.999983 -0.0979249 0.17523 0.14552
FixedParameters: 0 0 0

#Transform 80
Transform: AffineTransform_float_3_3
Parameters: 0.999999 0.0010405 -0.00142807 -0.00103482 0.999992 0.00398754 0.00143257 -0.0039863 0.999991 -0.0919985 0.210471 0.118378
FixedParameters: 0 0 0

#Transform 81
Transform: AffineTransform_float_3_3
Parameters: 0.999998 0.00141873 -0.00177371 -0.00140723 0.999978 0.00646218 0.00178351 -0.00645968 0.999978 -0.0976172 0.162963 0.239855
FixedParameters: 0 0 0

#Transform 82
Transform: AffineTransform_float_3_3
Parameters: 0.999997 0.00141619 -0.00181628 -0.00140593 0.999983 0.00568159 0.00182456 -0.0056794 0.999982 -0.0958454 0.270136 0.241188
FixedParameters: 0 0 0

#Transform 83
Transform: AffineTransform_float_3_3
Parameters: 0.999995 0.0007654 -0.00298933 -0.000753045 0.999991 0.00421553 0.00299245 -0.00421327 0.999987 -0.0624952 0.183117 0.0303732
FixedParameters: 0 0 0

#Transform 84
Transform: AffineTransform_float_3_3
Parameters: 0.999999 0.00101353 -0.00132755 -0.00100491 0.999983 0.00580366 0.00133383 -0.00580307 0.999982 -0.0915822 0.0969714 0.16157
FixedParameters: 0 0 0

#Transform 85
Transform: AffineTransform_float_3_3
Parameters: 0.999998 0.000530239 -0.00146599 -0.000521981 0.999986 0.00528469 0.00146927 -0.00528356 0.999985 -0.0893121 0.121744 0.163604
FixedParameters: 0 0 0

#Transform 86
Transform: AffineTransform_float_3_3
Parameters: 0.999998 0.00103729 -0.00128204 -0.00103156 0.999988 0.00485282 0.00128759 -0.00485137 0.999987 -0.0905899 0.135523 0.146057
FixedParameters: 0 0 0

#Transform 87
Transform: AffineTransform_float_3_3
Parameters: 0.999999 0.00105539 -0.00106691 -0.00104928 0.999983 0.0055995 0.00107306 -0.00559894 0.999984 -0.0886657 0.170611 0.120146
FixedParameters: 0 0 0

#Transform 88
Transform: AffineTransform_float_3_3
Parameters: 0.999999 0.00079038 -0.000960919 -0.00078576 0.999986 0.00525962 0.000965517 -0.00525892 0.999986 -0.0861761 0.163201 0.154876
FixedParameters: 0 0 0

#Transform 89
Transform: AffineTransform_float_3_3
Parameters: 0.999998 0.000856786 -0.00129351 -0.000850668 0.99999 0.00452782 0.00129751 -0.00452642 0.999989 -0.0855874 0.112263 0.115268
FixedParameters: 0 0 0

#Transform 90
Transform: AffineTransform_float_3_3
Parameters: 0.999999 0.000942666 -0.000859207 -0.00093859 0.999987 0.00512068 0.000863943 -0.00512027 0.999986 -0.0863351 0.164298 0.150658
FixedParameters: 0 0 0

#Transform 91
Transform: AffineTransform_float_3_3
Parameters: 0.999999 0.00092693 -0.000931377 -0.00092198 0.999986 0.00519106 0.000936096 -0.00519014 0.999986 -0.0868064 0.159246 0.161435
FixedParameters: 0 0 0

#Transform 92
Transform: AffineTransform_float_3_3
Parameters: 0.999999 0.00114331 -0.000983334 -0.00113866 0.999988 0.00479646 0.000989374 -0.00479501 0.999988 -0.0894095 0.103951 0.153341
FixedParameters: 0 0 0

#Transform 93
Transform: AffineTransform_float_3_3
Parameters: 0.999999 0.000636914 -0.000266076 -0.000635324 0.999985 0.00542143 0.000269456 -0.00542102 0.999986 -0.084702 0.104789 0.195623
FixedParameters: 0 0 0

#Transform 94
Transform: AffineTransform_float_3_3
Parameters: 0.999999 0.00109167 -0.000976445 -0.0010866 0.999989 0.00456093 0.000981253 -0.00455959 0.999989 -0.11502 0.175006 0.175158
FixedParameters: 0 0 0

#Transform 95
Transform: AffineTransform_float_3_3
Parameters: 0.999998 0.00119683 -0.00100325 -0.00119212 0.99999 0.0042819 0.00100832 -0.00428071 0.99999 -0.121657 0.151801 0.206132
FixedParameters: 0 0 0

#Transform 96
Transform: AffineTransform_float_3_3
Parameters: 1 0.000645015 -0.000635602 -0.000641499 0.999986 0.00535974 0.000639357 -0.00536016 0.999985 -0.0990276 0.18435 0.221063
FixedParameters: 0 0 0

#Transform 97
Transform: AffineTransform_float_3_3
Parameters: 1 0.0006444 -0.000638538 -0.000641068 0.999986 0.00535978 0.00064131 -0.00536019 0.999985 -0.0990108 0.193126 0.183207
FixedParameters: 0 0 0

#Transform 98
Transform: AffineTransform_float_3_3
Parameters: 0.999999 0.000778343 -0.000423084 -0.000776684 0.999981 0.00612722 0.000427608 -0.00612645 0.999981 -0.112551 0.0826793 0.20891
FixedParameters: 0 0 0

#Transform 99
Transform: AffineTransform_float_3_3
Parameters: 1 0.00046491 0.000391781 -0.00046729 0.999983 0.00572 -0.000388617 -0.00571942 0.999983 -0.0892703 0.231388 0.19016
FixedParameters: 0 0 0

#Transform 100
Transform: AffineTransform_float_3_3
Parameters: 0.999999 0.000674085 -0.000494906 -0.00067101 0.999985 0.00539965 0.000498862 -0.00539891 0.999986 -0.0991344 0.15496 0.143559
FixedParameters: 0 0 0

#Transform 101
Transform: AffineTransform_float_3_3
Parameters: 1 0.000370035 6.09931e-05 -0.000369618 0.999984 0.00564514 -5.87876e-05 -0.00564516 0.999984 -0.0882564 0.165501 0.158625
FixedParameters: 0 0 0

#Transform 102
Transform: AffineTransform_float_3_3
Parameters: 1 0.000330258 -0.000155205 -0.000328657 0.999987 0.0050815 0.000156757 -0.00508136 0.999987 -0.0934822 0.206938 0.148443
FixedParameters: 0 0 0

#Transform 103
Transform: AffineTransform_float_3_3
Parameters: 1 0.00038985 0.00014831 -0.000390392 0.999985 0.0054847 -0.000146 -0.00548387 0.999985 -0.0791655 0.1549 0.160536
FixedParameters: 0 0 0

#Transform 104
Transform: AffineTransform_float_3_3
Parameters: 1 0.000384877 0.000140385 -0.000385585 0.999983 0.0058219 -0.000138835 -0.00582197 0.999983 -0.0910934 0.217465 0.216055
FixedParameters: 0 0 0

#Transform 105
Transform: AffineTransform_float_3_3
Parameters: 1 0.000611375 3.96464e-06 -0.000611709 0.999985 0.0055524 -9.06679e-07 -0.00555274 0.999984 -0.0941499 0.184927 0.187451
FixedParameters: 0 0 0

#Transform 106
Transform: AffineTransform_float_3_3
Parameters: 1 0.000369107 8.98201e-05 -0.000369004 0.999979 0.00635676 -8.70492e-05 -0.00635679 0.99998 -0.0916276 0.209305 0.213779
FixedParameters: 0 0 0

#Transform 107
Transform: AffineTransform_float_3_3
Parameters: 1 0.000388635 0.000134666 -0.000389029 0.999986 0.00531694 -0.000132526 -0.00531701 0.999986 -0.0897136 0.300192 0.199761
FixedParameters: 0 0 0

#Transform 108
Transform: AffineTransform_float_3_3
Parameters: 1 0.000450216 0.000189637 -0.000451247 0.999984 0.00572923 -0.000186448 -0.00572978 0.999983 -0.0733702 0.15389 0.165022
FixedParameters: 0 0 0

#Transform 109
Transform: AffineTransform_float_3_3
Parameters: 1 0.000263985 0.000325978 -0.000265504 0.999983 0.00594904 -0.000324006 -0.0059492 0.999983 -0.0803731 0.199255 0.208865
FixedParameters: 0 0 0

#Transform 110
Transform: AffineTransform_float_3_3
Parameters: 1 0.000336372 -0.000103878 -0.000335122 0.999984 0.00556473 0.000105843 -0.00556463 0.999984 -0.0745811 0.1793 0.185862
FixedParameters: 0 0 0

#Transform 111
Transform: AffineTransform_float_3_3
Parameters: 1 0.000466996 -0.000157796 -0.000465914 0.99998 0.00632862 0.000161222 -0.00632842 0.99998 -0.0761195 0.146947 0.247461
FixedParameters: 0 0 0

#Transform 112
Transform: AffineTransform_float_3_3
Parameters: 1 0.000387037 0.00012826 -0.00038737 0.999985 0.00534304 -0.000126117 -0.00534311 0.999985 -0.0712741 0.260843 0.252741
FixedParameters: 0 0 0

#Transform 113
Transform: AffineTransform_float_3_3
Parameters: 1 0.000338472 -8.01884e-05 -0.000337369 0.999983 0.00586239 8.24027e-05 -0.00586231 0.999983 -0.0747914 0.150574 0.221722
FixedParameters: 0 0 0

#Transform 114
Transform: AffineTransform_float_3_3
Parameters: 1 0.00021722 0.000177222 -0.000218219 0.99998 0.00620032 -0.000176455 -0.00620037 0.999981 -0.071037 0.206545 0.250607
FixedParameters: 0 0 0

#Transform 115
Transform: AffineTransform_float_3_3
Parameters: 1 0.000378373 9.52215e-05 -0.000379324 0.999981 0.00604568 -9.23762e-05 -0.00604571 0.999981 -0.072752 0.211026 0.191052
FixedParameters: 0 0 0

#Transform 116
Transform: AffineTransform_float_3_3
Parameters: 0.999999 0.000532651 0.000605417 -0.000536743 0.999977 0.00674492 -0.000601696 -0.00674553 0.999977 -0.0710404 0.130113 0.233184
FixedParameters: 0 0 0

#Transform 117
Transform: AffineTransform_float_3_3
Parameters: 1 0.000279076 0.000131059 -0.000279438 0.999985 0.00557839 -0.000129914 -0.00557843 0.999985 -0.0738445 0.211542 0.209834
FixedParameters: 0 0 0

#Transform 118
Transform: AffineTransform_float_3_3
Parameters: 1 0.000528346 -0.00016553 -0.000527404 0.999981 0.00626093 0.000168666 -0.00626109 0.99998 -0.076806 0.142836 0.21514
FixedParameters: 0 0 0

#Transform 119
Transform: AffineTransform_float_3_3
Parameters: 1 0.000561461 0.00032707 -0.00056375 0.999981 0.00625682 -0.000324116 -0.00625713 0.999981 -0.0770554 0.243951 0.248425
FixedParameters: 0 0 0

#Transform 120
Transform: AffineTransform_float_3_3
Parameters: 1 0.000333664 -0.000399541 -0.00033115 0.999983 0.00569779 0.000401012 -0.00569747 0.999983 -0.089013 0.199412 0.21253
FixedParameters: 0 0 0

#Transform 121
Transform: AffineTransform_float_3_3
Parameters: 1 0.000457243 0.000222112 -0.00045804 0.99998 0.00632202 -0.000219434 -0.00632217 0.99998 -0.0899086 0.131258 0.249153
FixedParameters: 0 0 0

#Transform 122
Transform: AffineTransform_float_3_3
Parameters: 1 0.000371327 -0.000205433 -0.00036965 0.999982 0.00599881 0.00020834 -0.00599954 0.999982 -0.0962894 0.246833 0.235291
FixedParameters: 0 0 0

#Transform 123
Transform: AffineTransform_float_3_3
Parameters: 0.999999 0.000766469 -0.000245007 -0.000765045 0.999981 0.00612002 0.000248957 -0.00611954 0.999982 -0.0953097 0.171523 0.231787
FixedParameters: 0 0 0

#Transform 124
Transform: AffineTransform_float_3_3
Parameters: 1 0.00036867 -0.000189841 -0.000367008 0.999978 0.00662359 0.000192259 -0.0066234 0.999978 -0.0749736 0.195324 0.268679
FixedParameters: 0 0 0

#Transform 125
Transform: AffineTransform_float_3_3
Parameters: 1 0.000514499 -5.01512e-05 -0.000513806 0.99998 0.00626806 5.39081e-05 -0.00626795 0.999981 -0.0906488 0.205605 0.277063
FixedParameters: 0 0 0

#Transform 126
Transform: AffineTransform_float_3_3
Parameters: 1 0.00107449 8.60807e-05 -0.00107539 0.99998 0.00611611 -7.97646e-05 -0.00611617 0.999982 -0.0903343 0.231923 0.244188
FixedParameters: 0 0 0

#Transform 127
Transform: AffineTransform_float_3_3
Parameters: 0.999999 0.000938327 -0.000140881 -0.000937189 0.999981 0.00611928 0.000146724 -0.00611891 0.999982 -0.0955724 0.284037 0.270358
FixedParameters: 0 0 0

#Transform 128
Transform: AffineTransform_float_3_3
Parameters: 1 0.000983415 -0.000389312 -0.000981542 0.999982 0.00581297 0.000395472 -0.005813 0.999983 -0.0992671 0.254286 0.217324
FixedParameters: 0 0 0

#Transform 129
Transform: AffineTransform_float_3_3
Parameters: 1 0.000422267 6.89768e-05 -0.00042208 0.999978 0.00664149 -6.62433e-05 -0.0066415 0.999978 -0.0736202 0.174788 0.276788
FixedParameters: 0 0 0

#Transform 130
Transform: AffineTransform_float_3_3
Parameters: 0.999999 0.00083488 4.93296e-05 -0.000835821 0.999979 0.00643734 -4.32059e-05 -0.00643734 0.99998 -0.0808233 0.245337 0.216131
FixedParameters: 0 0 0

#Transform 131
Transform: AffineTransform_float_3_3
Parameters: 1 0.000582125 -0.000182627 -0.000580663 0.999977 0.00678286 0.000187094 -0.00678258 0.999977 -0.0896141 0.120738 0.277879
FixedParameters: 0 0 0

#Transform 132
Transform: AffineTransform_float_3_3
Parameters: 1 0.000471921 -6.92371e-05 -0.000470885 0.999979 0.00656496 7.2744e-05 -0.00656525 0.999978 -0.0767039 0.221238 0.300466
FixedParameters: 0 0 0

#Transform 133
Transform: AffineTransform_float_3_3
Parameters: 0.999999 0.000934105 -9.14326e-05 -0.000933523 0.999976 0.0067745 9.75228e-05 -0.0067742 0.999977 -0.0776213 0.187418 0.284805
FixedParameters: 0 0 0

#Transform 134
Transform: AffineTransform_float_3_3
Parameters: 0.999999 0.000543129 0.000676073 -0.00054764 0.999974 0.00714982 -0.000671939 -0.00715052 0.999974 -0.0688481 0.229407 0.273062
FixedParameters: 0 0 0

#Transform 135
Transform: AffineTransform_float_3_3
Parameters: 1 0.000542059 2.00681e-06 -0.00054213 0.999977 0.00675741 1.69006e-06 -0.00675734 0.999977 -0.0701233 0.238921 0.262279
FixedParameters: 0 0 0

#Transform 136
Transform: AffineTransform_float_3_3
Parameters: 0.999999 0.000787285 8.01044e-05 -0.000787634 0.999979 0.00652732 -7.46717e-05 -0.00652777 0.999978 -0.0802231 0.161439 0.254967
FixedParameters: 0 0 0

#Transform 137
Transform: AffineTransform_float_3_3
Parameters: 1 0.000348055 -8.69703e-05 -0.000347809 0.999978 0.00652768 8.90463e-05 -0.00652757 0.999978 -0.073677 0.215815 0.275751
FixedParameters: 0 0 0

#Transform 138
Transform: AffineTransform_float_3_3
Parameters: 1 0.000352224 -9.10496e-05 -0.000351921 0.999982 0.00600274 9.37386e-05 -0.00600355 0.999982 -0.0738066 0.217914 0.240796
FixedParameters: 0 0 0

#Transform 139
Transform: AffineTransform_float_3_3
Parameters: 1 0.000376032 4.84628e-05 -0.000376578 0.999978 0.00654554 -4.62129e-05 -0.00654553 0.999978 -0.0743922 0.124093 0.274002
FixedParameters: 0 0 0

#Transform 140
Transform: AffineTransform_float_3_3
Parameters: 1 0.000388859 6.693e-05 -0.00038948 0.999984 0.00562316 -6.43132e-05 -0.00562318 0.999984 -0.0924387 0.290747 0.276649
FixedParameters: 0 0 0

#Transform 141
Transform: AffineTransform_float_3_3
Parameters: 1 0.000420712 1.25127e-05 -0.000420783 0.999978 0.00653943 -9.68619e-06 -0.00653939 0.999978 -0.0744056 0.163177 0.260526
FixedParameters: 0 0 0

#Transform 142
Transform: AffineTransform_float_3_3
Parameters: 1 0.000400413 0.00051245 -0.000404388 0.999974 0.00720385 -0.00050892 -0.00720424 0.999974 -0.0692862 0.217958 0.309565
FixedParameters: 0 0 0

#Transform 143
Transform: AffineTransform_float_3_3
Parameters: 0.999999 0.000891711 0.000305536 -0.000893852 0.999981 0.00608511 -0.000299746 -0.00608557 0.999982 -0.0874386 0.24978 0.285675
FixedParameters: 0 0 0

#Transform 144
Transform: AffineTransform_float_3_3
Parameters: 1 0.000899148 0.000375774 -0.000901586 0.999976 0.00679203 -0.000368792 -0.00679262 0.999977 -0.07827 0.162028 0.272469
FixedParameters: 0 0 0

#Transform 145
Transform: AffineTransform_float_3_3
Parameters: 1 0.000290373 0.000102793 -0.000291386 0.999977 0.00685294 -0.000100487 -0.00685338 0.999976 -0.0714765 0.238572 0.298449
FixedParameters: 0 0 0

#Transform 146
Transform: AffineTransform_float_3_3
Parameters: 0.999999 0.00070948 -0.000105864 -0.000708626 0.999981 0.0060302 0.000109747 -0.00602996 0.999982 -0.0768087 0.183415 0.227836
FixedParameters: 0 0 0

#Transform 147
Transform: AffineTransform_float_3_3
Parameters: 1 0.00044087 0.000109657 -0.000441427 0.999975 0.00706598 -0.000107238 -0.00706601 0.999975 -0.0886951 0.205217 0.292667
FixedParameters: 0 0 0

#Transform 148
Transform: AffineTransform_float_3_3
Parameters: 1 0.000434476 -0.000245532 -0.000432658 0.999983 0.00578383 0.000248032 -0.00578356 0.999984 -0.0886841 0.25073 0.284964
FixedParameters: 0 0 0

#Transform 149
Transform: AffineTransform_float_3_3
Parameters: 1 0.00115608 -0.000144572 -0.00115529 0.99998 0.00623155 0.000151368 -0.00623148 0.99998 -0.0895444 0.192954 0.272584
FixedParameters: 0 0 0
