#Insight Transform File V1.0
#Transform 0
Transform: AffineTransform_float_3_3
Parameters: 0.999999 -0.000263163 0.000748815 0.000262701 1 0.00109793 -0.000748613 -0.00109754 0.999999 0.00383225 -0.138776 0.0557432
FixedParameters: 0 0 0

#Transform 1
Transform: AffineTransform_float_3_3
Parameters: 1 9.96524e-05 0.000484648 -0.000100382 0.999999 0.000753072 -0.000484497 -0.000753168 0.999999 -0.00339815 -0.106012 0.0651818
FixedParameters: 0 0 0

#Transform 2
Transform: AffineTransform_float_3_3
Parameters: 1 6.88993e-05 0.000659238 -6.88331e-05 0.999999 0.000687463 -0.000659348 -0.000688472 0.999999 0.0132792 -0.120062 0.0608334
FixedParameters: 0 0 0

#Transform 3
Transform: AffineTransform_float_3_3
Parameters: 0.999999 -0.000315032 0.000736132 0.000313586 0.999999 0.00178063 -0.000736459 -0.00178017 0.999998 0.0222064 -0.133924 0.0695792
FixedParameters: 0 0 0

#Transform 4
Transform: AffineTransform_float_3_3
Parameters: 0.999999 -0.000155576 0.000758921 0.000154691 1 0.000583526 -0.000759102 -0.000583291 0.999999 0.0185181 -0.107069 0.0578768
FixedParameters: 0 0 0

#Transform 5
Transform: AffineTransform_float_3_3
Parameters: 1 -4.86822e-05 0.00109392 4.76319e-05 0.999999 0.00147137 -0.00109349 -0.00147086 0.999999 0.0145878 -0.0724093 0.0504872
FixedParameters: 0 0 0

#Transform 6
Transform: AffineTransform_float_3_3
Parameters: 0.999999 -0.000227423 0.000674136 0.000227252 1 0.00100387 -0.000673813 -0.00100357 1 0.0117517 -0.061702 0.0367484
FixedParameters: 0 0 0

#Transform 7
Transform: AffineTransform_float_3_3
Parameters: 1 -7.29293e-05 0.000984872 7.16804e-05 0.999998 0.00162495 -0.000985511 -0.00162532 0.999999 0.0157054 -0.110398 0.0617839
FixedParameters: 0 0 0

#Transform 8
Transform: AffineTransform_float_3_3
Parameters: 1 -0.000202647 0.000351225 0.000203347 0.999999 0.000694931 -0.000350739 -0.000694793 0.999999 0.0209185 -0.0804793 0.0503158
FixedParameters: 0 0 0

#Transform 9
Transform: AffineTransform_float_3_3
Parameters: 0.999999 -7.60028e-05 0.000819486 7.41696e-05 0.999998 0.00171237 -0.00081993 -0.00171185 0.999998 0.00557014 -0.111508 0.0595548
FixedParameters: 0 0 0

#Transform 10
Transform: AffineTransform_float_3_3
Parameters: 0.999999 -1.40419e-05 0.000907587 1.31494e-05 1 0.00102675 -0.000907813 -0.00102673 0.999999 0.0143825 -0.0687574 0.0393072
FixedParameters: 0 0 0

#Transform 11
Transform: AffineTransform_float_3_3
Parameters: 0.999999 -8.0021e-05 0.000914597 7.81484e-05 0.999998 0.00167165 -0.000914071 -0.0016711 0.999998 0.015817 -0.0562551 0.050775
FixedParameters: 0 0 0

#Transform 12
Transform: AffineTransform_float_3_3
Parameters: 0.999999 -0.000115641 0.000715678 0.000114831 1 0.0005656 -0.000715809 -0.000565435 0.999999 0.0121108 -0.067284 0.0283239
FixedParameters: 0 0 0

#Transform 13
Transform: AffineTransform_float_3_3
Parameters: 1 6.21513e-05 0.000293058 -6.27623e-05 1 0.00103229 -0.000292917 -0.00103233 1 0.0335638 -0.0669176 0.0452334
FixedParameters: 0 0 0

#Transform 14
Transform: AffineTransform_float_3_3
Parameters: 1 -8.60419e-05 0.000327818 8.58108e-05 1 0.000352524 -0.000327878 -0.000352468 1 0.00084217 0.000255235 0.0674331
FixedParameters: 0 0 0

#Transform 15
Transform: AffineTransform_float_3_3
Parameters: 1 0.000298637 0.000237923 -0.000298688 0.999997 0.00214152 -0.00023683 -0.00214167 0.999997 -0.0076507 -0.0328074 0.0835245
FixedParameters: 0 0 0

#Transform 16
Transform: AffineTransform_float_3_3
Parameters: 1 -0.000448379 -0.000432726 0.000448744 0.999998 0.00156078 0.000431547 -0.00156116 0.999998 0.0118342 -0.0179495 0.0814846
FixedParameters: 0 0 0

#Transform 17
Transform: AffineTransform_float_3_3
Parameters: 1 -0.000432911 -0.000374693 0.000433914 0.999999 0.00134908 0.000373535 -0.0013494 0.999999 0.0109289 0.0381867 0.0558039
FixedParameters: 0 0 0

#Transform 18
Transform: AffineTransform_float_3_3
Parameters: 1 -0.000112115 -0.000297534 0.000111741 1 0.0010244 0.000297527 -0.00102446 1 0.019935 -0.0541657 0.0403283
FixedParameters: 0 0 0

#Transform 19
Transform: AffineTransform_float_3_3
Parameters: 1 -7.59464e-05 -0.000130094 7.52171e-05 0.999999 0.000954153 0.00013016 -0.000954166 0.999999 0.00235011 -0.0703239 0.0426935
FixedParameters: 0 0 0

#Transform 20
Transform: AffineTransform_float_3_3
Parameters: 1 3.38551e-05 -0.000150521 -3.37802e-05 1 0.000248753 0.000150537 -0.000248742 1 -0.0004882 -0.00834136 0.001054
FixedParameters: 0 0 0

#Transform 21
Transform: AffineTransform_float_3_3
Parameters: 0.999999 -3.97427e-05 0.000733759 3.87748e-05 1 0.000661273 -0.0007338 -0.000660805 1 -0.00174327 -0.103119 0.0222028
FixedParameters: 0 0 0

#Transform 22
Transform: AffineTransform_float_3_3
Parameters: 1 -2.35012e-05 9.17792e-05 2.34926e-05 1 4.71432e-05 -9.17814e-05 -4.71388e-05 1 6.46228e-05 -0.0311488 -0.000641876
FixedParameters: 0 0 0

#Transform 23
Transform: AffineTransform_float_3_3
Parameters: 1 -0.000111835 0.000166826 0.000111505 0.999999 0.000987875 -0.000167047 -0.000987838 0.999999 0.0020039 -0.0922403 0.0398095
FixedParameters: 0 0 0

#Transform 24
Transform: AffineTransform_float_3_3
Parameters: 1 2.06845e-05 0.000301525 -2.0804e-05 1 0.000198054 -0.000301516 -0.000198067 1 -0.00133954 -0.0321819 0.0703006
FixedParameters: 0 0 0

#Transform 25
Transform: AffineTransform_float_3_3
Parameters: 1 -0.000162848 -0.000534274 0.000162986 1 0.0010503 0.000534154 -0.00105047 1 0.0234907 -0.0559808 0.0482638
FixedParameters: 0 0 0

#Transform 26
Transform: AffineTransform_float_3_3
Parameters: 1 -0.000126705 -0.000373713 0.000126242 1 0.000688049 0.000373749 -0.000688137 0.999999 0.0223621 -0.0669418 0.0516052
FixedParameters: 0 0 0

#Transform 27
Transform: AffineTransform_float_3_3
Parameters: 0.999999 -0.000219777 -0.000797774 0.00022068 1 0.00118306 0.000797475 -0.0011834 0.999999 0.0222702 -0.0854691 0.044712
FixedParameters: 0 0 0

#Transform 28
Transform: AffineTransform_float_3_3
Parameters: 1 -0.000171518 -0.000585537 0.000171214 1 0.000575067 0.00058555 -0.000575261 0.999999 0.0337101 -0.0156021 0.0222767
FixedParameters: 0 0 0

#Transform 29
Transform: AffineTransform_float_3_3
Parameters: 1 9.45056e-05 -0.00035597 -9.49344e-05 0.999999 0.000770533 0.000356326 -0.000770459 0.999999 0.0175528 -0.102046 0.0404731
FixedParameters: 0 0 0

#Transform 30
Transform: AffineTransform_float_3_3
Parameters: 1 0.000367664 -0.000222537 -0.000367509 1 0.000348642 0.000222794 -0.000348478 1 0.0104218 0.00679769 0.0081288
FixedParameters: 0 0 0

#Transform 31
Transform: AffineTransform_float_3_3
Parameters: 1 0.00026169 -0.000199392 -0.000261592 1 0.000246036 0.000199521 -0.000245932 1 0.0129047 -0.0279485 0.0222141
FixedParameters: 0 0 0

#Transform 32
Transform: AffineTransform_float_3_3
Parameters: 1 -0.000216703 -0.000237997 0.000217252 1 0.00116792 0.000237502 -0.00116803 1 0.0239084 -0.0311593 0.0341326
FixedParameters: 0 0 0

#Transform 33
Transform: AffineTransform_float_3_3
Parameters: 1 3.70844e-05 -0.000302112 -3.6779e-05 0.999999 0.000854324 0.000301198 -0.000854304 0.999999 0.0235313 -0.0196456 0.0245776
FixedParameters: 0 0 0

#Transform 34
Transform: AffineTransform_float_3_3
Parameters: 1 -0.000112775 -0.000342379 0.000112684 1 -0.000132784 0.000342409 0.000132707 1 0.0275781 0.0258298 -0.0277364
FixedParameters: 0 0 0

#Transform 35
Transform: AffineTransform_float_3_3
Parameters: 1 -0.000216394 8.27939e-05 0.000216302 1 0.000552969 -8.30331e-05 -0.000552933 1 0.0395214 -0.0343448 0.0184944
FixedParameters: 0 0 0

#Transform 36
Transform: AffineTransform_float_3_3
Parameters: 1 -5.54988e-05 -8.24711e-05 5.54335e-05 1 -0.000395606 8.2515e-05 0.000395597 1 0.0194378 -0.00285097 -0.0241798
FixedParameters: 0 0 0

#Transform 37
Transform: AffineTransform_float_3_3
Parameters: 1 0.00051096 -3.98462e-05 -0.000510989 1 -0.000357999 3.94803e-05 0.000358039 1 0.00625411 0.00687046 -0.0352818
FixedParameters: 0 0 0

#Transform 38
Transform: AffineTransform_float_3_3
Parameters: 1 0.000508153 -4.104e-05 -0.000508145 1 0.000105991 4.11477e-05 -0.000105949 1 0.00673679 -0.0994909 -0.00224026
FixedParameters: 0 0 0

#Transform 39
Transform: AffineTransform_float_3_3
Parameters: 1 0.000515006 -3.81234e-05 -0.000514881 1 -0.00102699 3.80555e-05 0.00102703 1 0.00621386 0.0146325 -0.038963
FixedParameters: 0 0 0

#Transform 40
Transform: AffineTransform_float_3_3
Parameters: 1 0.00050435 -4.26626e-05 -0.000504287 0.999999 0.000734976 4.34039e-05 -0.000734933 0.999999 0.00648896 -0.0659084 -0.0289205
FixedParameters: 0 0 0

#Transform 41
Transform: AffineTransform_float_3_3
Parameters: 1 0.000620646 -0.000317292 -0.000620016 1 -0.000866232 0.000316987 0.00086621 0.999999 -0.0175013 -0.0159847 -0.0753015
FixedParameters: 0 0 0

#Transform 42
Transform: AffineTransform_float_3_3
Parameters: 1 0.000981534 -0.000713134 -0.000981657 0.999999 -0.000916501 0.000712107 0.000916983 1 -0.0255659 -0.00392884 -0.104913
FixedParameters: 0 0 0

#Transform 43
Transform: AffineTransform_float_3_3
Parameters: 0.999999 0.000915679 -0.000126382 -0.000915608 1 -0.000518915 0.000126412 0.000518738 1 -0.0230759 -0.0553178 -0.0705921
FixedParameters: 0 0 0

#Transform 44
Transform: AffineTransform_float_3_3
Parameters: 1 0.0005365 7.66985e-05 -0.000536223 1 -0.000439549 -7.61924e-05 0.000439468 1 -0.0153066 -0.0172853 -0.064982
FixedParameters: 0 0 0

#Transform 45
Transform: AffineTransform_float_3_3
Parameters: 0.999999 0.000646185 0.000553632 -0.000645203 0.999998 -0.00158475 -0.000554478 0.00158404 0.999998 -0.0197199 -0.0101269 -0.115184
FixedParameters: 0 0 0

#Transform 46
Transform: AffineTransform_float_3_3
Parameters: 0.999999 0.000715509 0.000612142 -0.000714068 0.999998 -0.00181223 -0.00061352 0.00181137 0.999998 -0.0156023 -0.00733222 -0.101377
FixedParameters: 0 0 0

#Transform 47
Transform: AffineTransform_float_3_3
Parameters: 1 0.000486043 0.000134804 -0.000486341 0.999999 -0.00178473 -0.000135328 0.0017846 0.999999 0.00376598 -0.0702579 -0.0810678
FixedParameters: 0 0 0

#Transform 48
Transform: AffineTransform_float_3_3
Parameters: 0.999999 0.000725116 8.51146e-05 -0.000725491 0.999997 -0.00235648 -8.73147e-05 0.00235727 0.999997 0.00246926 -0.013 -0.11459
FixedParameters: 0 0 0

#Transform 49
Transform: AffineTransform_float_3_3
Parameters: 0.999999 0.000932474 4.01701e-05 -0.000931875 0.999996 -0.00238829 -4.26309e-05 0.00238821 0.999997 -0.0154065 -0.0317926 -0.0968581
FixedParameters: 0 0 0

#Transform 50
Transform: AffineTransform_float_3_3
Parameters: 0.999999 0.000928588 3.88072e-05 -0.00092825 0.999998 -0.0017543 -4.10626e-05 0.00175423 0.999999 -0.00602924 -0.0014947 -0.0580417
FixedParameters: 0 0 0

#Transform 51
Transform: AffineTransform_float_3_3
Parameters: 1 0.000643335 0.000761001 -0.000640871 0.999997 -0.00212407 -0.000762518 0.00212351 0.999998 -0.00219734 -0.00408409 -0.0800419
FixedParameters: 0 0 0

#Transform 52
Transform: AffineTransform_float_3_3
Parameters: 1 0.000472069 -3.29855e-05 -0.000472028 0.999997 -0.00232126 3.18082e-05 0.0023213 0.999998 0.0104839 -0.000993744 -0.0871894
FixedParameters: 0 0 0

#Transform 53
Transform: AffineTransform_float_3_3
Parameters: 1 0.000508307 0.00013231 -0.000507483 0.999997 -0.00237862 -0.000133712 0.00237849 0.999997 0.00303497 -0.0351754 -0.106077
FixedParameters: 0 0 0

#Transform 54
Transform: AffineTransform_float_3_3
Parameters: 1 0.000574548 -0.000138475 -0.000574974 0.999998 -0.0022341 0.000136911 0.00223385 0.999997 0.00260071 -0.00832258 -0.0883809
FixedParameters: 0 0 0

#Transform 55
Transform: AffineTransform_float_3_3
Parameters: 0.999999 0.000709756 9.15595e-05 -0.000708775 0.999994 -0.00319253 -9.40719e-05 0.0031924 0.999995 -0.0070704 0.0178708 -0.103347
FixedParameters: 0 0 0

#Transform 56
Transform: AffineTransform_float_3_3
Parameters: 1 0.000683992 0.000164031 -0.000683074 0.999998 -0.00218854 -0.000166015 0.00218923 0.999998 -0.00116919 0.00461839 -0.0983503
FixedParameters: 0 0 0

#Transform 57
Transform: AffineTransform_float_3_3
Parameters: 0.999999 0.000967373 3.46271e-05 -0.000967539 0.999995 -0.0029813 -3.72018e-05 0.00298083 0.999995 -0.00705956 0.039334 -0.0972288
FixedParameters: 0 0 0

#Transform 58
Transform: AffineTransform_float_3_3
Parameters: 0.999999 0.00108835 0.000614275 -0.00108727 0.999998 -0.00212423 -0.000616502 0.00212382 0.999998 -0.0117341 -0.0192902 -0.0759882
FixedParameters: 0 0 0

#Transform 59
Transform: AffineTransform_float_3_3
Parameters: 0.999999 0.00109335 0.000615767 -0.00109116 0.999996 -0.00287218 -0.000618639 0.00287085 0.999996 -0.0353512 0.0439645 -0.0694735
FixedParameters: 0 0 0

#Transform 60
Transform: AffineTransform_float_3_3
Parameters: 0.999999 0.00108577 0.000613507 -0.00108419 0.999998 -0.00174025 -0.00061511 0.00173983 0.999998 -0.0350533 -0.0629784 -0.05709
FixedParameters: 0 0 0

#Transform 61
Transform: AffineTransform_float_3_3
Parameters: 0.999999 0.00066547 0.000635938 -0.000663722 0.999998 -0.00198645 -0.000637366 0.00198562 0.999998 -0.0256327 0.0102976 -0.0420413
FixedParameters: 0 0 0

#Transform 62
Transform: AffineTransform_float_3_3
Parameters: 0.999999 0.000995793 0.000211759 -0.000995059 0.999999 -0.00123857 -0.000213241 0.00123906 0.999999 -0.0125238 -0.0501709 -0.0570051
FixedParameters: 0 0 0

#Transform 63
Transform: AffineTransform_float_3_3
Parameters: 0.999999 0.000981643 0.000112763 -0.000981449 0.999997 -0.00250104 -0.000114491 0.00250042 0.999997 -0.0120392 0.00380114 -0.104484
FixedParameters: 0 0 0

#Transform 64
Transform: AffineTransform_float_3_3
Parameters: 0.999999 0.000787065 0.000258825 -0.000785948 0.999998 -0.00177166 -0.000260609 0.00177125 0.999999 -0.00804705 -0.0456934 -0.0776587
FixedParameters: 0 0 0

#Transform 65
Transform: AffineTransform_float_3_3
Parameters: 0.999999 0.000738855 0.000271367 -0.000738364 0.999997 -0.00233496 -0.000273598 0.00233548 0.999997 -0.00713483 -0.00486452 -0.110391
FixedParameters: 0 0 0

#Transform 66
Transform: AffineTransform_float_3_3
Parameters: 0.999999 0.000881093 0.000295434 -0.000880705 0.999997 -0.00196902 -0.000297691 0.00196851 0.999998 -0.0103632 -0.0384315 -0.101982
FixedParameters: 0 0 0

#Transform 67
Transform: AffineTransform_float_3_3
Parameters: 0.999999 0.000906327 -0.000217916 -0.000906731 0.999998 -0.00186899 0.000216507 0.00186939 0.999998 -0.0138644 -0.0263838 -0.118148
FixedParameters: 0 0 0

#Transform 68
Transform: AffineTransform_float_3_3
Parameters: 1 0.00100732 -0.000237952 -0.00100786 0.999997 -0.00242562 0.000236023 0.00242569 0.999997 -0.0112594 -0.0562029 -0.12155
FixedParameters: 0 0 0

#Transform 69
Transform: AffineTransform_float_3_3
Parameters: 0.999999 0.000906327 -0.000217916 -0.000906731 0.999998 -0.00186899 0.000216507 0.00186939 0.999998 -0.00930423 -0.0208555 -0.128351
FixedParameters: 0 0 0

#Transform 70
Transform: AffineTransform_float_3_3
Parameters: 0.999999 0.000961981 -0.00022718 -0.000962594 0.999996 -0.00269368 0.000224977 0.00269412 0.999997 -0.010401 -0.0320898 -0.132934
FixedParameters: 0 0 0

#Transform 71
Transform: AffineTransform_float_3_3
Parameters: 0.999999 0.000968349 -0.000229969 -0.000968783 0.999997 -0.00227964 0.000228522 0.00228009 0.999998 -0.0104641 -0.0299945 -0.10673
FixedParameters: 0 0 0

#Transform 72
Transform: AffineTransform_float_3_3
Parameters: 1 0.000919245 -0.000165511 -0.000919548 0.999997 -0.00215401 0.00016352 0.00215391 0.999997 -0.00947704 -0.00958577 -0.097567
FixedParameters: 0 0 0

#Transform 73
Transform: AffineTransform_float_3_3
Parameters: 1 0.000943019 -0.000402025 -0.000944356 0.999996 -0.00243012 0.000400401 0.00242997 0.999997 -0.00910543 -0.0252484 -0.100762
FixedParameters: 0 0 0

#Transform 74
Transform: AffineTransform_float_3_3
Parameters: 0.999999 0.000905028 -0.0002184 -0.00090534 0.999998 -0.0016482 0.000217386 0.00164819 0.999998 -0.00891247 -0.0264855 -0.0629988
FixedParameters: 0 0 0

#Transform 75
Transform: AffineTransform_float_3_3
Parameters: 0.999999 0.0008905 -0.000301953 -0.000891494 0.999997 -0.00231929 0.000299811 0.00231983 0.999998 -0.00837835 -0.0501763 -0.106346
FixedParameters: 0 0 0

#Transform 76
Transform: AffineTransform_float_3_3
Parameters: 0.999999 0.000830551 -0.000565087 -0.000831161 0.999998 -0.00176726 0.000563919 0.00176819 0.999999 -0.00608311 -0.0529923 -0.0975771
FixedParameters: 0 0 0

#Transform 77
Transform: AffineTransform_float_3_3
Parameters: 0.999999 0.00129391 -0.000414402 -0.00129453 0.999995 -0.00291613 0.000410592 0.00291679 0.999995 -0.0172809 0.00775 -0.132915
FixedParameters: 0 0 0

#Transform 78
Transform: AffineTransform_float_3_3
Parameters: 0.999999 0.00145242 -0.000159592 -0.00145345 0.999996 -0.00211366 0.000156607 0.00211372 0.999998 -0.0215128 -0.03803 -0.0800438
FixedParameters: 0 0 0

#Transform 79
Transform: AffineTransform_float_3_3
Parameters: 0.999999 0.00142254 -0.000325773 -0.00142363 0.999993 -0.0032591 0.000321441 0.00325871 0.999994 -0.0200753 0.0281763 -0.0684887
FixedParameters: 0 0 0

#Transform 80
Transform: AffineTransform_float_3_3
Parameters: 1 0.00114607 -0.000269726 -0.00114649 0.999998 -0.00192079 0.000268269 0.001921 0.999998 -0.0141299 -0.0198351 -0.0727244
FixedParameters: 0 0 0

#Transform 81
Transform: AffineTransform_float_3_3
Parameters: 1 0.0010087 -0.00023802 -0.00100928 0.999997 -0.00249561 0.000235943 0.00249568 0.999997 -0.0111459 -0.0354149 -0.104832
FixedParameters: 0 0 0

#Transform 82
Transform: AffineTransform_float_3_3
Parameters: 1 0.00100591 -0.00023901 -0.00100647 0.999998 -0.00201862 0.000236917 0.00201869 0.999998 -0.011101 -0.0518631 -0.103022
FixedParameters: 0 0 0

#Transform 83
Transform: AffineTransform_float_3_3
Parameters: 1 0.00119284 -0.000278354 -0.00119356 0.999997 -0.00240052 0.000275584 0.00240077 0.999997 -0.0154477 -0.00325577 -0.121668
FixedParameters: 0 0 0

#Transform 84
Transform: AffineTransform_float_3_3
Parameters: 0.999999 0.0015346 -0.000353705 -0.00153541 0.999997 -0.00201545 0.000350464 0.00201612 0.999998 -0.016004 -0.0261485 -0.108482
FixedParameters: 0 0 0

#Transform 85
Transform: AffineTransform_float_3_3
Parameters: 0.999999 0.00122708 -0.000286824 -0.00122765 0.999997 -0.00207131 0.000284686 0.0020716 0.999998 0.00131322 0.0088625 -0.106651
FixedParameters: 0 0 0

#Transform 86
Transform: AffineTransform_float_3_3
Parameters: 1 0.00103621 -0.000245582 -0.00103679 0.999998 -0.00201844 0.000243367 0.00201854 0.999998 0.00526784 -0.0887865 -0.0702479
FixedParameters: 0 0 0

#Transform 87
Transform: AffineTransform_float_3_3
Parameters: 1 0.00103377 -0.000246438 -0.00103415 0.999998 -0.00160145 0.000245083 0.00160155 0.999998 0.00519645 -0.0349894 -0.0635054
FixedParameters: 0 0 0

#Transform 88
Transform: AffineTransform_float_3_3
Parameters: 1 0.00103621 -0.000245582 -0.00103679 0.999998 -0.00201844 0.000243367 0.00201854 0.999998 0.00521262 -0.030491 -0.0591507
FixedParameters: 0 0 0

#Transform 89
Transform: AffineTransform_float_3_3
Parameters: 1 0.000605529 -0.000153194 -0.000605863 0.999999 -0.00174073 0.000152087 0.00174092 0.999999 0.0146872 -0.0491032 -0.031759
FixedParameters: 0 0 0

#Transform 90
Transform: AffineTransform_float_3_3
Parameters: 1 0.000872147 -0.000685805 -0.000873536 0.999998 -0.00202041 0.000684042 0.00202028 0.999998 0.0204772 0.0102901 -0.0460585
FixedParameters: 0 0 0

#Transform 91
Transform: AffineTransform_float_3_3
Parameters: 1 0.000928828 -0.000698101 -0.000930265 0.999998 -0.00202005 0.00069611 0.00202002 0.999998 0.00929792 -0.0161618 -0.0519285
FixedParameters: 0 0 0

#Transform 92
Transform: AffineTransform_float_3_3
Parameters: 1 0.00105003 -0.000469604 -0.00105151 0.999998 -0.0020188 0.00046733 0.00201938 0.999998 0.00585191 -0.00924031 -0.0199714
FixedParameters: 0 0 0

#Transform 93
Transform: AffineTransform_float_3_3
Parameters: 0.999999 0.00121697 -0.000393502 -0.0012184 0.999996 -0.00260058 0.000390127 0.00260113 0.999996 0.00157381 0.0114104 -0.0522345
FixedParameters: 0 0 0

#Transform 94
Transform: AffineTransform_float_3_3
Parameters: 0.999999 0.000667363 -0.000276069 -0.000668278 0.999997 -0.00202064 0.000274372 0.00202101 0.999998 0.0137512 -0.00810281 -0.00982535
FixedParameters: 0 0 0

#Transform 95
Transform: AffineTransform_float_3_3
Parameters: 1 0.00109886 -0.000367733 -0.00110018 0.999996 -0.00262425 0.000364927 0.00262374 0.999996 -0.0137936 0.0291186 -0.0485093
FixedParameters: 0 0 0

#Transform 96
Transform: AffineTransform_float_3_3
Parameters: 1 0.000902387 0.000475195 -0.000901469 0.999997 -0.00259057 -0.000477461 0.00259064 0.999997 -0.0268147 0.0664712 0.0232308
FixedParameters: 0 0 0

#Transform 97
Transform: AffineTransform_float_3_3
Parameters: 0.999999 0.0014636 0.000179284 -0.00146301 0.999996 -0.0026391 -0.000183832 0.00263908 0.999997 -0.0383045 0.0181861 0.00608406
FixedParameters: 0 0 0

#Transform 98
Transform: AffineTransform_float_3_3
Parameters: 1 0.00119271 0.000259822 -0.00119168 0.999995 -0.0026723 -0.000263014 0.00267169 0.999997 -0.0280757 0.00448394 0.0103393
FixedParameters: 0 0 0

#Transform 99
Transform: AffineTransform_float_3_3
Parameters: 0.999999 0.00130264 -0.000787982 -0.00130382 0.999996 -0.00251169 0.000784956 0.00251241 0.999996 0.00109905 0.0188108 -0.0367551
FixedParameters: 0 0 0

#Transform 100
Transform: AffineTransform_float_3_3
Parameters: 0.999999 0.00100736 -0.000349313 -0.00100848 0.999997 -0.00217479 0.000346917 0.00217418 0.999997 0.00629767 -0.0457823 -0.0348223
FixedParameters: 0 0 0

#Transform 101
Transform: AffineTransform_float_3_3
Parameters: 1 0.00101542 -0.000522249 -0.001016 0.999998 -0.00208615 0.000520747 0.0020868 0.999997 0.00659242 -0.000831321 -0.0612459
FixedParameters: 0 0 0

#Transform 102
Transform: AffineTransform_float_3_3
Parameters: 0.999999 0.00101012 -0.000350577 -0.0010111 0.999998 -0.00197382 0.000348569 0.00197412 0.999998 0.00609719 -0.0073336 -0.0397207
FixedParameters: 0 0 0

#Transform 103
Transform: AffineTransform_float_3_3
Parameters: 0.999999 0.00122589 -0.000978693 -0.00122825 0.999995 -0.00262636 0.000975778 0.00262784 0.999996 0.00322029 0.0521519 -0.0877929
FixedParameters: 0 0 0

#Transform 104
Transform: AffineTransform_float_3_3
Parameters: 0.999999 0.0017587 -0.00048615 -0.00175967 0.999997 -0.00164438 0.000483287 0.00164526 0.999998 -0.0264942 -0.0453116 -0.0574013
FixedParameters: 0 0 0

#Transform 105
Transform: AffineTransform_float_3_3
Parameters: 0.999998 0.00151824 -0.000534076 -0.00151928 0.999994 -0.00284981 0.000530141 0.00285011 0.999996 -0.0295952 0.00717414 -0.0626499
FixedParameters: 0 0 0

#Transform 106
Transform: AffineTransform_float_3_3
Parameters: 0.999999 0.00138656 -0.000649191 -0.00138705 0.999997 -0.0016059 0.00064746 0.00160728 0.999998 -0.00900086 -0.0210353 -0.0623772
FixedParameters: 0 0 0

#Transform 107
Transform: AffineTransform_float_3_3
Parameters: 0.999998 0.00175126 -0.000905331 -0.0017543 0.999995 -0.00278496 0.000900277 0.00278639 0.999996 -0.00882034 0.0531139 -0.0891662
FixedParameters: 0 0 0

#Transform 108
Transform: AffineTransform_float_3_3
Parameters: 0.999998 0.00168204 -0.000911027 -0.00168362 0.999996 -0.00185623 0.000908484 0.00185797 0.999998 -0.0203787 0.0147237 -0.0924311
FixedParameters: 0 0 0

#Transform 109
Transform: AffineTransform_float_3_3
Parameters: 0.999999 0.00147889 -0.00103431 -0.00148111 0.999996 -0.00241782 0.00103067 0.00241863 0.999997 -0.022297 0.0103374 -0.0941702
FixedParameters: 0 0 0

#Transform 110
Transform: AffineTransform_float_3_3
Parameters: 0.999998 0.00167192 -0.00118819 -0.00167451 0.999996 -0.00226266 0.00118413 0.00226439 0.999997 -0.0215985 -0.0175132 -0.105357
FixedParameters: 0 0 0

#Transform 111
Transform: AffineTransform_float_3_3
Parameters: 0.999997 0.00212443 -0.00117438 -0.00212719 0.999995 -0.00253676 0.00116905 0.00253869 0.999996 -0.0395965 -0.0272811 -0.138063
FixedParameters: 0 0 0

#Transform 112
Transform: AffineTransform_float_3_3
Parameters: 0.999998 0.00189808 -0.00125837 -0.00190221 0.999993 -0.0029111 0.00125279 0.00291364 0.999995 -0.0465618 -0.000229532 -0.152335
FixedParameters: 0 0 0

#Transform 113
Transform: AffineTransform_float_3_3
Parameters: 0.999997 0.00213185 -0.00117293 -0.00213635 0.99999 -0.00404774 0.00116488 0.00404967 0.999991 -0.0528963 0.105203 -0.199327
FixedParameters: 0 0 0

#Transform 114
Transform: AffineTransform_float_3_3
Parameters: 0.999997 0.00190328 -0.00112463 -0.00190723 0.999993 -0.00326317 0.00111867 0.00326571 0.999994 -0.0395962 -0.029555 -0.153786
FixedParameters: 0 0 0

#Transform 115
Transform: AffineTransform_float_3_3
Parameters: 0.999997 0.00195784 -0.001134 -0.00196285 0.999988 -0.0044138 0.00112594 0.0044165 0.999989 -0.0417324 0.00579798 -0.21238
FixedParameters: 0 0 0

#Transform 116
Transform: AffineTransform_float_3_3
Parameters: 0.999997 0.00206714 -0.00115969 -0.0020709 0.999991 -0.00360103 0.00115203 0.00360407 0.999993 -0.041996 -0.0118413 -0.225139
FixedParameters: 0 0 0

#Transform 117
Transform: AffineTransform_float_3_3
Parameters: 0.999998 0.00168197 -0.000902527 -0.0016863 0.999989 -0.00439826 0.000895215 0.00439997 0.99999 -0.0334343 0.0127142 -0.206998
FixedParameters: 0 0 0

#Transform 118
Transform: AffineTransform_float_3_3
Parameters: 0.999998 0.00167931 -0.000898651 -0.00168252 0.999991 -0.00368027 0.000892767 0.00368195 0.999993 -0.037632 -0.0560484 -0.184173
FixedParameters: 0 0 0

#Transform 119
Transform: AffineTransform_float_3_3
Parameters: 0.999999 0.0014756 -0.00103065 -0.00147866 0.999993 -0.00350607 0.00102559 0.00350645 0.999993 -0.0219712 -0.0219109 -0.149066
FixedParameters: 0 0 0

#Transform 120
Transform: AffineTransform_float_3_3
Parameters: 0.999998 0.00164285 -0.0010666 -0.00164742 0.999992 -0.00373697 0.00106079 0.00373873 0.999992 -0.034531 -0.0170145 -0.184049
FixedParameters: 0 0 0

#Transform 121
Transform: AffineTransform_float_3_3
Parameters: 0.999998 0.00163849 -0.00106785 -0.00164143 0.999995 -0.00286999 0.00106391 0.00287175 0.999995 -0.0228553 -0.0287635 -0.158454
FixedParameters: 0 0 0

#Transform 122
Transform: AffineTransform_float_3_3
Parameters: 0.999998 0.00164377 -0.00106633 -0.00164776 0.99999 -0.00392172 0.00105972 0.00392297 0.999992 -0.0346503 0.0193183 -0.210024
FixedParameters: 0 0 0

#Transform 123
Transform: AffineTransform_float_3_3
Parameters: 0.999998 0.00123439 -0.00104757 -0.00123776 0.999993 -0.00349765 0.00104325 0.0034989 0.999993 -0.0321142 -0.0081038 -0.160749
FixedParameters: 0 0 0

#Transform 124
Transform: AffineTransform_float_3_3
Parameters: 0.999999 0.00153464 -0.00104229 -0.00153856 0.99999 -0.00397746 0.00103637 0.00397841 0.999992 -0.0466738 0.0522344 -0.140057
FixedParameters: 0 0 0

#Transform 125
Transform: AffineTransform_float_3_3
Parameters: 0.999999 0.00115315 -0.000836366 -0.00115658 0.999992 -0.00382762 0.000832083 0.00382864 0.999993 -0.0387391 0.0125279 -0.135015
FixedParameters: 0 0 0

#Transform 126
Transform: AffineTransform_float_3_3
Parameters: 0.999999 0.00125617 -0.000944306 -0.00125949 0.999994 -0.0033343 0.000940453 0.00333535 0.999994 -0.0197634 0.0158742 -0.121662
FixedParameters: 0 0 0

#Transform 127
Transform: AffineTransform_float_3_3
Parameters: 0.999998 0.00143456 -0.000941861 -0.00143816 0.999992 -0.00349604 0.000936351 0.00349741 0.999993 -0.035028 0.0053797 -0.168063
FixedParameters: 0 0 0

#Transform 128
Transform: AffineTransform_float_3_3
Parameters: 0.999999 0.00126267 -0.00090594 -0.00126523 0.999995 -0.00294198 0.000902046 0.00294334 0.999996 -0.0411806 -0.00861878 -0.136603
FixedParameters: 0 0 0

#Transform 129
Transform: AffineTransform_float_3_3
Parameters: 0.999999 0.00159137 -0.000975376 -0.00159535 0.999992 -0.0037832 0.000969811 0.00378457 0.999992 -0.0483375 0.0173851 -0.160521
FixedParameters: 0 0 0

#Transform 130
Transform: AffineTransform_float_3_3
Parameters: 1 0.000876854 -0.000702294 -0.000879211 0.999994 -0.00349949 0.000698724 0.0035003 0.999993 -0.016356 -0.022687 -0.111602
FixedParameters: 0 0 0

#Transform 131
Transform: AffineTransform_float_3_3
Parameters: 0.999999 0.00110938 -0.000868394 -0.00111286 0.99999 -0.00427421 0.000863258 0.0042748 0.99999 -0.0369564 0.0105367 -0.153333
FixedParameters: 0 0 0

#Transform 132
Transform: AffineTransform_float_3_3
Parameters: 1 0.000489295 -0.000512315 -0.000491484 0.999994 -0.00346538 0.00051074 0.00346496 0.999994 0.00984404 0.00253428 -0.0622904
FixedParameters: 0 0 0

#Transform 133
Transform: AffineTransform_float_3_3
Parameters: 0.999999 0.00127251 -0.00056743 -0.00127513 0.99999 -0.00424657 0.000562365 0.0042476 0.999991 -0.0480301 0.0394745 -0.0966071
FixedParameters: 0 0 0

#Transform 134
Transform: AffineTransform_float_3_3
Parameters: 0.999999 0.0012304 -0.000181483 -0.00123079 0.999991 -0.00391097 0.000176824 0.00391233 0.999992 -0.0456986 -0.00393981 -0.0358189
FixedParameters: 0 0 0

#Transform 135
Transform: AffineTransform_float_3_3
Parameters: 0.999998 0.00160692 -0.000464361 -0.00160954 0.999989 -0.00435815 0.000457303 0.00435832 0.999991 -0.0452757 0.0360958 -0.110326
FixedParameters: 0 0 0

#Transform 136
Transform: AffineTransform_float_3_3
Parameters: 0.999998 0.0015876 -0.000526543 -0.00158982 0.999993 -0.00327455 0.000522061 0.00327449 0.999994 -0.0438877 0.029662 -0.0965394
FixedParameters: 0 0 0

#Transform 137
Transform: AffineTransform_float_3_3
Parameters: 0.999997 0.00205501 -0.00147477 -0.00206203 0.999988 -0.0044044 0.00146566 0.0044078 0.999989 -0.0514409 0.0550173 -0.146674
FixedParameters: 0 0 0

#Transform 138
Transform: AffineTransform_float_3_3
Parameters: 0.999998 0.00154349 -0.000724194 -0.00154594 0.999994 -0.00307994 0.000719411 0.00308085 0.999995 -0.0250039 0.0217285 -0.0930228
FixedParameters: 0 0 0

#Transform 139
Transform: AffineTransform_float_3_3
Parameters: 0.999998 0.00133176 -0.000955708 -0.00133533 0.999991 -0.0040418 0.000950254 0.00404301 0.999991 -0.0148116 0.0356179 -0.109276
FixedParameters: 0 0 0

#Transform 140
Transform: AffineTransform_float_3_3
Parameters: 0.999998 0.00179047 -0.00105685 -0.00179502 0.999991 -0.0037639 0.00104985 0.00376594 0.999992 -0.0373776 0.0284677 -0.126307
FixedParameters: 0 0 0

#Transform 141
Transform: AffineTransform_float_3_3
Parameters: 0.999997 0.00186322 -0.001073 -0.0018667 0.999992 -0.0036614 0.00106563 0.00366365 0.999993 -0.0476576 -0.029246 -0.111817
FixedParameters: 0 0 0

#Transform 142
Transform: AffineTransform_float_3_3
Parameters: 0.999997 0.00186682 -0.00107303 -0.00187178 0.99999 -0.00399037 0.00106559 0.00399264 0.999991 -0.0432588 0.0401004 -0.13874
FixedParameters: 0 0 0

#Transform 143
Transform: AffineTransform_float_3_3
Parameters: 0.999997 0.00220495 -0.00114781 -0.00220866 0.999991 -0.00362002 0.00113907 0.00362332 0.999993 -0.0487673 -0.0337253 -0.147441
FixedParameters: 0 0 0

#Transform 144
Transform: AffineTransform_float_3_3
Parameters: 0.999997 0.00209381 -0.001123 -0.0020977 0.99999 -0.00386576 0.00111504 0.0038678 0.999992 -0.0554819 -0.0143079 -0.139821
FixedParameters: 0 0 0

#Transform 145
Transform: AffineTransform_float_3_3
Parameters: 0.999998 0.0020058 -0.00110421 -0.00201024 0.999991 -0.00364941 0.00109701 0.0036521 0.999993 -0.0513417 -0.0153977 -0.128293
FixedParameters: 0 0 0

#Transform 146
Transform: AffineTransform_float_3_3
Parameters: 0.999997 0.00210751 -0.00112599 -0.0021124 0.99999 -0.0038687 0.00111811 0.0038717 0.999992 -0.0486226 0.0496992 -0.138712
FixedParameters: 0 0 0

#Transform 147
Transform: AffineTransform_float_3_3
Parameters: 0.999998 0.00200928 -0.00110515 -0.00201355 0.999992 -0.00356434 0.00109827 0.00356613 0.999994 -0.0474369 -0.0161584 -0.120464
FixedParameters: 0 0 0

#Transform 148
Transform: AffineTransform_float_3_3
Parameters: 0.999997 0.00221523 -0.00114947 -0.00221945 0.99999 -0.00392216 0.00114031 0.00392509 0.999992 -0.0435825 0.0307942 -0.137316
FixedParameters: 0 0 0

#Transform 149
Transform: AffineTransform_float_3_3
Parameters: 0.999997 0.00217308 -0.0013022 -0.00217821 0.99999 -0.00380934 0.00129386 0.00381234 0.999992 -0.0470946 0.0362842 -0.146435
FixedParameters: 0 0 0
