# transform file /out/sourcedata/freesurfer/sub-v1s17x0051141_ses-1/mri/transforms/cc_up.lta
# created by oesteban on Mon Mar  9 04:30:15 2026

type      = 0 # LINEAR_VOX_TO_VOX
nxforms   = 1
mean      = 131.0000 115.0000 109.0000
sigma     = 10000.0000
1 4 4
9.950821399688721e-01 -7.347739487886429e-02 6.642898917198181e-02 -8.514743447303772e-01 
7.331421226263046e-02 9.972969293594360e-01 4.894257988780737e-03 2.425189018249512e+01 
-6.660903990268707e-02 4.656613428188905e-10 9.977792501449585e-01 3.486039733886719e+01 
0.000000000000000e+00 0.000000000000000e+00 0.000000000000000e+00 1.000000000000000e+00 
src volume info
valid = 1  # volume info valid
filename = /out/sourcedata/freesurfer/sub-v1s17x0051141_ses-1/mri/norm.mgz
volume = 256 256 256
voxelsize = 1.000000000000000e+00 1.000000000000000e+00 1.000000000000000e+00
xras   = -1.000000000000000e+00 2.367414708714932e-09 -3.725290298461914e-09
yras   = 0.000000000000000e+00 3.055902197957039e-10 -1.000000119209290e+00
zras   = 1.356966095045209e-09 1.000000119209290e+00 -1.018634065985680e-10
cras   = 4.967193603515625e-01 -7.017517089843750e-02 -1.332990264892578e+01
dst volume info
valid = 1  # volume info valid
filename = /out/sourcedata/freesurfer/sub-v1s17x0051141_ses-1/mri/norm.mgz
volume = 256 256 256
voxelsize = 1.000000000000000e+00 1.000000000000000e+00 1.000000000000000e+00
xras   = -1.000000000000000e+00 2.367414708714932e-09 -3.725290298461914e-09
yras   = 0.000000000000000e+00 3.055902197957039e-10 -1.000000119209290e+00
zras   = 1.356966095045209e-09 1.000000119209290e+00 -1.018634065985680e-10
cras   = 4.967193603515625e-01 -7.017517089843750e-02 -1.332990264892578e+01
