type      = 1 # LINEAR_RAS_TO_RAS
nxforms   = 1
mean      = 0.0000 0.0000 0.0000
sigma     = 1.0000
1 4 4
1.138053059577942e+00 -7.030099630355835e-02 -7.381100207567215e-02 1.059020996093750e+00 
9.654500335454941e-02 1.009127020835876e+00 3.297150135040283e-01 2.219024896621704e+00 
2.142300084233284e-02 -3.278889954090118e-01 1.090250015258789e+00 -6.533690929412842e+00 
0.000000000000000e+00 0.000000000000000e+00 0.000000000000000e+00 1.000000000000000e+00 
src volume info
valid = 1  # volume info valid
filename = /out/sourcedata/freesurfer/sub-v1s17x0051141_ses-1/mri/orig_nu.mgz
volume = 256 256 256
voxelsize = 1.000000000000000e+00 1.000000000000000e+00 1.000000000000000e+00
xras   = -1.000000000000000e+00 2.367414708714932e-09 -3.725290298461914e-09
yras   = 0.000000000000000e+00 3.055902197957039e-10 -1.000000119209290e+00
zras   = 1.356966095045209e-09 1.000000119209290e+00 -1.018634065985680e-10
cras   = 4.967193603515625e-01 -7.017517089843750e-02 -1.332990264892578e+01
dst volume info
valid = 1  # volume info valid
filename = /opt/freesurfer/average/mni305.cor.mgz
volume = 256 256 256
voxelsize = 1.000000000000000e+00 1.000000000000000e+00 1.000000000000000e+00
xras   = -1.000000000000000e+00 0.000000000000000e+00 0.000000000000000e+00
yras   = 0.000000000000000e+00 0.000000000000000e+00 -1.000000000000000e+00
zras   = 0.000000000000000e+00 1.000000000000000e+00 0.000000000000000e+00
cras   = 0.000000000000000e+00 0.000000000000000e+00 0.000000000000000e+00
subject fsaverage
fscale 0.100000
