# transform file transforms/talairach.lta
# created by oesteban on Mon Mar  9 03:22:57 2026

type      = 0 # LINEAR_VOX_TO_VOX
nxforms   = 1
mean      = 131.0000 115.0000 109.0000
sigma     = 10000.0000
1 4 4
1.034103155136108e+00 -2.065036073327065e-02 6.381832808256149e-02 -1.311164474487305e+01 
7.924130186438560e-03 1.092362284660339e+00 2.505111992359161e-01 -2.729863548278809e+01 
-6.189832463860512e-02 -1.911843866109848e-01 9.401122331619263e-01 3.805409240722656e+01 
0.000000000000000e+00 0.000000000000000e+00 0.000000000000000e+00 1.000000000000000e+00 
src volume info
valid = 1  # volume info valid
filename = nu.mgz
volume = 256 256 256
voxelsize = 1.000000000000000e+00 1.000000000000000e+00 1.000000000000000e+00
xras   = -1.000000000000000e+00 2.367414708714932e-09 -3.725290298461914e-09
yras   = 0.000000000000000e+00 3.055902197957039e-10 -1.000000119209290e+00
zras   = 1.356966095045209e-09 1.000000119209290e+00 -1.018634065985680e-10
cras   = 4.967193603515625e-01 -7.017517089843750e-02 -1.332990264892578e+01
dst volume info
valid = 1  # volume info valid
filename = /opt/freesurfer/average/RB_all_2020-01-02.gca
volume = 256 256 256
voxelsize = 1.000000000000000e+00 1.000000000000000e+00 1.000000000000000e+00
xras   = -1.000000000000000e+00 0.000000000000000e+00 0.000000000000000e+00
yras   = 0.000000000000000e+00 0.000000000000000e+00 -1.000000000000000e+00
zras   = 0.000000000000000e+00 1.000000000000000e+00 0.000000000000000e+00
cras   = 0.000000000000000e+00 0.000000000000000e+00 0.000000000000000e+00
