#Insight Transform File V1.0
#Transform 0
Transform: AffineTransform_float_3_3
Parameters: 0.999999 0.000907972 -0.000195747 -0.000908156 0.999999 -0.000818903 0.000195257 0.000818807 0.999999 -0.0630206 0.0351756 -0.0262982
FixedParameters: 0 0 0

#Transform 1
Transform: AffineTransform_float_3_3
Parameters: 1 0.000626343 -0.00017368 -0.000626345 1 -5.24583e-06 0.000173674 5.46339e-06 1 -0.0588365 0.0363355 -0.0105784
FixedParameters: 0 0 0

#Transform 2
Transform: AffineTransform_float_3_3
Parameters: 1 0.000635016 -0.000176085 -0.000635018 1 -5.31693e-06 0.000176078 5.54056e-06 1 -0.0529917 0.0352689 -0.0102264
FixedParameters: 0 0 0

#Transform 3
Transform: AffineTransform_float_3_3
Parameters: 0.999999 0.000534024 -0.000556072 -0.00053475 0.999999 -0.000676086 0.000555412 0.000675825 0.999999 -0.047258 0.0738477 -0.0348252
FixedParameters: 0 0 0

#Transform 4
Transform: AffineTransform_float_3_3
Parameters: 1 0.000585872 -0.000162458 -0.000585874 1 -4.91344e-06 0.000162452 5.1038e-06 1 -0.0564984 0.0603867 -0.0478198
FixedParameters: 0 0 0

#Transform 5
Transform: AffineTransform_float_3_3
Parameters: 0.999999 0.000840918 -0.000433882 -0.000841572 0.999999 -0.000911576 0.000433345 0.000911854 0.999999 -0.0653572 0.0694432 -0.0614521
FixedParameters: 0 0 0

#Transform 6
Transform: AffineTransform_float_3_3
Parameters: 0.999999 0.000738989 -0.00039164 -0.000739174 0.999999 -0.000269075 0.000391305 0.000268799 1 -0.0603393 0.0211455 -0.0155377
FixedParameters: 0 0 0

#Transform 7
Transform: AffineTransform_float_3_3
Parameters: 0.999999 0.000844329 -0.000450259 -0.000844339 0.999999 -1.03448e-05 0.000450241 1.11051e-05 1 -0.0636322 0.0419848 -0.010436
FixedParameters: 0 0 0

#Transform 8
Transform: AffineTransform_float_3_3
Parameters: 0.999999 0.000751849 -0.000319752 -0.000751972 0.999999 -0.000608008 0.000319799 0.000608551 1 -0.0470695 0.0025235 -0.025135
FixedParameters: 0 0 0

#Transform 9
Transform: AffineTransform_float_3_3
Parameters: 0.999999 0.000845841 -0.000439859 -0.000845722 0.999999 -0.000166994 0.000440537 0.000167801 1 -0.0556197 0.0159688 -0.00999676
FixedParameters: 0 0 0

#Transform 10
Transform: AffineTransform_float_3_3
Parameters: 1 0.000542883 -0.000836304 -0.000543404 1 -0.000391065 0.000835859 0.000391972 0.999999 -0.0511943 0.00428768 -0.0215897
FixedParameters: 0 0 0

#Transform 11
Transform: AffineTransform_float_3_3
Parameters: 0.999999 0.000797753 -0.000408111 -0.000798118 1 -0.000613656 0.000408129 0.000613855 1 -0.0594877 -0.00619595 -0.0274427
FixedParameters: 0 0 0

#Transform 12
Transform: AffineTransform_float_3_3
Parameters: 1 0.000478093 -7.35413e-05 -0.000478069 1 0.00016429 7.36983e-05 -0.00016422 1 -0.0417482 0.0733952 -0.069213
FixedParameters: 0 0 0

#Transform 13
Transform: AffineTransform_float_3_3
Parameters: 1 0.000116888 -0.00013602 -0.000117052 1 -0.000602313 0.000135879 0.000602345 1 -0.0273266 0.0420814 -0.0366753
FixedParameters: 0 0 0

#Transform 14
Transform: AffineTransform_float_3_3
Parameters: 1 0.000120738 -0.000174371 -0.000120949 1 -0.000604847 0.000174224 0.00060489 1 -0.03756 0.065504 -0.0466102
FixedParameters: 0 0 0

#Transform 15
Transform: AffineTransform_float_3_3
Parameters: 1 0.000402454 -0.000325339 -0.000402782 1 -0.000504788 0.000324932 0.00050505 1 -0.0367039 0.0331174 -0.0157776
FixedParameters: 0 0 0

#Transform 16
Transform: AffineTransform_float_3_3
Parameters: 1 0.000415418 -0.000291249 -0.000415479 1 -0.000104471 0.000291162 0.000104713 1 -0.0442818 0.0178737 -0.00815891
FixedParameters: 0 0 0

#Transform 17
Transform: AffineTransform_float_3_3
Parameters: 1 0.000522554 0.000104304 -0.000522467 1 -0.00041674 -0.000104739 0.00041663 1 0.000549822 0.0725876 -0.0451419
FixedParameters: 0 0 0

#Transform 18
Transform: AffineTransform_float_3_3
Parameters: 1 -0.000236362 -7.53197e-05 0.000236261 0.999999 -0.000673011 7.56378e-05 0.000672976 1 0.0188479 0.0736952 -0.0459181
FixedParameters: 0 0 0

#Transform 19
Transform: AffineTransform_float_3_3
Parameters: 1 -0.000211441 0.000270717 0.000211783 1 -0.000632379 -0.000270449 0.000632493 1 -0.0142413 0.0768401 -0.0625074
FixedParameters: 0 0 0

#Transform 20
Transform: AffineTransform_float_3_3
Parameters: 1 -5.57214e-05 0.000172558 5.56702e-05 1 0.000148367 -0.000172575 -0.000148348 1 0.00640586 -0.0118282 0.0141497
FixedParameters: 0 0 0

#Transform 21
Transform: AffineTransform_float_3_3
Parameters: 0.999999 0.000112526 0.000792402 -0.000112037 1 -0.000308508 -0.000792471 0.00030833 0.999999 -0.0196515 0.00446417 -0.0351836
FixedParameters: 0 0 0

#Transform 22
Transform: AffineTransform_float_3_3
Parameters: 1 0.000177024 0.00102404 -0.000176297 1 -0.000292116 -0.00102418 0.000292268 1 -0.0223567 0.0755277 0.0345642
FixedParameters: 0 0 0

#Transform 23
Transform: AffineTransform_float_3_3
Parameters: 0.999999 0.000134724 0.000861454 -0.000134874 1 8.72318e-05 -0.000861431 -8.74641e-05 0.999999 -0.017447 -0.040614 0.0217058
FixedParameters: 0 0 0

#Transform 24
Transform: AffineTransform_float_3_3
Parameters: 1 1.64855e-05 0.000451481 -1.60514e-05 1 -0.000480663 -0.000451497 0.000480648 1 -0.0168374 0.0369289 -0.0282802
FixedParameters: 0 0 0

#Transform 25
Transform: AffineTransform_float_3_3
Parameters: 1 -0.000282724 0.000518289 0.000283005 1 -0.000246435 -0.000518088 0.000245873 1 -0.00955388 0.0162831 -0.0324922
FixedParameters: 0 0 0

#Transform 26
Transform: AffineTransform_float_3_3
Parameters: 1 -1.97634e-05 0.000313285 1.99017e-05 1 -0.000220686 -0.000313276 0.000220698 1 -0.0161379 0.0460142 -0.0636992
FixedParameters: 0 0 0

#Transform 27
Transform: AffineTransform_float_3_3
Parameters: 1 2.40954e-05 0.000500039 -2.30261e-05 1 -0.001203 -0.000500076 0.00120298 0.999999 -0.0176253 0.0395089 -0.0867237
FixedParameters: 0 0 0

#Transform 28
Transform: AffineTransform_float_3_3
Parameters: 1 -0.000134052 -8.55019e-05 0.000133943 1 -0.000637571 8.56728e-05 0.000637548 1 -0.0106506 0.050396 -0.0897969
FixedParameters: 0 0 0

#Transform 29
Transform: AffineTransform_float_3_3
Parameters: 1 -0.000138428 -9.8991e-05 0.000138287 0.999999 -0.000709689 9.91874e-05 0.000709662 0.999999 -0.02133 0.0416149 -0.0507211
FixedParameters: 0 0 0

#Transform 30
Transform: AffineTransform_float_3_3
Parameters: 1 -0.000137034 -8.96483e-05 0.000136881 0.999999 -0.000848367 8.98807e-05 0.000848342 0.999999 -0.0349035 0.0387655 -0.0646903
FixedParameters: 0 0 0

#Transform 31
Transform: AffineTransform_float_3_3
Parameters: 1 -0.000141418 -0.000119089 0.00014132 1 -0.000411381 0.000119205 0.000411347 1 -0.019009 0.0424037 -0.0334263
FixedParameters: 0 0 0

#Transform 32
Transform: AffineTransform_float_3_3
Parameters: 1 1.6779e-05 0.000106203 -1.66952e-05 1 -0.000394617 -0.000106216 0.000394614 1 -0.0389957 0.0236617 -0.0515358
FixedParameters: 0 0 0

#Transform 33
Transform: AffineTransform_float_3_3
Parameters: 1 0.000175095 -0.000183242 -0.000174416 0.999999 -0.000754234 0.000182712 0.00075427 0.999999 -0.0572044 0.0770374 -0.099845
FixedParameters: 0 0 0

#Transform 34
Transform: AffineTransform_float_3_3
Parameters: 1 0.000348148 -9.16928e-05 -0.000348259 1 -0.000610003 9.1268e-05 0.000610066 1 -0.0694223 0.0675472 -0.0665408
FixedParameters: 0 0 0

#Transform 35
Transform: AffineTransform_float_3_3
Parameters: 1 0.000345773 3.49443e-05 -0.00034578 1 0.000105054 -3.48716e-05 -0.000105079 1 -0.05776 -0.052494 -0.0287001
FixedParameters: 0 0 0

#Transform 36
Transform: AffineTransform_float_3_3
Parameters: 1 0.000519435 -0.000227893 -0.000519576 1 -0.00030964 0.000227571 0.000309876 1 -0.0719101 0.0587085 -0.0666172
FixedParameters: 0 0 0

#Transform 37
Transform: AffineTransform_float_3_3
Parameters: 1 0.000519553 -0.000227094 -0.000519699 1 -0.000321612 0.00022676 0.000321848 1 -0.0718377 0.0584706 -0.0592428
FixedParameters: 0 0 0

#Transform 38
Transform: AffineTransform_float_3_3
Parameters: 0.999999 0.000665271 -0.000259184 -0.000665501 0.999999 -0.000443515 0.000258594 0.000443859 1 -0.0837897 0.0708742 -0.08158
FixedParameters: 0 0 0

#Transform 39
Transform: AffineTransform_float_3_3
Parameters: 1 0.000511664 -0.000253318 -0.00051162 1 8.74876e-05 0.000253407 -8.72284e-05 1 -0.0718319 0.057069 -0.0774652
FixedParameters: 0 0 0

#Transform 40
Transform: AffineTransform_float_3_3
Parameters: 1 0.000593365 -0.000236719 -0.000593591 0.999999 -0.000478846 0.00023615 0.000479127 1 -0.0726493 0.0499632 -0.0595745
FixedParameters: 0 0 0

#Transform 41
Transform: AffineTransform_float_3_3
Parameters: 1 0.00051425 -0.000235809 -0.000514332 1 -0.000174915 0.000235629 0.000175157 1 -0.0872845 0.0409371 -0.0655078
FixedParameters: 0 0 0

#Transform 42
Transform: AffineTransform_float_3_3
Parameters: 0.999999 0.00071635 -0.000327807 -0.000716365 0.999999 0.000342304 0.000327399 -0.000342751 1 -0.0813888 0.0176853 -0.0299404
FixedParameters: 0 0 0

#Transform 43
Transform: AffineTransform_float_3_3
Parameters: 1 0.000522523 -0.000179816 -0.00052299 0.999999 -0.00101419 0.000178855 0.00101301 0.999999 -0.0490824 0.03883 -0.0554075
FixedParameters: 0 0 0

#Transform 44
Transform: AffineTransform_float_3_3
Parameters: 1 0.000511723 -0.000252918 -0.000511682 1 8.15013e-05 0.000253002 -8.12424e-05 1 -0.069835 0.0648001 -0.174864
FixedParameters: 0 0 0

#Transform 45
Transform: AffineTransform_float_3_3
Parameters: 1 0.000512286 -0.000205739 -0.000512714 0.999999 -0.00136363 0.000205323 0.0013639 0.999999 -0.0544719 0.0907797 -0.156803
FixedParameters: 0 0 0

#Transform 46
Transform: AffineTransform_float_3_3
Parameters: 1 0.000277267 -0.000176451 -0.000277295 1 -8.11809e-05 0.000176406 8.12787e-05 1 -0.0601735 0.0654534 -0.143448
FixedParameters: 0 0 0

#Transform 47
Transform: AffineTransform_float_3_3
Parameters: 1 0.000311582 -0.000161567 -0.000311721 1 -0.000431634 0.000161298 0.000431735 1 -0.0545976 0.0528122 -0.146864
FixedParameters: 0 0 0

#Transform 48
Transform: AffineTransform_float_3_3
Parameters: 1 0.000249277 -4.30653e-05 -0.000249333 1 -0.000643839 4.27443e-05 0.000643861 1 -0.0599207 0.0774804 -0.176272
FixedParameters: 0 0 0

#Transform 49
Transform: AffineTransform_float_3_3
Parameters: 1 0.000226178 0.000148206 -0.000226007 1 -0.000579139 -0.000148468 0.000579072 1 -0.0522425 0.0495847 -0.22756
FixedParameters: 0 0 0

#Transform 50
Transform: AffineTransform_float_3_3
Parameters: 1 -9.92764e-05 -0.000263137 9.86303e-05 1 -0.000972924 0.00026335 0.000972873 1 -0.00961987 0.0894336 -0.125695
FixedParameters: 0 0 0

#Transform 51
Transform: AffineTransform_float_3_3
Parameters: 1 -0.000161931 -0.000319664 0.000161661 1 -0.000422102 0.000319801 0.000421999 1 -0.0152458 -0.0291359 -0.0818918
FixedParameters: 0 0 0

#Transform 52
Transform: AffineTransform_float_3_3
Parameters: 1 0.000104051 2.33159e-05 -0.000103282 1 0.00111216 -2.3331e-05 -0.00111219 1 -0.0398884 0.0783163 -0.0473771
FixedParameters: 0 0 0

#Transform 53
Transform: AffineTransform_float_3_3
Parameters: 1 0.000189588 2.64804e-05 -0.000189559 1 -0.00053755 -2.66842e-05 0.00053754 1 -0.0556534 0.0680949 -0.11093
FixedParameters: 0 0 0

#Transform 54
Transform: AffineTransform_float_3_3
Parameters: 1 -0.000268408 0.000328536 0.000268151 0.999998 -0.00167145 -0.000328315 0.00167159 0.999998 -0.0246015 0.10293 -0.251901
FixedParameters: 0 0 0

#Transform 55
Transform: AffineTransform_float_3_3
Parameters: 1 -0.00104167 -0.000495586 0.00104119 0.999999 -0.00114905 0.000496689 0.00114879 0.999999 0.0270486 0.0731272 -0.203292
FixedParameters: 0 0 0

#Transform 56
Transform: AffineTransform_float_3_3
Parameters: 1 -0.000284351 9.90074e-05 0.00028441 1 -0.000298889 -9.88374e-05 0.000298945 1 0.0653414 -0.123383 -0.283777
FixedParameters: 0 0 0

#Transform 57
Transform: AffineTransform_float_3_3
Parameters: 0.999999 0.000982275 0.00097345 -0.000980039 0.999998 -0.00150387 -0.000975189 0.00150256 0.999999 0.0170532 0.0246119 -0.375406
FixedParameters: 0 0 0

#Transform 58
Transform: AffineTransform_float_3_3
Parameters: 0.999999 -0.00122736 -0.000725275 0.00122481 0.999992 -0.0038211 0.000730508 0.00381986 0.999993 0.0358194 0.568244 -0.450681
FixedParameters: 0 0 0

#Transform 59
Transform: AffineTransform_float_3_3
Parameters: 0.999999 -0.00123259 -0.00114939 0.00123011 0.999996 -0.00243256 0.00115234 0.00243086 0.999996 0.0420151 0.0478636 -0.247519
FixedParameters: 0 0 0

#Transform 60
Transform: AffineTransform_float_3_3
Parameters: 1 -0.0010999 -0.000265142 0.00109964 0.999999 -0.000238721 0.000264685 0.000238075 1 0.0850911 0.0910534 -0.31493
FixedParameters: 0 0 0

#Transform 61
Transform: AffineTransform_float_3_3
Parameters: 0.999998 -0.00164755 -0.000929002 0.00164609 0.999998 -0.00149921 0.000931357 0.00149767 0.999998 0.0570315 0.113306 -0.219409
FixedParameters: 0 0 0

#Transform 62
Transform: AffineTransform_float_3_3
Parameters: 0.999998 -0.00171503 -0.0011885 0.00171402 0.999998 -0.00102648 0.00118934 0.0010253 0.999999 0.061622 0.0193338 -0.193733
FixedParameters: 0 0 0

#Transform 63
Transform: AffineTransform_float_3_3
Parameters: 0.999998 -0.00169006 -0.00106952 0.00168842 0.999997 -0.00182788 0.00107283 0.00182628 0.999998 0.0511136 0.119106 -0.227681
FixedParameters: 0 0 0

#Transform 64
Transform: AffineTransform_float_3_3
Parameters: 0.999998 -0.00156771 -0.000673712 0.00156756 0.999998 -0.000606575 0.000674321 0.000605228 1 0.0479498 0.0940022 -0.247863
FixedParameters: 0 0 0

#Transform 65
Transform: AffineTransform_float_3_3
Parameters: 0.999998 -0.0017065 -0.001155 0.00170567 0.999998 -0.0011062 0.00115712 0.00110436 0.999999 0.0544392 0.115091 -0.257236
FixedParameters: 0 0 0

#Transform 66
Transform: AffineTransform_float_3_3
Parameters: 0.999998 -0.00174088 -0.000981127 0.00173939 0.999998 -0.000667806 0.000982341 0.000666036 0.999999 0.0588673 0.102319 -0.248115
FixedParameters: 0 0 0

#Transform 67
Transform: AffineTransform_float_3_3
Parameters: 0.999998 -0.00164743 -0.000974622 0.00164804 0.999999 -0.00022026 0.000974934 0.000218729 0.999999 0.0602572 0.0950925 -0.221556
FixedParameters: 0 0 0

#Transform 68
Transform: AffineTransform_float_3_3
Parameters: 0.999998 -0.00170319 -0.00114926 0.00170276 0.999998 -0.000937364 0.00115079 0.000935553 0.999999 0.0710505 0.0945495 -0.242881
FixedParameters: 0 0 0

#Transform 69
Transform: AffineTransform_float_3_3
Parameters: 0.999998 -0.00167504 -0.00126309 0.0016747 0.999999 -0.00016726 0.0012635 0.000164737 0.999999 0.0648666 0.077925 -0.256296
FixedParameters: 0 0 0

#Transform 70
Transform: AffineTransform_float_3_3
Parameters: 0.999998 -0.00156486 -0.00109371 0.00156367 0.999998 -0.000900148 0.00109515 0.000898343 0.999998 0.0555287 0.0766885 -0.276764
FixedParameters: 0 0 0

#Transform 71
Transform: AffineTransform_float_3_3
Parameters: 0.999996 -0.00211982 -0.00191476 0.00211781 0.999997 -0.000962973 0.00191604 0.000959122 0.999997 0.0827283 0.078156 -0.262784
FixedParameters: 0 0 0

#Transform 72
Transform: AffineTransform_float_3_3
Parameters: 0.999996 -0.00226945 -0.0021202 0.00227145 0.999997 0.000958624 0.00211816 -0.00096274 0.999997 0.104049 0.102607 -0.104471
FixedParameters: 0 0 0

#Transform 73
Transform: AffineTransform_float_3_3
Parameters: 0.999996 -0.00238459 -0.00198388 0.00238662 0.999996 0.00102493 0.00198136 -0.00102974 0.999998 0.109728 0.0652535 -0.13362
FixedParameters: 0 0 0

#Transform 74
Transform: AffineTransform_float_3_3
Parameters: 0.999995 -0.00224724 -0.00199112 0.00224814 0.999998 0.000595768 0.00198961 -0.000600666 0.999998 0.0910462 0.0818697 -0.114929
FixedParameters: 0 0 0

#Transform 75
Transform: AffineTransform_float_3_3
Parameters: 0.999994 -0.00212212 -0.00275748 0.00212629 0.999996 0.00144709 0.00275418 -0.00145306 0.999995 0.0634946 0.137368 0.00266426
FixedParameters: 0 0 0

#Transform 76
Transform: AffineTransform_float_3_3
Parameters: 0.999995 -0.00168283 -0.00270333 0.00168522 0.999998 0.0010115 0.00270167 -0.00101666 0.999996 0.0590888 0.0975581 -0.0825429
FixedParameters: 0 0 0

#Transform 77
Transform: AffineTransform_float_3_3
Parameters: 0.999994 -0.00180373 -0.00272124 0.0018055 0.999998 0.000592635 0.00271929 -0.000597779 0.999996 0.0477722 0.115534 -0.099286
FixedParameters: 0 0 0

#Transform 78
Transform: AffineTransform_float_3_3
Parameters: 0.999995 -0.00205944 -0.00250861 0.00206224 0.999997 0.000937845 0.00250706 -0.000942501 0.999996 0.054642 0.128236 -0.111576
FixedParameters: 0 0 0

#Transform 79
Transform: AffineTransform_float_3_3
Parameters: 0.999995 -0.00193987 -0.00278814 0.00194234 0.999998 0.0011707 0.00278554 -0.0011767 0.999996 0.0565971 0.0935454 -0.115486
FixedParameters: 0 0 0

#Transform 80
Transform: AffineTransform_float_3_3
Parameters: 0.999994 -0.00212013 -0.00273838 0.00212342 0.999997 0.00117176 0.00273503 -0.00117773 0.999996 0.0660068 0.100735 -0.146028
FixedParameters: 0 0 0

#Transform 81
Transform: AffineTransform_float_3_3
Parameters: 0.999994 -0.00231237 -0.00268946 0.00231515 0.999996 0.00123079 0.00268655 -0.00123664 0.999996 0.116677 0.105413 -0.428657
FixedParameters: 0 0 0

#Transform 82
Transform: AffineTransform_float_3_3
Parameters: 0.999989 -0.00328434 -0.00327788 0.00327894 0.999993 -0.00182843 0.0032843 0.00181729 0.999993 0.192612 0.106062 -0.525079
FixedParameters: 0 0 0

#Transform 83
Transform: AffineTransform_float_3_3
Parameters: 0.999992 -0.00265426 -0.00298231 0.00265878 0.999996 0.00133822 0.00297885 -0.00134655 0.999994 0.144453 -0.0194968 -0.0999905
FixedParameters: 0 0 0

#Transform 84
Transform: AffineTransform_float_3_3
Parameters: 0.999992 -0.00261693 -0.00285776 0.00262146 0.999995 0.00158901 0.00285338 -0.00159644 0.999994 0.11655 0.0491296 -0.0748626
FixedParameters: 0 0 0

#Transform 85
Transform: AffineTransform_float_3_3
Parameters: 0.999993 -0.00258876 -0.00271661 0.00259069 0.999997 0.000688978 0.00271521 -0.000695656 0.999996 0.0939846 0.11741 -0.103204
FixedParameters: 0 0 0

#Transform 86
Transform: AffineTransform_float_3_3
Parameters: 0.999991 -0.00284493 -0.00298089 0.00285062 0.999994 0.00183309 0.00297561 -0.00184242 0.999994 0.104391 0.108563 -0.0870386
FixedParameters: 0 0 0

#Transform 87
Transform: AffineTransform_float_3_3
Parameters: 0.999992 -0.00266155 -0.00302923 0.00266723 0.999995 0.00180201 0.00302479 -0.00181051 0.999994 0.0981389 0.107592 -0.0855498
FixedParameters: 0 0 0

#Transform 88
Transform: AffineTransform_float_3_3
Parameters: 0.999994 -0.00246069 -0.00233113 0.00246722 0.999993 0.00257495 0.00232479 -0.00258095 0.999995 0.0880029 0.100071 -0.0916771
FixedParameters: 0 0 0

#Transform 89
Transform: AffineTransform_float_3_3
Parameters: 0.999992 -0.00265884 -0.00300267 0.00266296 0.999995 0.00142222 0.002999 -0.00143014 0.999995 0.110419 0.127832 -0.131365
FixedParameters: 0 0 0

#Transform 90
Transform: AffineTransform_float_3_3
Parameters: 0.999992 -0.00300247 -0.00265219 0.00300791 0.999993 0.00217362 0.00264549 -0.00218148 0.999994 0.124525 0.107755 -0.127071
FixedParameters: 0 0 0

#Transform 91
Transform: AffineTransform_float_3_3
Parameters: 0.999992 -0.00266221 -0.00303585 0.00266848 0.999995 0.00189677 0.00303091 -0.00190531 0.999993 0.120065 0.112838 -0.108138
FixedParameters: 0 0 0

#Transform 92
Transform: AffineTransform_float_3_3
Parameters: 0.999991 -0.0030911 -0.00302412 0.00310097 0.99999 0.0033696 0.00301381 -0.00337854 0.99999 0.172628 0.0904205 -0.00817142
FixedParameters: 0 0 0

#Transform 93
Transform: AffineTransform_float_3_3
Parameters: 0.999992 -0.003079 -0.00290498 0.00308358 0.999994 0.00167586 0.00289967 -0.00168441 0.999994 0.161909 0.129158 -0.189375
FixedParameters: 0 0 0

#Transform 94
Transform: AffineTransform_float_3_3
Parameters: 0.999992 -0.00303631 -0.00275789 0.00304118 0.999994 0.00186594 0.00275162 -0.00187386 0.999995 0.163226 0.0786039 -0.171055
FixedParameters: 0 0 0

#Transform 95
Transform: AffineTransform_float_3_3
Parameters: 0.999991 -0.00307805 -0.00289558 0.00308278 0.999994 0.00154219 0.00289083 -0.00155071 0.999995 0.177082 0.129208 -0.173202
FixedParameters: 0 0 0

#Transform 96
Transform: AffineTransform_float_3_3
Parameters: 0.99999 -0.00340781 -0.00280469 0.00341239 0.999993 0.00154403 0.00279984 -0.00155344 0.999995 0.178707 0.111314 -0.13626
FixedParameters: 0 0 0

#Transform 97
Transform: AffineTransform_float_3_3
Parameters: 0.99999 -0.00351717 -0.00280802 0.00352361 0.999992 0.00200449 0.00280075 -0.00201359 0.999994 0.179008 0.134558 -0.171641
FixedParameters: 0 0 0

#Transform 98
Transform: AffineTransform_float_3_3
Parameters: 0.99999 -0.00333268 -0.00283597 0.00333725 0.999993 0.00168923 0.00283071 -0.00169925 0.999995 0.176424 0.128034 -0.157948
FixedParameters: 0 0 0

#Transform 99
Transform: AffineTransform_float_3_3
Parameters: 0.99999 -0.00348827 -0.00286457 0.0034962 0.999991 0.00267239 0.00285558 -0.00268287 0.999992 0.175632 0.0918197 -0.161207
FixedParameters: 0 0 0

#Transform 100
Transform: AffineTransform_float_3_3
Parameters: 0.99999 -0.00335505 -0.00289954 0.00336275 0.999991 0.00264982 0.00289044 -0.00265932 0.999992 0.169243 0.10454 -0.150106
FixedParameters: 0 0 0

#Transform 101
Transform: AffineTransform_float_3_3
Parameters: 0.999992 -0.00307718 -0.00288688 0.00308117 0.999995 0.00141851 0.00288289 -0.00142697 0.999995 0.161041 0.143098 -0.173384
FixedParameters: 0 0 0

#Transform 102
Transform: AffineTransform_float_3_3
Parameters: 0.99999 -0.00348474 -0.00283979 0.00349135 0.999991 0.00231829 0.00283204 -0.00232867 0.999993 0.170044 0.128979 -0.163515
FixedParameters: 0 0 0

#Transform 103
Transform: AffineTransform_float_3_3
Parameters: 0.99999 -0.00334801 -0.00286933 0.0033548 0.999992 0.00220692 0.00286173 -0.0022163 0.999993 0.18117 0.124324 -0.150301
FixedParameters: 0 0 0

#Transform 104
Transform: AffineTransform_float_3_3
Parameters: 0.99999 -0.00347626 -0.00287324 0.00348465 0.99999 0.00274637 0.00286379 -0.00275633 0.999993 0.184122 0.0643452 -0.136744
FixedParameters: 0 0 0

#Transform 105
Transform: AffineTransform_float_3_3
Parameters: 0.99999 -0.00334372 -0.00284712 0.00334874 0.999992 0.0018848 0.00284174 -0.00189487 0.999994 0.170487 0.144527 -0.176324
FixedParameters: 0 0 0

#Transform 106
Transform: AffineTransform_float_3_3
Parameters: 0.999991 -0.00322906 -0.00288924 0.00323508 0.999992 0.00202992 0.00288334 -0.0020391 0.999994 0.167282 0.0996697 -0.138642
FixedParameters: 0 0 0

#Transform 107
Transform: AffineTransform_float_3_3
Parameters: 0.999991 -0.00308832 -0.00299625 0.00309741 0.999991 0.00297333 0.00298691 -0.00298271 0.999991 0.166137 0.0736796 -0.143503
FixedParameters: 0 0 0

#Transform 108
Transform: AffineTransform_float_3_3
Parameters: 0.999991 -0.00324435 -0.00287367 0.00325007 0.999993 0.0018731 0.00286745 -0.001882 0.999994 0.164426 0.143804 -0.137949
FixedParameters: 0 0 0

#Transform 109
Transform: AffineTransform_float_3_3
Parameters: 0.999991 -0.00316081 -0.00293935 0.00316752 0.999992 0.00246238 0.00293154 -0.00247141 0.999993 0.16483 0.113576 -0.145665
FixedParameters: 0 0 0

#Transform 110
Transform: AffineTransform_float_3_3
Parameters: 0.999989 -0.00342376 -0.00296119 0.00343574 0.999987 0.0037584 0.00294787 -0.00376844 0.999988 0.206629 0.0827195 -0.0277562
FixedParameters: 0 0 0

#Transform 111
Transform: AffineTransform_float_3_3
Parameters: 0.999989 -0.00346392 -0.00313636 0.00346865 0.999993 0.0015411 0.00313151 -0.00155172 0.999994 0.218386 0.138866 -0.139399
FixedParameters: 0 0 0

#Transform 112
Transform: AffineTransform_float_3_3
Parameters: 0.99999 -0.00337012 -0.00284057 0.00337833 0.99999 0.002811 0.0028304 -0.00282156 0.999992 0.190166 0.110437 -0.136284
FixedParameters: 0 0 0

#Transform 113
Transform: AffineTransform_float_3_3
Parameters: 0.999989 -0.00360529 -0.00316278 0.00361241 0.999991 0.00234042 0.0031535 -0.00235197 0.999993 0.188919 0.153324 -0.139815
FixedParameters: 0 0 0

#Transform 114
Transform: AffineTransform_float_3_3
Parameters: 0.999989 -0.00318886 -0.0033341 0.00319651 0.999992 0.00233413 0.00332591 -0.00234455 0.999992 0.181039 0.153183 -0.151637
FixedParameters: 0 0 0

#Transform 115
Transform: AffineTransform_float_3_3
Parameters: 0.999991 -0.00348858 -0.00258326 0.00349667 0.999989 0.00305094 0.00257169 -0.00305996 0.999992 0.183172 0.123824 -0.163538
FixedParameters: 0 0 0

#Transform 116
Transform: AffineTransform_float_3_3
Parameters: 0.99999 -0.00333163 -0.00293062 0.00333989 0.999991 0.00271736 0.00292118 -0.00272642 0.999992 0.180329 0.112722 -0.124956
FixedParameters: 0 0 0

#Transform 117
Transform: AffineTransform_float_3_3
Parameters: 0.999988 -0.00363683 -0.00324803 0.00364612 0.999989 0.00284526 0.00323739 -0.00285745 0.99999 0.194397 0.0902338 -0.138826
FixedParameters: 0 0 0

#Transform 118
Transform: AffineTransform_float_3_3
Parameters: 0.99999 -0.00347998 -0.00281951 0.00348805 0.999989 0.0029366 0.002809 -0.00294618 0.999992 0.207245 0.14881 -0.334899
FixedParameters: 0 0 0

#Transform 119
Transform: AffineTransform_float_3_3
Parameters: 0.999982 -0.00458657 -0.00386258 0.00461438 0.999964 0.0071677 0.00382967 -0.00718566 0.999967 0.247622 0.0107985 0.412108
FixedParameters: 0 0 0

#Transform 120
Transform: AffineTransform_float_3_3
Parameters: 0.999985 -0.00371121 -0.00415198 0.00373198 0.999981 0.00493751 0.00413324 -0.0049525 0.99998 0.167808 -0.0318395 0.214563
FixedParameters: 0 0 0

#Transform 121
Transform: AffineTransform_float_3_3
Parameters: 0.999987 -0.00356679 -0.00363852 0.00358973 0.999973 0.00638284 0.00361589 -0.00639586 0.999973 0.157118 0.0845032 0.0284689
FixedParameters: 0 0 0

#Transform 122
Transform: AffineTransform_float_3_3
Parameters: 0.999969 -0.00516328 -0.00583956 0.00517838 0.999983 0.00258702 0.0058267 -0.00261718 0.99998 0.172466 0.27218 -0.791854
FixedParameters: 0 0 0

#Transform 123
Transform: AffineTransform_float_3_3
Parameters: 0.999977 -0.00445446 -0.00513461 0.00447029 0.999986 0.00310902 0.00512136 -0.00313146 0.999982 0.178724 0.171311 -0.517218
FixedParameters: 0 0 0

#Transform 124
Transform: AffineTransform_float_3_3
Parameters: 0.999977 -0.00442963 -0.00507768 0.00444854 0.999983 0.00374485 0.00506077 -0.0037669 0.99998 0.171517 0.194015 -0.485189
FixedParameters: 0 0 0

#Transform 125
Transform: AffineTransform_float_3_3
Parameters: 0.999976 -0.00448919 -0.00525776 0.00450499 0.999985 0.00303274 0.00524396 -0.00305619 0.999981 0.172334 0.193952 -0.508154
FixedParameters: 0 0 0

#Transform 126
Transform: AffineTransform_float_3_3
Parameters: 0.999976 -0.00449464 -0.00533899 0.00451647 0.999981 0.00416487 0.00531984 -0.00418958 0.999978 0.179408 0.199864 -0.499669
FixedParameters: 0 0 0

#Transform 127
Transform: AffineTransform_float_3_3
Parameters: 0.999977 -0.00444481 -0.00512148 0.004463 0.999984 0.00351924 0.0051062 -0.0035422 0.999981 0.175163 0.18845 -0.508594
FixedParameters: 0 0 0

#Transform 128
Transform: AffineTransform_float_3_3
Parameters: 0.999977 -0.00444198 -0.00511899 0.00446047 0.999984 0.00367353 0.00510262 -0.00369607 0.99998 0.171048 0.202065 -0.4789
FixedParameters: 0 0 0

#Transform 129
Transform: AffineTransform_float_3_3
Parameters: 0.999976 -0.00448967 -0.0052644 0.00450543 0.999985 0.00312532 0.00525013 -0.00315018 0.999981 0.177546 0.251867 -0.474481
FixedParameters: 0 0 0

#Transform 130
Transform: AffineTransform_float_3_3
Parameters: 0.999978 -0.00410426 -0.00534702 0.00411883 0.999987 0.00280836 0.00533537 -0.00283019 0.999982 0.156412 0.216324 -0.4539
FixedParameters: 0 0 0

#Transform 131
Transform: AffineTransform_float_3_3
Parameters: 0.999976 -0.00449415 -0.0053319 0.00451592 0.999981 0.00406604 0.0053133 -0.00408986 0.999977 0.179144 0.209581 -0.44371
FixedParameters: 0 0 0

#Transform 132
Transform: AffineTransform_float_3_3
Parameters: 0.999977 -0.00429646 -0.00532737 0.00431405 0.999985 0.0032626 0.0053131 -0.00328494 0.99998 0.175911 0.176197 -0.450087
FixedParameters: 0 0 0

#Transform 133
Transform: AffineTransform_float_3_3
Parameters: 0.999977 -0.00444574 -0.00526872 0.00446146 0.999985 0.00301958 0.00525531 -0.00304267 0.999981 0.187571 0.163327 -0.447335
FixedParameters: 0 0 0

#Transform 134
Transform: AffineTransform_float_3_3
Parameters: 0.999976 -0.00433636 -0.00541512 0.00435553 0.999985 0.00351814 0.00539988 -0.00354207 0.999979 0.175645 0.245985 -0.460945
FixedParameters: 0 0 0

#Transform 135
Transform: AffineTransform_float_3_3
Parameters: 0.999976 -0.00442799 -0.00531058 0.00444634 0.999984 0.00352617 0.00529459 -0.0035493 0.99998 0.185721 0.171267 -0.467107
FixedParameters: 0 0 0

#Transform 136
Transform: AffineTransform_float_3_3
Parameters: 0.999976 -0.00443088 -0.00528094 0.00444772 0.999985 0.00313121 0.00526665 -0.00315426 0.999981 0.180842 0.201908 -0.475005
FixedParameters: 0 0 0

#Transform 137
Transform: AffineTransform_float_3_3
Parameters: 0.999976 -0.00432539 -0.00541502 0.00434212 0.999985 0.00320477 0.0054013 -0.00322815 0.99998 0.16017 0.234317 -0.482999
FixedParameters: 0 0 0

#Transform 138
Transform: AffineTransform_float_3_3
Parameters: 0.999977 -0.00419824 -0.0053126 0.00421324 0.999987 0.00268973 0.00530083 -0.00271199 0.999982 0.156151 0.244136 -0.479681
FixedParameters: 0 0 0

#Transform 139
Transform: AffineTransform_float_3_3
Parameters: 0.999977 -0.00434123 -0.00514131 0.00435867 0.999984 0.00345948 0.00512632 -0.00348109 0.999981 0.161163 0.197892 -0.385216
FixedParameters: 0 0 0

#Transform 140
Transform: AffineTransform_float_3_3
Parameters: 0.999977 -0.00446359 -0.00516788 0.00448151 0.999984 0.00338547 0.00515235 -0.00340775 0.999981 0.163897 0.201356 -0.366937
FixedParameters: 0 0 0

#Transform 141
Transform: AffineTransform_float_3_3
Parameters: 0.999975 -0.00466905 -0.00520081 0.00468435 0.999984 0.00292877 0.00518656 -0.00295274 0.999982 0.190729 0.184639 -0.434367
FixedParameters: 0 0 0

#Transform 142
Transform: AffineTransform_float_3_3
Parameters: 0.999975 -0.00482889 -0.00526955 0.00485194 0.999978 0.00446212 0.00524798 -0.00448743 0.999976 0.224491 0.165832 -0.381225
FixedParameters: 0 0 0

#Transform 143
Transform: AffineTransform_float_3_3
Parameters: 0.999975 -0.00465795 -0.0053981 0.00467386 0.999985 0.00305412 0.00538327 -0.00307976 0.99998 0.206699 0.239459 -0.430882
FixedParameters: 0 0 0

#Transform 144
Transform: AffineTransform_float_3_3
Parameters: 0.999975 -0.00434667 -0.00553229 0.00436441 0.999986 0.00323915 0.00551815 -0.00326378 0.999979 0.203555 0.199178 -0.455432
FixedParameters: 0 0 0

#Transform 145
Transform: AffineTransform_float_3_3
Parameters: 0.999973 -0.0047375 -0.00545449 0.00475939 0.999981 0.00396516 0.00543569 -0.00399096 0.999977 0.210383 0.173585 -0.47996
FixedParameters: 0 0 0

#Transform 146
Transform: AffineTransform_float_3_3
Parameters: 0.999973 -0.00466711 -0.00570408 0.00468361 0.999985 0.00290834 0.00569038 -0.00293455 0.999979 0.211825 0.205532 -0.450923
FixedParameters: 0 0 0

#Transform 147
Transform: AffineTransform_float_3_3
Parameters: 0.999977 -0.00427066 -0.00525091 0.00428779 0.999986 0.00317203 0.0052374 -0.00319484 0.999981 0.201145 0.210122 -0.386782
FixedParameters: 0 0 0

#Transform 148
Transform: AffineTransform_float_3_3
Parameters: 0.999976 -0.00427519 -0.00543716 0.00428948 0.999988 0.00246301 0.00542657 -0.00248633 0.999982 0.189388 0.174572 -0.363751
FixedParameters: 0 0 0

#Transform 149
Transform: AffineTransform_float_3_3
Parameters: 0.99998 -0.00408571 -0.00502163 0.00410364 0.999985 0.00359612 0.00500752 -0.00361722 0.999981 0.170647 0.168314 -0.352409
FixedParameters: 0 0 0
