# transform file /out/sourcedata/freesurfer/sub-v1s17x0051132_ses-1/mri/transforms/cc_up.lta
# created by oesteban on Mon Mar  9 04:25:34 2026

type      = 0 # LINEAR_VOX_TO_VOX
nxforms   = 1
mean      = 130.0000 114.0000 107.0000
sigma     = 10000.0000
1 4 4
9.992821216583252e-01 -2.016605436801910e-02 3.207221254706383e-02 -3.165312290191650e+00 
2.015567570924759e-02 9.997966885566711e-01 6.469015497714281e-04 3.433587265014648e+01 
-3.207873553037643e-02 -5.820766091346741e-11 9.994853138923645e-01 3.121755027770996e+01 
0.000000000000000e+00 0.000000000000000e+00 0.000000000000000e+00 1.000000000000000e+00 
src volume info
valid = 1  # volume info valid
filename = /out/sourcedata/freesurfer/sub-v1s17x0051132_ses-1/mri/norm.mgz
volume = 256 256 256
voxelsize = 1.000000000000000e+00 1.000000000000000e+00 1.000000000000000e+00
xras   = -1.000000000000000e+00 -7.212292985059321e-10 -1.164153218269348e-10
yras   = 0.000000000000000e+00 0.000000000000000e+00 -1.000000119209290e+00
zras   = 7.212292985059321e-10 1.000000000000000e+00 0.000000000000000e+00
cras   = 4.648056030273438e-01 2.016502380371094e+00 -1.309140014648438e+01
dst volume info
valid = 1  # volume info valid
filename = /out/sourcedata/freesurfer/sub-v1s17x0051132_ses-1/mri/norm.mgz
volume = 256 256 256
voxelsize = 1.000000000000000e+00 1.000000000000000e+00 1.000000000000000e+00
xras   = -1.000000000000000e+00 -7.212292985059321e-10 -1.164153218269348e-10
yras   = 0.000000000000000e+00 0.000000000000000e+00 -1.000000119209290e+00
zras   = 7.212292985059321e-10 1.000000000000000e+00 0.000000000000000e+00
cras   = 4.648056030273438e-01 2.016502380371094e+00 -1.309140014648438e+01
