# transform file transforms/talairach.lta
# created by oesteban on Mon Mar  9 03:03:00 2026

type      = 0 # LINEAR_VOX_TO_VOX
nxforms   = 1
mean      = 130.0000 114.0000 107.0000
sigma     = 10000.0000
1 4 4
1.015024304389954e+00 -2.969814836978912e-02 4.000271856784821e-02 -7.373124599456787e+00 
1.792341098189354e-02 1.027924656867981e+00 2.392996549606323e-01 -1.755766868591309e+01 
-5.257363617420197e-02 -2.568278908729553e-01 9.479784369468689e-01 4.485544967651367e+01 
0.000000000000000e+00 0.000000000000000e+00 0.000000000000000e+00 1.000000000000000e+00 
src volume info
valid = 1  # volume info valid
filename = nu.mgz
volume = 256 256 256
voxelsize = 1.000000000000000e+00 1.000000000000000e+00 1.000000000000000e+00
xras   = -1.000000000000000e+00 -7.212292985059321e-10 -1.164153218269348e-10
yras   = 0.000000000000000e+00 0.000000000000000e+00 -1.000000119209290e+00
zras   = 7.212292985059321e-10 1.000000000000000e+00 0.000000000000000e+00
cras   = 4.648056030273438e-01 2.016502380371094e+00 -1.309140014648438e+01
dst volume info
valid = 1  # volume info valid
filename = /opt/freesurfer/average/RB_all_2020-01-02.gca
volume = 256 256 256
voxelsize = 1.000000000000000e+00 1.000000000000000e+00 1.000000000000000e+00
xras   = -1.000000000000000e+00 0.000000000000000e+00 0.000000000000000e+00
yras   = 0.000000000000000e+00 0.000000000000000e+00 -1.000000000000000e+00
zras   = 0.000000000000000e+00 1.000000000000000e+00 0.000000000000000e+00
cras   = 0.000000000000000e+00 0.000000000000000e+00 0.000000000000000e+00
