# transform file /out/sourcedata/freesurfer/sub-v1s17x0050236_ses-1/mri/transforms/cc_up.lta
# created by oesteban on Mon Mar  9 02:33:09 2026

type      = 0 # LINEAR_VOX_TO_VOX
nxforms   = 1
mean      = 128.0000 127.0000 119.0000
sigma     = 10000.0000
1 4 4
9.987829327583313e-01 8.598925545811653e-03 -4.856442287564278e-02 4.244741439819336e+00 
-8.588778786361217e-03 9.999629259109497e-01 4.176173533778638e-04 2.205164527893066e+01 
4.856621846556664e-02 0.000000000000000e+00 9.988198876380920e-01 9.943388938903809e+00 
0.000000000000000e+00 0.000000000000000e+00 0.000000000000000e+00 1.000000000000000e+00 
src volume info
valid = 1  # volume info valid
filename = /out/sourcedata/freesurfer/sub-v1s17x0050236_ses-1/mri/norm.mgz
volume = 256 256 256
voxelsize = 1.000000000000000e+00 1.000000000000000e+00 1.000000000000000e+00
xras   = -1.000000119209290e+00 1.396983861923218e-09 1.862645149230957e-09
yras   = 0.000000000000000e+00 0.000000000000000e+00 -1.000000119209290e+00
zras   = 2.357410266995430e-09 1.000000000000000e+00 9.313225746154785e-10
cras   = -1.002044677734375e-01 -4.768905639648438e+00 -3.097534179687500e-03
dst volume info
valid = 1  # volume info valid
filename = /out/sourcedata/freesurfer/sub-v1s17x0050236_ses-1/mri/norm.mgz
volume = 256 256 256
voxelsize = 1.000000000000000e+00 1.000000000000000e+00 1.000000000000000e+00
xras   = -1.000000119209290e+00 1.396983861923218e-09 1.862645149230957e-09
yras   = 0.000000000000000e+00 0.000000000000000e+00 -1.000000119209290e+00
zras   = 2.357410266995430e-09 1.000000000000000e+00 9.313225746154785e-10
cras   = -1.002044677734375e-01 -4.768905639648438e+00 -3.097534179687500e-03
