# transform file transforms/talairach.lta
# created by oesteban on Mon Mar  9 01:14:14 2026

type      = 0 # LINEAR_VOX_TO_VOX
nxforms   = 1
mean      = 127.0000 127.0000 119.0000
sigma     = 10000.0000
1 4 4
1.064698219299316e+00 -2.087400667369366e-02 -3.120195120573044e-02 -3.541386604309082e+00 
2.849885076284409e-02 1.167329549789429e+00 2.356840968132019e-01 -5.171170425415039e+01 
2.566122822463512e-02 -1.787774562835693e-01 1.044020056724548e+00 7.807518005371094e+00 
0.000000000000000e+00 0.000000000000000e+00 0.000000000000000e+00 1.000000000000000e+00 
src volume info
valid = 1  # volume info valid
filename = nu.mgz
volume = 256 256 256
voxelsize = 1.000000000000000e+00 1.000000000000000e+00 1.000000000000000e+00
xras   = -1.000000119209290e+00 1.396983861923218e-09 1.862645149230957e-09
yras   = 0.000000000000000e+00 0.000000000000000e+00 -1.000000119209290e+00
zras   = 2.357410266995430e-09 1.000000000000000e+00 9.313225746154785e-10
cras   = -1.002044677734375e-01 -4.768905639648438e+00 -3.097534179687500e-03
dst volume info
valid = 1  # volume info valid
filename = /opt/freesurfer/average/RB_all_2020-01-02.gca
volume = 256 256 256
voxelsize = 1.000000000000000e+00 1.000000000000000e+00 1.000000000000000e+00
xras   = -1.000000000000000e+00 0.000000000000000e+00 0.000000000000000e+00
yras   = 0.000000000000000e+00 0.000000000000000e+00 -1.000000000000000e+00
zras   = 0.000000000000000e+00 1.000000000000000e+00 0.000000000000000e+00
cras   = 0.000000000000000e+00 0.000000000000000e+00 0.000000000000000e+00
