# transform file /out/sourcedata/freesurfer/sub-v1s17x0050255_ses-1/mri/transforms/cc_up.lta
# created by oesteban on Mon Mar  9 03:18:25 2026

type      = 0 # LINEAR_VOX_TO_VOX
nxforms   = 1
mean      = 126.0000 98.0000 113.0000
sigma     = 10000.0000
1 4 4
9.960580468177795e-01 -2.601343765854836e-02 -8.480471372604370e-02 1.273854446411133e+01 
2.591966278851032e-02 9.996616840362549e-01 -2.206808654591441e-03 4.297288131713867e+01 
8.483342081308365e-02 -2.328306714094452e-10 9.963951706886292e-01 7.603639602661133e+00 
0.000000000000000e+00 0.000000000000000e+00 0.000000000000000e+00 1.000000000000000e+00 
src volume info
valid = 1  # volume info valid
filename = /out/sourcedata/freesurfer/sub-v1s17x0050255_ses-1/mri/norm.mgz
volume = 256 256 256
voxelsize = 1.000000000000000e+00 1.000000000000000e+00 1.000000000000000e+00
xras   = -9.999998807907104e-01 2.839442458935082e-09 -9.313225746154785e-10
yras   = -9.313225746154785e-10 -2.328306436538696e-10 -9.999999403953552e-01
zras   = -2.835804480127990e-09 9.999999403953552e-01 0.000000000000000e+00
cras   = 9.563598632812500e-01 -2.156433105468750e+00 -1.819564819335938e+01
dst volume info
valid = 1  # volume info valid
filename = /out/sourcedata/freesurfer/sub-v1s17x0050255_ses-1/mri/norm.mgz
volume = 256 256 256
voxelsize = 1.000000000000000e+00 1.000000000000000e+00 1.000000000000000e+00
xras   = -9.999998807907104e-01 2.839442458935082e-09 -9.313225746154785e-10
yras   = -9.313225746154785e-10 -2.328306436538696e-10 -9.999999403953552e-01
zras   = -2.835804480127990e-09 9.999999403953552e-01 0.000000000000000e+00
cras   = 9.563598632812500e-01 -2.156433105468750e+00 -1.819564819335938e+01
