# transform file transforms/talairach.lta
# created by oesteban on Mon Mar  9 02:21:10 2026

type      = 0 # LINEAR_VOX_TO_VOX
nxforms   = 1
mean      = 126.0000 98.0000 113.0000
sigma     = 10000.0000
1 4 4
1.032828092575073e+00 7.948488928377628e-03 -1.088398024439812e-01 6.016300201416016e+00 
-2.292940393090248e-02 1.065796613693237e+00 -1.538923084735870e-01 3.516119003295898e+01 
8.922043442726135e-02 1.423711031675339e-01 9.465507864952087e-01 -2.164755439758301e+01 
0.000000000000000e+00 0.000000000000000e+00 0.000000000000000e+00 1.000000000000000e+00 
src volume info
valid = 1  # volume info valid
filename = nu.mgz
volume = 256 256 256
voxelsize = 1.000000000000000e+00 1.000000000000000e+00 1.000000000000000e+00
xras   = -9.999998807907104e-01 2.839442458935082e-09 -9.313225746154785e-10
yras   = -9.313225746154785e-10 -2.328306436538696e-10 -9.999999403953552e-01
zras   = -2.835804480127990e-09 9.999999403953552e-01 0.000000000000000e+00
cras   = 9.563598632812500e-01 -2.156433105468750e+00 -1.819564819335938e+01
dst volume info
valid = 1  # volume info valid
filename = /opt/freesurfer/average/RB_all_2020-01-02.gca
volume = 256 256 256
voxelsize = 1.000000000000000e+00 1.000000000000000e+00 1.000000000000000e+00
xras   = -1.000000000000000e+00 0.000000000000000e+00 0.000000000000000e+00
yras   = 0.000000000000000e+00 0.000000000000000e+00 -1.000000000000000e+00
zras   = 0.000000000000000e+00 1.000000000000000e+00 0.000000000000000e+00
cras   = 0.000000000000000e+00 0.000000000000000e+00 0.000000000000000e+00
