type      = 1 # LINEAR_RAS_TO_RAS
nxforms   = 1
mean      = 0.0000 0.0000 0.0000
sigma     = 1.0000
1 4 4
1.100422024726868e+00 9.825900197029114e-02 -1.142099965363741e-02 3.616409897804260e-01 
-1.161480024456978e-01 9.682620167732239e-01 -4.568900167942047e-02 -1.211624026298523e+00 
1.138699986040592e-02 1.052130013704300e-01 1.073325991630554e+00 -1.309975028038025e+00 
0.000000000000000e+00 0.000000000000000e+00 0.000000000000000e+00 1.000000000000000e+00 
src volume info
valid = 1  # volume info valid
filename = /out/sourcedata/freesurfer/sub-v1s17x0050255_ses-1/mri/orig_nu.mgz
volume = 256 256 256
voxelsize = 1.000000000000000e+00 1.000000000000000e+00 1.000000000000000e+00
xras   = -9.999998807907104e-01 2.839442458935082e-09 -9.313225746154785e-10
yras   = -9.313225746154785e-10 -2.328306436538696e-10 -9.999999403953552e-01
zras   = -2.835804480127990e-09 9.999999403953552e-01 0.000000000000000e+00
cras   = 9.563598632812500e-01 -2.156433105468750e+00 -1.819564819335938e+01
dst volume info
valid = 1  # volume info valid
filename = /opt/freesurfer/average/mni305.cor.mgz
volume = 256 256 256
voxelsize = 1.000000000000000e+00 1.000000000000000e+00 1.000000000000000e+00
xras   = -1.000000000000000e+00 0.000000000000000e+00 0.000000000000000e+00
yras   = 0.000000000000000e+00 0.000000000000000e+00 -1.000000000000000e+00
zras   = 0.000000000000000e+00 1.000000000000000e+00 0.000000000000000e+00
cras   = 0.000000000000000e+00 0.000000000000000e+00 0.000000000000000e+00
subject fsaverage
fscale 0.100000
