#Insight Transform File V1.0
#Transform 0
Transform: AffineTransform_float_3_3
Parameters: 1 5.34475e-05 -3.11911e-05 -5.34951e-05 0.999999 -0.000763494 3.11095e-05 0.000763497 0.999999 0.0154233 0.055058 -0.0672308
FixedParameters: 0 0 0

#Transform 1
Transform: AffineTransform_float_3_3
Parameters: 1 0.00013216 -0.000280042 -0.000132036 0.999998 -0.00162671 0.000279462 0.00162672 0.999998 -0.0129074 0.13267 -0.138956
FixedParameters: 0 0 0

#Transform 2
Transform: AffineTransform_float_3_3
Parameters: 1 -0.000192713 0.000383468 0.000193368 1 -0.00111663 -0.000383844 0.00111683 1 -0.00240993 0.000101923 -0.047804
FixedParameters: 0 0 0

#Transform 3
Transform: AffineTransform_float_3_3
Parameters: 0.999999 0.000115569 0.000710868 -0.000114296 0.999999 -0.00150887 -0.000710786 0.00150876 0.999998 -0.0174401 0.0983387 -0.130087
FixedParameters: 0 0 0

#Transform 4
Transform: AffineTransform_float_3_3
Parameters: 1 8.99725e-06 0.000257784 -8.26413e-06 0.999999 -0.00126502 -0.000257666 0.00126501 0.999999 0.00770494 0.0427476 -0.0530669
FixedParameters: 0 0 0

#Transform 5
Transform: AffineTransform_float_3_3
Parameters: 1 -8.38153e-05 -0.000490535 8.29861e-05 0.999999 -0.000890546 0.000490833 0.000891012 1 0.00215398 0.138098 -0.132865
FixedParameters: 0 0 0

#Transform 6
Transform: AffineTransform_float_3_3
Parameters: 0.999999 0.000184257 0.000835907 -0.000183373 0.999998 -0.00164227 -0.000835639 0.00164178 0.999999 -0.0245876 0.0541926 -0.102405
FixedParameters: 0 0 0

#Transform 7
Transform: AffineTransform_float_3_3
Parameters: 1 -0.000443671 0.00012733 0.000443945 1 -0.000940435 -0.000126507 0.000939995 0.999999 0.00399334 0.092195 -0.0972219
FixedParameters: 0 0 0

#Transform 8
Transform: AffineTransform_float_3_3
Parameters: 0.999999 -0.000306239 0.000673466 0.000307253 0.999999 -0.000753045 -0.000673004 0.000753458 0.999999 0.00824044 0.0419606 -0.042152
FixedParameters: 0 0 0

#Transform 9
Transform: AffineTransform_float_3_3
Parameters: 1 -0.00043323 0.000207362 0.000433687 1 -0.00101618 -0.000206492 0.00101581 0.999999 -0.00468201 0.111725 -0.0877369
FixedParameters: 0 0 0

#Transform 10
Transform: AffineTransform_float_3_3
Parameters: 1 -0.000408712 0.000531578 0.00040975 1 -0.000942307 -0.000530818 0.000942189 0.999999 -0.00331398 0.112248 -0.0818572
FixedParameters: 0 0 0

#Transform 11
Transform: AffineTransform_float_3_3
Parameters: 1 -0.000468422 0.000204555 0.000468848 1 -0.000955317 -0.000203671 0.000954955 0.999999 -0.00454686 0.130387 -0.098705
FixedParameters: 0 0 0

#Transform 12
Transform: AffineTransform_float_3_3
Parameters: 1 -0.000304482 0.000296185 0.000304632 0.999999 -0.000728577 -0.000296688 0.000728816 0.999999 -0.007669 0.115888 -0.0613084
FixedParameters: 0 0 0

#Transform 13
Transform: AffineTransform_float_3_3
Parameters: 1 -7.74183e-05 -0.00049347 7.65339e-05 0.999999 -0.000941141 0.000493765 0.000941612 1 -0.00987528 0.152833 -0.118064
FixedParameters: 0 0 0

#Transform 14
Transform: AffineTransform_float_3_3
Parameters: 0.999999 0.000173401 0.000987422 -0.000173376 1 -0.000472461 -0.000987146 0.000472721 1 -0.00594835 0.0653193 -0.0265229
FixedParameters: 0 0 0

#Transform 15
Transform: AffineTransform_float_3_3
Parameters: 1 -0.000136802 0.00049383 0.000136584 0.999999 -0.000744954 -0.000493337 0.000745144 0.999999 -0.00166006 0.0367656 -0.0630778
FixedParameters: 0 0 0

#Transform 16
Transform: AffineTransform_float_3_3
Parameters: 1 -0.0001167 0.000666538 0.000117686 0.999999 -0.000739622 -0.000666364 0.000739778 0.999999 0.00851507 0.088897 -0.0303976
FixedParameters: 0 0 0

#Transform 17
Transform: AffineTransform_float_3_3
Parameters: 1 -0.000350476 4.2799e-05 0.000350551 0.999999 -0.000880057 -4.2182e-05 0.000880087 0.999999 0.00279694 0.0498247 -0.0463904
FixedParameters: 0 0 0

#Transform 18
Transform: AffineTransform_float_3_3
Parameters: 1 -0.00042883 0.000225573 0.000428927 1 -0.000214713 -0.000225389 0.000214907 1 -0.0027043 0.0172965 -0.0205174
FixedParameters: 0 0 0

#Transform 19
Transform: AffineTransform_float_3_3
Parameters: 1 -0.000205088 -0.000450307 0.000204451 0.999999 -0.000707379 0.000450597 0.000707195 0.999999 0.0044914 0.0937663 -0.095425
FixedParameters: 0 0 0

#Transform 20
Transform: AffineTransform_float_3_3
Parameters: 1 -1.0265e-05 -0.000248846 1.02872e-05 1 4.45453e-05 0.000248845 -4.45504e-05 1 0.024606 0.0312503 -0.00515195
FixedParameters: 0 0 0

#Transform 21
Transform: AffineTransform_float_3_3
Parameters: 1 -0.000325712 -0.000410692 0.000325262 1 -0.000546933 0.000411048 0.000546666 1 -0.00396487 0.104417 -0.0842991
FixedParameters: 0 0 0

#Transform 22
Transform: AffineTransform_float_3_3
Parameters: 1 -0.000296631 0.000284168 0.00029659 1 7.20574e-05 -0.000284211 -7.18888e-05 1 0.0130488 0.0461937 -0.0083782
FixedParameters: 0 0 0

#Transform 23
Transform: AffineTransform_float_3_3
Parameters: 1 -0.000396255 0.000363891 0.000396498 1 -0.000334411 -0.000363626 0.0003347 1 -0.0148126 0.0675562 -0.0678287
FixedParameters: 0 0 0

#Transform 24
Transform: AffineTransform_float_3_3
Parameters: 0.999999 -0.000340124 0.000843076 0.000340662 1 -0.00100399 -0.000842911 0.00100467 0.999999 -0.000656292 0.0711685 -0.0805129
FixedParameters: 0 0 0

#Transform 25
Transform: AffineTransform_float_3_3
Parameters: 1 -0.000551269 -0.000336957 0.000551094 1 -0.000258798 0.000337242 0.000258427 1 0.0212708 0.0804432 -0.0739597
FixedParameters: 0 0 0

#Transform 26
Transform: AffineTransform_float_3_3
Parameters: 0.999999 -0.000391924 0.000623805 0.000391781 1 4.97699e-05 -0.000623839 -5.01122e-05 1 -0.00743126 0.0770577 -0.0361349
FixedParameters: 0 0 0

#Transform 27
Transform: AffineTransform_float_3_3
Parameters: 0.999999 -0.000274404 0.00077598 0.000274934 1 -0.000903428 -0.000775055 0.000903903 1 -0.0191485 0.0770316 -0.0830215
FixedParameters: 0 0 0

#Transform 28
Transform: AffineTransform_float_3_3
Parameters: 1 -0.000452632 0.000226598 0.000452677 1 -0.000100036 -0.000226508 0.000100241 1 -0.00888703 0.0711262 -0.064127
FixedParameters: 0 0 0

#Transform 29
Transform: AffineTransform_float_3_3
Parameters: 1 -0.000302241 0.000476139 0.000302137 1 0.000405998 -0.000475438 -0.000405769 1 -0.0129047 0.00885478 0.00631364
FixedParameters: 0 0 0

#Transform 30
Transform: AffineTransform_float_3_3
Parameters: 0.999999 -0.000646708 0.000459478 0.000646903 0.999999 -0.000607413 -0.000459633 0.000607235 1 -0.0043334 0.0936188 -0.0668122
FixedParameters: 0 0 0

#Transform 31
Transform: AffineTransform_float_3_3
Parameters: 0.999999 -0.000766634 0.00022826 0.00076648 0.999999 0.000336471 -0.000228775 -0.000336121 1 -0.000859359 0.0857808 -0.0615352
FixedParameters: 0 0 0

#Transform 32
Transform: AffineTransform_float_3_3
Parameters: 0.999999 -0.000616087 0.000539648 0.00061617 1 -7.68728e-05 -0.000539553 7.75377e-05 1 0.00415707 0.109278 -0.0412575
FixedParameters: 0 0 0

#Transform 33
Transform: AffineTransform_float_3_3
Parameters: 0.999999 -0.000826426 0.000112381 0.000826503 0.999999 -0.00034027 -0.000111818 0.000340456 1 0.00395964 0.106137 -0.0512034
FixedParameters: 0 0 0

#Transform 34
Transform: AffineTransform_float_3_3
Parameters: 1 -0.000515769 0.000413956 0.000515348 0.999999 0.000509043 -0.00041448 -0.000508616 1 -0.00442527 0.0784445 0.00616717
FixedParameters: 0 0 0

#Transform 35
Transform: AffineTransform_float_3_3
Parameters: 0.999999 -0.000753365 -0.000194027 0.000753311 1 -0.000348056 0.000194547 0.000348594 1 -0.0111504 0.148936 -0.0767491
FixedParameters: 0 0 0

#Transform 36
Transform: AffineTransform_float_3_3
Parameters: 1 -0.000386294 0.000141168 0.000386117 0.999999 0.000627395 -0.000141653 -0.000627286 1 -0.00506463 0.0432216 0.00651456
FixedParameters: 0 0 0

#Transform 37
Transform: AffineTransform_float_3_3
Parameters: 1 -0.000466962 0.000455367 0.000467062 1 -0.000109261 -0.000455265 0.000109687 1 -0.0131419 0.0925754 -0.070388
FixedParameters: 0 0 0

#Transform 38
Transform: AffineTransform_float_3_3
Parameters: 0.999999 -0.000814964 -0.000523795 0.00081526 0.999999 1.30075e-05 0.00052472 -1.3921e-05 1 0.0120497 0.0940535 -0.0346454
FixedParameters: 0 0 0

#Transform 39
Transform: AffineTransform_float_3_3
Parameters: 1 -0.000631457 0.000241272 0.000631229 0.999999 0.000471799 -0.000241868 -0.000471494 1 0.00371324 0.0669049 0.0202163
FixedParameters: 0 0 0

#Transform 40
Transform: AffineTransform_float_3_3
Parameters: 1 -0.000575124 -0.000152403 0.00057432 0.999999 0.00049162 0.000152127 -0.00049174 1 -0.00713202 0.149448 -0.0373242
FixedParameters: 0 0 0

#Transform 41
Transform: AffineTransform_float_3_3
Parameters: 0.999999 -0.000728802 0.00015023 0.000728863 0.999999 -0.000204539 -0.000149932 0.000204758 1 -0.00543405 0.093986 -0.0337013
FixedParameters: 0 0 0

#Transform 42
Transform: AffineTransform_float_3_3
Parameters: 0.999999 -0.000718744 -0.000274928 0.000719113 0.999999 0.000671974 0.000273962 -0.000672369 0.999999 -0.0225116 0.154458 -0.0919132
FixedParameters: 0 0 0

#Transform 43
Transform: AffineTransform_float_3_3
Parameters: 1 -0.000337106 -4.22339e-06 0.00033711 1 0.000518325 3.87392e-06 -0.000518328 1 -0.031772 0.102919 -0.0319051
FixedParameters: 0 0 0

#Transform 44
Transform: AffineTransform_float_3_3
Parameters: 0.999999 -0.000795113 0.000146383 0.000795008 0.999999 0.000358824 -0.000146954 -0.000358591 1 -0.0185087 0.137896 -0.0161777
FixedParameters: 0 0 0

#Transform 45
Transform: AffineTransform_float_3_3
Parameters: 1 -0.000704181 9.26307e-06 0.000704264 1 -0.000139065 -9.07134e-06 0.00013991 1 -0.0218141 0.174997 -0.0767578
FixedParameters: 0 0 0

#Transform 46
Transform: AffineTransform_float_3_3
Parameters: 1 -0.00107421 -0.000590469 0.0010747 0.999999 0.000920283 0.000589722 -0.000920723 0.999999 -0.00825191 0.10526 -0.0162016
FixedParameters: 0 0 0

#Transform 47
Transform: AffineTransform_float_3_3
Parameters: 1 -0.000585442 -1.62264e-05 0.000585453 1 0.000348915 1.58179e-05 -0.000348934 1 -0.0385827 0.202526 -0.0792337
FixedParameters: 0 0 0

#Transform 48
Transform: AffineTransform_float_3_3
Parameters: 1 -0.00103964 -0.000115108 0.00104023 0.999999 0.000982042 0.000114008 -0.000981508 1 -0.0174013 0.0793787 -0.0102891
FixedParameters: 0 0 0

#Transform 49
Transform: AffineTransform_float_3_3
Parameters: 0.999999 -0.00074928 -0.000160675 0.000749293 0.999999 4.32495e-05 0.00016061 -4.34902e-05 1 -0.0243444 0.193855 -0.0728091
FixedParameters: 0 0 0

#Transform 50
Transform: AffineTransform_float_3_3
Parameters: 0.999999 -0.000810537 -0.000190425 0.000811311 0.999999 0.00107947 0.00018976 -0.00107984 1 -0.0185926 0.104636 -0.0223148
FixedParameters: 0 0 0

#Transform 51
Transform: AffineTransform_float_3_3
Parameters: 1 -0.000633514 -2.62417e-05 0.000633531 0.999999 0.000323877 2.58313e-05 -0.00032391 1 -0.0227625 0.186536 -0.0642089
FixedParameters: 0 0 0

#Transform 52
Transform: AffineTransform_float_3_3
Parameters: 0.999999 -0.000904468 -0.000191758 0.000904391 0.999998 0.00133984 0.000190708 -0.0013402 0.999999 -0.0298537 0.12322 -0.044616
FixedParameters: 0 0 0

#Transform 53
Transform: AffineTransform_float_3_3
Parameters: 1 -0.000680592 -0.00018753 0.000680693 0.999999 0.000269861 0.000187163 -0.000270116 1 -0.0322651 0.185968 -0.0944554
FixedParameters: 0 0 0

#Transform 54
Transform: AffineTransform_float_3_3
Parameters: 1 -0.00108975 0.000160551 0.00108965 0.999998 0.00118037 -0.000162177 -0.00118008 1 -0.0184157 0.0439627 0.015239
FixedParameters: 0 0 0

#Transform 55
Transform: AffineTransform_float_3_3
Parameters: 0.999999 -0.00136596 -0.000129601 0.00136645 0.999998 0.000821355 0.000128302 -0.000821766 1 -0.0125024 0.18649 -0.0968758
FixedParameters: 0 0 0

#Transform 56
Transform: AffineTransform_float_3_3
Parameters: 0.999999 -0.00125933 0.000191667 0.00125914 0.999999 0.000387515 -0.000192793 -0.000387579 1 -0.0281684 0.199442 -0.112712
FixedParameters: 0 0 0

#Transform 57
Transform: AffineTransform_float_3_3
Parameters: 0.999999 -0.000808723 4.06416e-05 0.000808698 1 0.00073804 -4.18466e-05 -0.000738526 1 -0.0182178 0.104111 0.00156224
FixedParameters: 0 0 0

#Transform 58
Transform: AffineTransform_float_3_3
Parameters: 0.999999 -0.000965562 -0.000247413 0.000965037 0.999999 0.000794764 0.000246156 -0.000795739 0.999999 -0.0221054 0.217781 -0.0985919
FixedParameters: 0 0 0

#Transform 59
Transform: AffineTransform_float_3_3
Parameters: 0.999999 -0.000827731 4.23731e-05 0.000828006 0.999999 8.27794e-05 -4.1564e-05 -8.27687e-05 1 -0.0209887 0.237192 -0.113056
FixedParameters: 0 0 0

#Transform 60
Transform: AffineTransform_float_3_3
Parameters: 0.999999 -0.00142999 0.000102387 0.00143025 0.999997 0.00200329 -0.000106096 -0.00200367 0.999998 0.0177598 0.0158825 0.0504016
FixedParameters: 0 0 0

#Transform 61
Transform: AffineTransform_float_3_3
Parameters: 0.999999 -0.00116634 -0.000502213 0.00116644 0.999999 0.000974506 0.000500224 -0.000974789 1 -0.0256663 0.249726 -0.154724
FixedParameters: 0 0 0

#Transform 62
Transform: AffineTransform_float_3_3
Parameters: 0.999999 -0.000869854 0.000226475 0.000869966 0.999999 -0.000248542 -0.000226043 0.000248936 1 -0.0247901 0.213299 -0.122929
FixedParameters: 0 0 0

#Transform 63
Transform: AffineTransform_float_3_3
Parameters: 0.999999 -0.000995477 -0.000143344 0.000995225 0.999999 0.00118305 0.000142363 -0.00118334 0.999999 0.0139851 0.0229548 0.0356824
FixedParameters: 0 0 0

#Transform 64
Transform: AffineTransform_float_3_3
Parameters: 0.999999 -0.00105449 -0.00030713 0.00105451 0.999999 0.000858263 0.00030669 -0.000858089 1 -0.0198687 0.205692 -0.0810975
FixedParameters: 0 0 0

#Transform 65
Transform: AffineTransform_float_3_3
Parameters: 0.999999 -0.00154646 -0.000291331 0.00154632 0.999998 0.000772867 0.000290172 -0.000772939 1 0.000965359 0.231441 -0.111961
FixedParameters: 0 0 0

#Transform 66
Transform: AffineTransform_float_3_3
Parameters: 0.999999 -0.00107881 -9.24613e-05 0.001079 0.999998 0.0018382 9.09506e-05 -0.00183764 0.999998 0.0149552 0.0457787 0.00999171
FixedParameters: 0 0 0

#Transform 67
Transform: AffineTransform_float_3_3
Parameters: 1 -0.00111 -0.000175421 0.00111072 0.999998 0.00126249 0.000173563 -0.00126294 0.999999 -0.01609 0.220824 -0.123023
FixedParameters: 0 0 0

#Transform 68
Transform: AffineTransform_float_3_3
Parameters: 0.999999 -0.00118736 0.000478339 0.00118694 0.999999 0.000684161 -0.000479167 -0.00068363 0.999999 -0.00857444 0.204994 -0.0985916
FixedParameters: 0 0 0

#Transform 69
Transform: AffineTransform_float_3_3
Parameters: 1 -0.00123199 -2.04351e-05 0.00123144 0.999999 0.000940791 1.93492e-05 -0.000940013 1 0.00744133 0.173129 -0.0600239
FixedParameters: 0 0 0

#Transform 70
Transform: AffineTransform_float_3_3
Parameters: 0.999999 -0.00121494 -0.000347555 0.00121448 0.999999 0.000364841 0.000347752 -0.000366237 1 0.00973805 0.192198 -0.0777407
FixedParameters: 0 0 0

#Transform 71
Transform: AffineTransform_float_3_3
Parameters: 0.999999 -0.00153281 -0.000272651 0.00153349 0.999997 0.00167595 0.000269828 -0.00167602 0.999999 0.0172818 0.156706 -0.0276879
FixedParameters: 0 0 0

#Transform 72
Transform: AffineTransform_float_3_3
Parameters: 0.999999 -0.00133483 -0.000181537 0.00133456 0.999999 0.000891777 0.000180388 -0.000891432 1 -0.0118186 0.233256 -0.0931334
FixedParameters: 0 0 0

#Transform 73
Transform: AffineTransform_float_3_3
Parameters: 0.999999 -0.00152532 0.000234778 0.00152532 0.999996 0.00214117 -0.000238193 -0.00214064 0.999998 0.00698559 0.0199683 0.0419761
FixedParameters: 0 0 0

#Transform 74
Transform: AffineTransform_float_3_3
Parameters: 0.999999 -0.00155642 0.000301083 0.00155548 0.999998 0.00171575 -0.000303169 -0.00171466 0.999999 -0.0126766 0.166299 -0.0822484
FixedParameters: 0 0 0

#Transform 75
Transform: AffineTransform_float_3_3
Parameters: 0.999999 -0.00133123 0.000307496 0.00133124 0.999998 0.000907875 -0.00030802 -0.000907173 1 -0.0139329 0.180526 -0.0418334
FixedParameters: 0 0 0

#Transform 76
Transform: AffineTransform_float_3_3
Parameters: 0.999998 -0.00180461 0.000191104 0.00180383 0.999997 0.00109787 -0.000192895 -0.0010978 1 0.0165788 0.117478 0.0169125
FixedParameters: 0 0 0

#Transform 77
Transform: AffineTransform_float_3_3
Parameters: 0.999999 -0.00136289 -0.000244999 0.00136299 0.999998 0.00101476 0.000244414 -0.00101549 1 0.0126406 0.175333 -0.00418852
FixedParameters: 0 0 0

#Transform 78
Transform: AffineTransform_float_3_3
Parameters: 0.999998 -0.00158823 -0.000434175 0.00158928 0.999998 0.0014687 0.000431823 -0.00146931 0.999999 0.00511586 0.181683 -0.0459928
FixedParameters: 0 0 0

#Transform 79
Transform: AffineTransform_float_3_3
Parameters: 0.999998 -0.00167309 -9.36816e-05 0.00167366 0.999999 0.000932456 9.14914e-05 -0.000932547 1 0.00214549 0.152921 -0.0489714
FixedParameters: 0 0 0

#Transform 80
Transform: AffineTransform_float_3_3
Parameters: 0.999998 -0.00186785 -0.000483485 0.00186815 0.999996 0.00219107 0.000479126 -0.00219261 0.999998 -0.00931033 0.11915 -0.00890897
FixedParameters: 0 0 0

#Transform 81
Transform: AffineTransform_float_3_3
Parameters: 0.999999 -0.00146798 -0.000324832 0.001469 0.999997 0.00188392 0.000321603 -0.00188466 0.999998 -0.00737355 0.142643 0.0205884
FixedParameters: 0 0 0

#Transform 82
Transform: AffineTransform_float_3_3
Parameters: 0.999999 -0.00154198 -0.000372027 0.00154325 0.999997 0.00163002 0.00037026 -0.00163046 0.999999 -0.010518 0.118306 -0.0178356
FixedParameters: 0 0 0

#Transform 83
Transform: AffineTransform_float_3_3
Parameters: 0.999998 -0.00170946 -0.000180532 0.00171044 0.999996 0.00227961 0.000176125 -0.00228007 0.999997 0.00608793 0.0798947 0.0462964
FixedParameters: 0 0 0

#Transform 84
Transform: AffineTransform_float_3_3
Parameters: 0.999999 -0.00150292 -0.000248108 0.00150334 0.999998 0.00139893 0.000246067 -0.00139946 0.999999 -0.00208287 0.14471 -0.0107928
FixedParameters: 0 0 0

#Transform 85
Transform: AffineTransform_float_3_3
Parameters: 0.999998 -0.00164882 -0.000313078 0.00164951 0.999996 0.00236133 0.000308968 -0.00236216 0.999997 -0.0141821 0.093895 0.0245404
FixedParameters: 0 0 0

#Transform 86
Transform: AffineTransform_float_3_3
Parameters: 0.999999 -0.00141817 -0.000260167 0.00141782 0.999998 0.00161237 0.0002582 -0.00161229 0.999999 -0.00292541 0.126286 0.0200371
FixedParameters: 0 0 0

#Transform 87
Transform: AffineTransform_float_3_3
Parameters: 0.999999 -0.0014038 -0.00045486 0.00140414 0.999998 0.0010301 0.000453198 -0.00103055 0.999999 -0.00245638 0.161797 0.0102009
FixedParameters: 0 0 0

#Transform 88
Transform: AffineTransform_float_3_3
Parameters: 0.999999 -0.00160629 -0.000847392 0.00160744 0.999998 0.00142145 0.000845287 -0.00142335 0.999999 0.0155592 0.173217 0.0213363
FixedParameters: 0 0 0

#Transform 89
Transform: AffineTransform_float_3_3
Parameters: 0.999999 -0.00156376 -7.02168e-05 0.00156363 0.999999 0.000987409 6.92948e-05 -0.000987412 1 -0.00139407 0.160517 0.0163153
FixedParameters: 0 0 0

#Transform 90
Transform: AffineTransform_float_3_3
Parameters: 0.999998 -0.00151382 -0.000869245 0.0015147 0.999997 0.0017379 0.000866873 -0.00173966 0.999998 -0.023071 0.135313 0.0209241
FixedParameters: 0 0 0

#Transform 91
Transform: AffineTransform_float_3_3
Parameters: 0.999999 -0.00137845 -0.000463938 0.00137889 0.999997 0.00174054 0.000461743 -0.001741 0.999998 -0.0125417 0.178398 0.0214916
FixedParameters: 0 0 0

#Transform 92
Transform: AffineTransform_float_3_3
Parameters: 0.999999 -0.00147665 -0.000384332 0.00147699 0.999995 0.00264745 0.000380631 -0.00264778 0.999996 -0.0143426 0.0772142 0.10187
FixedParameters: 0 0 0

#Transform 93
Transform: AffineTransform_float_3_3
Parameters: 0.999998 -0.00186762 -0.00075735 0.00186896 0.999996 0.00206045 0.000753485 -0.00206163 0.999997 -0.0225684 0.226049 -0.0255281
FixedParameters: 0 0 0

#Transform 94
Transform: AffineTransform_float_3_3
Parameters: 0.999998 -0.00156183 -0.000849936 0.00156441 0.999997 0.00200149 0.000847367 -0.00200339 0.999998 -0.0132564 0.160553 0.0421066
FixedParameters: 0 0 0

#Transform 95
Transform: AffineTransform_float_3_3
Parameters: 0.999998 -0.0013401 -0.00091963 0.0013424 0.999998 0.00182556 0.000917483 -0.00182583 0.999998 -0.0200039 0.151431 0.0207478
FixedParameters: 0 0 0

#Transform 96
Transform: AffineTransform_float_3_3
Parameters: 0.999999 -0.00139978 -0.000483568 0.00140154 0.999996 0.00258748 0.000480148 -0.00258808 0.999997 -0.0255933 0.134426 0.0475838
FixedParameters: 0 0 0

#Transform 97
Transform: AffineTransform_float_3_3
Parameters: 0.999999 -0.0015223 8.16389e-06 0.00152235 0.999996 0.00230253 -1.178e-05 -0.00230318 0.999998 -0.0114983 0.129558 0.0706303
FixedParameters: 0 0 0

#Transform 98
Transform: AffineTransform_float_3_3
Parameters: 0.999999 -0.00111034 -0.0010361 0.00111255 0.999996 0.00261888 0.00103279 -0.00262021 0.999996 -0.0425798 0.117284 0.107548
FixedParameters: 0 0 0

#Transform 99
Transform: AffineTransform_float_3_3
Parameters: 0.999999 -0.00107481 -0.000929536 0.00107821 0.999993 0.0034511 0.000925049 -0.00345159 0.999994 -0.0459914 0.136185 0.0886118
FixedParameters: 0 0 0

#Transform 100
Transform: AffineTransform_float_3_3
Parameters: 0.999999 -0.000691857 -0.00109684 0.000696582 0.999993 0.00356132 0.00109485 -0.00356216 0.999993 -0.0131269 0.113988 0.133472
FixedParameters: 0 0 0

#Transform 101
Transform: AffineTransform_float_3_3
Parameters: 0.999998 -0.00142886 -0.00155404 0.00143425 0.999993 0.0035348 0.00154868 -0.00353763 0.999992 -0.0171834 0.178073 0.0559506
FixedParameters: 0 0 0

#Transform 102
Transform: AffineTransform_float_3_3
Parameters: 0.999998 -0.00137401 -0.00155884 0.00137992 0.999992 0.00386426 0.00155448 -0.00386639 0.999992 -0.0182379 0.175455 0.0685759
FixedParameters: 0 0 0

#Transform 103
Transform: AffineTransform_float_3_3
Parameters: 0.999999 -0.00107815 -0.000735571 0.00108076 0.999995 0.00306565 0.000732264 -0.00306638 0.999995 -0.0444767 0.172121 0.138708
FixedParameters: 0 0 0

#Transform 104
Transform: AffineTransform_float_3_3
Parameters: 0.999998 -0.00142709 -0.00175553 0.00143206 0.999995 0.00279262 0.0017516 -0.00279467 0.999994 -0.0330949 0.247947 0.0258856
FixedParameters: 0 0 0

#Transform 105
Transform: AffineTransform_float_3_3
Parameters: 0.999998 -0.00137826 -0.00133939 0.00138146 0.999996 0.00233009 0.00133629 -0.00233231 0.999996 -0.00106419 0.190811 0.0769241
FixedParameters: 0 0 0

#Transform 106
Transform: AffineTransform_float_3_3
Parameters: 0.999998 -0.00145212 -0.00175333 0.00145694 0.999995 0.00251117 0.00174981 -0.00251364 0.999996 -0.0296981 0.264315 -0.00289837
FixedParameters: 0 0 0

#Transform 107
Transform: AffineTransform_float_3_3
Parameters: 0.999998 -0.00147284 -0.000793073 0.00147526 0.999994 0.00306523 0.000788729 -0.00306534 0.999995 -0.0355648 0.201769 0.0523413
FixedParameters: 0 0 0

#Transform 108
Transform: AffineTransform_float_3_3
Parameters: 0.999997 -0.00228636 -0.00081714 0.00228919 0.999993 0.00291777 0.000810078 -0.00291909 0.999996 -0.0119566 0.273244 -0.0684285
FixedParameters: 0 0 0

#Transform 109
Transform: AffineTransform_float_3_3
Parameters: 0.999998 -0.00173541 -4.69129e-05 0.00173613 0.999995 0.00248251 4.27824e-05 -0.00248203 0.999997 -0.0286606 0.288787 -0.0176787
FixedParameters: 0 0 0

#Transform 110
Transform: AffineTransform_float_3_3
Parameters: 0.999997 -0.00193869 -0.00128558 0.00194366 0.99999 0.00413983 0.00127685 -0.00414244 0.999991 -0.0206523 0.143828 0.0581181
FixedParameters: 0 0 0

#Transform 111
Transform: AffineTransform_float_3_3
Parameters: 0.999999 -0.0016792 -0.000861536 0.00168212 0.999993 0.0034894 0.000855722 -0.00349061 0.999993 -0.0214366 0.201754 0.0757853
FixedParameters: 0 0 0

#Transform 112
Transform: AffineTransform_float_3_3
Parameters: 0.999997 -0.0017967 -0.000743589 0.00179879 0.999991 0.00396508 0.000735955 -0.00396603 0.999992 -0.0346847 0.135499 0.0390571
FixedParameters: 0 0 0

#Transform 113
Transform: AffineTransform_float_3_3
Parameters: 0.999998 -0.00180587 0.000273408 0.0018049 0.999992 0.0033939 -0.000279957 -0.00339372 0.999994 -0.0279728 0.138181 0.0692535
FixedParameters: 0 0 0

#Transform 114
Transform: AffineTransform_float_3_3
Parameters: 0.999996 -0.00228388 -0.0017354 0.00229037 0.999989 0.00417684 0.00172626 -0.00418095 0.99999 0.0153068 0.150336 0.0156352
FixedParameters: 0 0 0

#Transform 115
Transform: AffineTransform_float_3_3
Parameters: 0.999999 -0.00164401 -0.000972343 0.0016467 0.999995 0.00274891 0.000967702 -0.00275125 0.999996 -0.0102187 0.144803 0.0582252
FixedParameters: 0 0 0

#Transform 116
Transform: AffineTransform_float_3_3
Parameters: 0.999996 -0.00211744 -0.00153225 0.00212335 0.999991 0.00372343 0.00152448 -0.0037262 0.999992 0.00232049 0.173234 0.0140032
FixedParameters: 0 0 0

#Transform 117
Transform: AffineTransform_float_3_3
Parameters: 0.999998 -0.00182331 -0.000188661 0.00182419 0.999991 0.00375096 0.000182493 -0.00375104 0.999993 -0.0130708 0.142563 0.083046
FixedParameters: 0 0 0

#Transform 118
Transform: AffineTransform_float_3_3
Parameters: 0.999997 -0.00211708 -0.00142347 0.00212274 0.999989 0.00414645 0.00141527 -0.00415015 0.999991 -0.00813967 0.176009 0.0312597
FixedParameters: 0 0 0

#Transform 119
Transform: AffineTransform_float_3_3
Parameters: 0.999997 -0.00234641 -0.00071862 0.00234921 0.999991 0.00351775 0.000710853 -0.00351961 0.999994 -0.0105062 0.201115 0.0264311
FixedParameters: 0 0 0

#Transform 120
Transform: AffineTransform_float_3_3
Parameters: 0.999997 -0.00223531 -0.000625568 0.00223841 0.999989 0.00408983 0.000616441 -0.00409113 0.999992 -0.0164892 0.161958 0.0344732
FixedParameters: 0 0 0

#Transform 121
Transform: AffineTransform_float_3_3
Parameters: 0.999997 -0.00221696 -0.000461778 0.00221857 0.999992 0.00340239 0.000454194 -0.00340348 0.999994 0.00103989 0.17727 0.0592449
FixedParameters: 0 0 0

#Transform 122
Transform: AffineTransform_float_3_3
Parameters: 0.999998 -0.00220028 -0.000345691 0.00220173 0.99999 0.00381441 0.000337494 -0.00381503 0.999992 -0.0162095 0.147795 0.0571384
FixedParameters: 0 0 0

#Transform 123
Transform: AffineTransform_float_3_3
Parameters: 0.999997 -0.00241151 -0.000749947 0.00241333 0.999992 0.00295251 0.000743225 -0.00295371 0.999995 0.000759295 0.232088 0.0326465
FixedParameters: 0 0 0

#Transform 124
Transform: AffineTransform_float_3_3
Parameters: 0.999997 -0.00224522 -0.00055347 0.00224781 0.999988 0.00416562 0.000543924 -0.0041666 0.999991 -0.0157643 0.191823 0.0520321
FixedParameters: 0 0 0

#Transform 125
Transform: AffineTransform_float_3_3
Parameters: 0.999997 -0.00252694 -0.00075728 0.00253024 0.999989 0.00395477 0.000747541 -0.00395626 0.999992 -0.0174671 0.205683 0.059842
FixedParameters: 0 0 0

#Transform 126
Transform: AffineTransform_float_3_3
Parameters: 0.999997 -0.0022426 -0.000522087 0.00224412 0.999988 0.00427373 0.00051236 -0.00427507 0.99999 -0.0231061 0.193679 0.0482809
FixedParameters: 0 0 0

#Transform 127
Transform: AffineTransform_float_3_3
Parameters: 0.999997 -0.00227981 -0.000502821 0.00228138 0.999991 0.00367945 0.00049492 -0.00368079 0.999993 -0.0190887 0.146636 0.0798491
FixedParameters: 0 0 0

#Transform 128
Transform: AffineTransform_float_3_3
Parameters: 0.999997 -0.00255395 -0.000609075 0.00255658 0.999991 0.0032638 0.000600707 -0.003266 0.999995 -0.0137848 0.146112 0.0897659
FixedParameters: 0 0 0

#Transform 129
Transform: AffineTransform_float_3_3
Parameters: 0.999997 -0.00233404 -0.000679632 0.00233615 0.999991 0.00345569 0.000671148 -0.00345783 0.999994 -0.0297865 0.203069 0.0268059
FixedParameters: 0 0 0

#Transform 130
Transform: AffineTransform_float_3_3
Parameters: 0.999997 -0.00221387 -0.000848267 0.0022172 0.999992 0.00343455 0.000840841 -0.00343729 0.999993 -0.0151638 0.136222 0.104772
FixedParameters: 0 0 0

#Transform 131
Transform: AffineTransform_float_3_3
Parameters: 0.999997 -0.00205532 -0.000792508 0.002057 0.999994 0.00301154 0.000785896 -0.00301227 0.999995 -0.0193712 0.204285 0.0598678
FixedParameters: 0 0 0

#Transform 132
Transform: AffineTransform_float_3_3
Parameters: 0.999996 -0.00271075 -0.000671459 0.00271347 0.999988 0.00400643 0.000659977 -0.00400828 0.999992 -0.00335405 0.155151 0.112454
FixedParameters: 0 0 0

#Transform 133
Transform: AffineTransform_float_3_3
Parameters: 0.999997 -0.00239864 4.59354e-05 0.00239893 0.999991 0.0033838 -5.44411e-05 -0.00338333 0.999994 0.000459783 0.207943 0.122241
FixedParameters: 0 0 0

#Transform 134
Transform: AffineTransform_float_3_3
Parameters: 0.999997 -0.00251983 -0.000689567 0.00252148 0.999992 0.00306464 0.000681629 -0.00306625 0.999995 -0.00801706 0.234375 0.0483078
FixedParameters: 0 0 0

#Transform 135
Transform: AffineTransform_float_3_3
Parameters: 0.999997 -0.00219013 -0.000718536 0.00219348 0.999991 0.00378562 0.000710972 -0.00378727 0.999993 -0.0126463 0.198365 0.136413
FixedParameters: 0 0 0

#Transform 136
Transform: AffineTransform_float_3_3
Parameters: 0.999997 -0.00207939 -0.000899967 0.00208244 0.999993 0.00325078 0.000893297 -0.00325289 0.999995 -0.0356407 0.262539 0.00725306
FixedParameters: 0 0 0

#Transform 137
Transform: AffineTransform_float_3_3
Parameters: 0.999998 -0.00220288 -0.000979963 0.0022075 0.999988 0.00435962 0.000970481 -0.00436233 0.99999 -0.012683 0.136654 0.150503
FixedParameters: 0 0 0

#Transform 138
Transform: AffineTransform_float_3_3
Parameters: 0.999997 -0.0024741 -0.00060679 0.00247752 0.999986 0.00468013 0.000595245 -0.0046817 0.999989 -0.0375158 0.240374 0.0657308
FixedParameters: 0 0 0

#Transform 139
Transform: AffineTransform_float_3_3
Parameters: 0.999996 -0.002621 -0.000490946 0.0026225 0.99999 0.0035044 0.000482258 -0.00350607 0.999994 -0.0184978 0.179962 0.110347
FixedParameters: 0 0 0

#Transform 140
Transform: AffineTransform_float_3_3
Parameters: 0.999997 -0.00190102 -0.0012419 0.00190686 0.999989 0.00445771 0.00123336 -0.00445929 0.999989 -0.0421251 0.175627 0.117987
FixedParameters: 0 0 0

#Transform 141
Transform: AffineTransform_float_3_3
Parameters: 0.999998 -0.00192755 -0.000816488 0.00192948 0.999995 0.00258419 0.000811867 -0.0025857 0.999997 -0.0424471 0.285792 0.0403062
FixedParameters: 0 0 0

#Transform 142
Transform: AffineTransform_float_3_3
Parameters: 0.999999 -0.00167172 -0.00096334 0.00167585 0.99999 0.00413824 0.00095612 -0.00413919 0.999991 -0.0373229 0.127758 0.157585
FixedParameters: 0 0 0

#Transform 143
Transform: AffineTransform_float_3_3
Parameters: 0.999997 -0.00198526 -0.00154516 0.00199066 0.999992 0.00363183 0.00153764 -0.00363474 0.999992 -0.0426189 0.274954 0.00517165
FixedParameters: 0 0 0

#Transform 144
Transform: AffineTransform_float_3_3
Parameters: 0.999999 -0.00179109 -0.000697922 0.00179381 0.999994 0.00291121 0.000692545 -0.00291212 0.999995 -0.0450866 0.227692 0.068769
FixedParameters: 0 0 0

#Transform 145
Transform: AffineTransform_float_3_3
Parameters: 0.999997 -0.00245423 -0.000714219 0.00245704 0.999991 0.00348377 0.000705858 -0.00348493 0.999994 -0.0199395 0.174243 0.0875975
FixedParameters: 0 0 0

#Transform 146
Transform: AffineTransform_float_3_3
Parameters: 0.999998 -0.00224203 -0.000851043 0.00224433 0.999993 0.00304767 0.000843948 -0.00304901 0.999995 -0.0526046 0.31442 -0.0186529
FixedParameters: 0 0 0

#Transform 147
Transform: AffineTransform_float_3_3
Parameters: 0.999998 -0.00199726 -0.00132076 0.00200283 0.999989 0.00417911 0.0013122 -0.00418206 0.999991 -0.0420119 0.180495 0.132673
FixedParameters: 0 0 0

#Transform 148
Transform: AffineTransform_float_3_3
Parameters: 0.999996 -0.00249269 -0.00108217 0.00249705 0.999987 0.00450641 0.00107109 -0.00450931 0.999989 -0.0313517 0.208163 0.119902
FixedParameters: 0 0 0

#Transform 149
Transform: AffineTransform_float_3_3
Parameters: 0.999997 -0.00214922 -0.0012438 0.00215416 0.99999 0.00374892 0.0012362 -0.00375204 0.999992 -0.0704388 0.352377 0.00424155
FixedParameters: 0 0 0
