# transform file /out/sourcedata/freesurfer/sub-v1s17x0050267_ses-1/mri/transforms/cc_up.lta
# created by oesteban on Mon Mar  9 04:22:15 2026

type      = 0 # LINEAR_VOX_TO_VOX
nxforms   = 1
mean      = 128.0000 121.0000 111.0000
sigma     = 10000.0000
1 4 4
9.958183169364929e-01 7.978248596191406e-02 -4.450571164488792e-02 -4.561636924743652e+00 
-7.970292866230011e-02 9.968123435974121e-01 3.562131430953741e-03 4.021649169921875e+01 
4.464803636074066e-02 0.000000000000000e+00 9.990028738975525e-01 1.634610939025879e+01 
0.000000000000000e+00 0.000000000000000e+00 0.000000000000000e+00 1.000000000000000e+00 
src volume info
valid = 1  # volume info valid
filename = /out/sourcedata/freesurfer/sub-v1s17x0050267_ses-1/mri/norm.mgz
volume = 256 256 256
voxelsize = 1.000000000000000e+00 1.000000000000000e+00 1.000000000000000e+00
xras   = -9.999999403953552e-01 -1.444277586415410e-09 0.000000000000000e+00
yras   = 0.000000000000000e+00 1.164153218269348e-10 -1.000000000000000e+00
zras   = -2.302840584889054e-09 1.000000000000000e+00 -2.910383045673370e-11
cras   = 1.024353027343750e+00 -1.552764892578125e+00 -6.390777587890625e+00
dst volume info
valid = 1  # volume info valid
filename = /out/sourcedata/freesurfer/sub-v1s17x0050267_ses-1/mri/norm.mgz
volume = 256 256 256
voxelsize = 1.000000000000000e+00 1.000000000000000e+00 1.000000000000000e+00
xras   = -9.999999403953552e-01 -1.444277586415410e-09 0.000000000000000e+00
yras   = 0.000000000000000e+00 1.164153218269348e-10 -1.000000000000000e+00
zras   = -2.302840584889054e-09 1.000000000000000e+00 -2.910383045673370e-11
cras   = 1.024353027343750e+00 -1.552764892578125e+00 -6.390777587890625e+00
