# transform file transforms/talairach.lta
# created by oesteban on Mon Mar  9 02:56:14 2026

type      = 0 # LINEAR_VOX_TO_VOX
nxforms   = 1
mean      = 127.0000 123.0000 112.0000
sigma     = 10000.0000
1 4 4
1.006171345710754e+00 8.341893553733826e-02 -4.670672863721848e-02 -7.697513103485107e+00 
-6.605173647403717e-02 1.075794339179993e+00 1.792044043540955e-01 -1.514180088043213e+01 
6.549903005361557e-02 -1.660289764404297e-01 9.469650387763977e-01 1.691223907470703e+01 
0.000000000000000e+00 0.000000000000000e+00 0.000000000000000e+00 1.000000000000000e+00 
src volume info
valid = 1  # volume info valid
filename = nu.mgz
volume = 256 256 256
voxelsize = 1.000000000000000e+00 1.000000000000000e+00 1.000000000000000e+00
xras   = -9.999999403953552e-01 -1.444277586415410e-09 0.000000000000000e+00
yras   = 0.000000000000000e+00 1.164153218269348e-10 -1.000000000000000e+00
zras   = -2.302840584889054e-09 1.000000000000000e+00 -2.910383045673370e-11
cras   = 1.024353027343750e+00 -1.552764892578125e+00 -6.390777587890625e+00
dst volume info
valid = 1  # volume info valid
filename = /opt/freesurfer/average/RB_all_2020-01-02.gca
volume = 256 256 256
voxelsize = 1.000000000000000e+00 1.000000000000000e+00 1.000000000000000e+00
xras   = -1.000000000000000e+00 0.000000000000000e+00 0.000000000000000e+00
yras   = 0.000000000000000e+00 0.000000000000000e+00 -1.000000000000000e+00
zras   = 0.000000000000000e+00 1.000000000000000e+00 0.000000000000000e+00
cras   = 0.000000000000000e+00 0.000000000000000e+00 0.000000000000000e+00
