type      = 0 # LINEAR_VOX_TO_VOX
nxforms   = 1
mean      = 0.0000 0.0000 0.0000
sigma     = 1.0000
1 4 4
1.068035840988159e+00 5.609200149774551e-02 -5.048599466681480e-02 -1.034494018554688e+01 
-7.985799014568329e-02 1.053117990493774e+00 2.469390034675598e-01 -1.828303527832031e+01 
2.180599607527256e-02 -2.560720145702362e-01 9.976959824562073e-01 2.587882995605469e+01 
0.000000000000000e+00 0.000000000000000e+00 0.000000000000000e+00 1.000000000000000e+00 
src volume info
valid = 1  # volume info valid
filename = /out/sourcedata/freesurfer/sub-v1s17x0050267_ses-1/mri/orig.mgz
volume = 256 256 256
voxelsize = 1.000000000000000e+00 1.000000000000000e+00 1.000000000000000e+00
xras   = -9.999999403953552e-01 -1.444277586415410e-09 0.000000000000000e+00
yras   = 0.000000000000000e+00 1.164153218269348e-10 -1.000000000000000e+00
zras   = -2.302840584889054e-09 1.000000000000000e+00 -2.910383045673370e-11
cras   = 1.024353027343750e+00 -1.552764892578125e+00 -6.390777587890625e+00
dst volume info
valid = 1  # volume info valid
filename = /opt/freesurfer/average/mni305.cor.mgz
volume = 256 256 256
voxelsize = 1.000000000000000e+00 1.000000000000000e+00 1.000000000000000e+00
xras   = -1.000000000000000e+00 0.000000000000000e+00 0.000000000000000e+00
yras   = 0.000000000000000e+00 0.000000000000000e+00 -1.000000000000000e+00
zras   = 0.000000000000000e+00 1.000000000000000e+00 0.000000000000000e+00
cras   = 0.000000000000000e+00 0.000000000000000e+00 0.000000000000000e+00
subject fsaverage
fscale 0.100000
