#Insight Transform File V1.0
#Transform 0
Transform: AffineTransform_float_3_3
Parameters: 1 -0.000114271 -0.000512205 0.000113752 1 -0.000506661 0.00051232 0.000506544 0.999999 -0.0265406 -0.122347 0.0776981
FixedParameters: 0 0 0

#Transform 1
Transform: AffineTransform_float_3_3
Parameters: 0.999999 -0.00019431 -0.000844983 0.000192984 0.999999 -0.000775773 0.00084522 0.000775868 1 -0.0154515 -0.132821 0.112779
FixedParameters: 0 0 0

#Transform 2
Transform: AffineTransform_float_3_3
Parameters: 1 0.000170906 -0.000613545 -0.000170699 1 -0.000620105 0.000613124 0.000620373 0.999999 -0.0298612 -0.0961503 0.07664
FixedParameters: 0 0 0

#Transform 3
Transform: AffineTransform_float_3_3
Parameters: 1 -0.000241342 -0.00101079 0.00024048 1 -0.000360574 0.00101099 0.000360503 1 -0.0099887 -0.122352 0.10339
FixedParameters: 0 0 0

#Transform 4
Transform: AffineTransform_float_3_3
Parameters: 0.999999 0.000170111 -0.00101206 -0.000170814 1 -0.000991347 0.0010124 0.000991708 0.999999 -0.0249802 -0.0724505 0.0639373
FixedParameters: 0 0 0

#Transform 5
Transform: AffineTransform_float_3_3
Parameters: 1 0.000149754 -0.000934838 -0.000149346 1 -0.000235827 0.000934651 0.000236159 0.999999 -0.0102142 -0.141755 0.0915019
FixedParameters: 0 0 0

#Transform 6
Transform: AffineTransform_float_3_3
Parameters: 1 0.000429957 -0.00103776 -0.000431298 1 -0.000750059 0.00103809 0.000750904 0.999999 -0.0305612 -0.0974155 0.0868663
FixedParameters: 0 0 0

#Transform 7
Transform: AffineTransform_float_3_3
Parameters: 1 6.94264e-05 -0.000607981 -6.88588e-05 1 -0.000507408 0.000608673 0.000507502 0.999999 -0.0293178 -0.121074 0.10617
FixedParameters: 0 0 0

#Transform 8
Transform: AffineTransform_float_3_3
Parameters: 0.999999 -5.04354e-05 -0.000891639 5.07317e-05 1 -0.000376618 0.000891468 0.000376587 0.999999 -0.0171457 -0.0673632 0.106432
FixedParameters: 0 0 0

#Transform 9
Transform: AffineTransform_float_3_3
Parameters: 0.999999 -3.84945e-05 -0.000874596 3.76742e-05 1 -0.00109026 0.000874376 0.00109025 0.999999 -0.0244281 -0.125836 0.135448
FixedParameters: 0 0 0

#Transform 10
Transform: AffineTransform_float_3_3
Parameters: 0.999999 -2.92861e-05 -0.00102617 2.94504e-05 1 -0.000384397 0.00102592 0.000384817 1 -0.0200416 -0.129037 0.0979252
FixedParameters: 0 0 0

#Transform 11
Transform: AffineTransform_float_3_3
Parameters: 0.999999 -4.70301e-05 -0.000937787 4.7879e-05 1 -7.30975e-05 0.000937511 7.21618e-05 0.999999 -0.0258072 -0.129413 0.140197
FixedParameters: 0 0 0

#Transform 12
Transform: AffineTransform_float_3_3
Parameters: 1 -9.82269e-05 -0.00104154 9.74225e-05 1 -0.000322191 0.00104163 0.000322403 1 -0.0206966 -0.09662 0.109882
FixedParameters: 0 0 0

#Transform 13
Transform: AffineTransform_float_3_3
Parameters: 1 -0.000317624 -0.000270951 0.000317666 1 7.61407e-05 0.000270902 -7.63128e-05 1 -0.0308684 -0.150899 0.0918139
FixedParameters: 0 0 0

#Transform 14
Transform: AffineTransform_float_3_3
Parameters: 0.999999 -0.000738804 -0.000243406 0.000738827 0.999999 4.70356e-05 0.000243336 -4.73952e-05 1 -0.00170025 -0.0990243 0.0806311
FixedParameters: 0 0 0

#Transform 15
Transform: AffineTransform_float_3_3
Parameters: 1 -0.0001491 4.38942e-05 0.000149103 1 -2.97146e-05 -4.38854e-05 2.97277e-05 1 -0.0329339 -0.0967055 0.0879164
FixedParameters: 0 0 0

#Transform 16
Transform: AffineTransform_float_3_3
Parameters: 1 -1.65718e-05 -0.000529315 1.68598e-05 1 0.000272088 0.000529306 -0.000272106 1 -0.0269515 -0.0768099 0.0431457
FixedParameters: 0 0 0

#Transform 17
Transform: AffineTransform_float_3_3
Parameters: 1 -5.02462e-05 6.03783e-05 5.01839e-05 1 0.000515236 -6.04301e-05 -0.00051523 1 -0.0365769 -0.0525749 0.0583472
FixedParameters: 0 0 0

#Transform 18
Transform: AffineTransform_float_3_3
Parameters: 1 5.09179e-05 2.50895e-06 -5.09179e-05 1 4.48e-06 -2.5085e-06 -4.48026e-06 1 -0.034585 -0.099848 0.0461617
FixedParameters: 0 0 0

#Transform 19
Transform: AffineTransform_float_3_3
Parameters: 1 -0.000141147 5.54614e-05 0.000141129 1 0.000160771 -5.55067e-05 -0.000160755 1 -0.0142146 -0.0280542 -0.00848181
FixedParameters: 0 0 0

#Transform 20
Transform: AffineTransform_float_3_3
Parameters: 1 9.21629e-05 -0.00058468 -9.17729e-05 1 0.00033354 0.000584741 -0.000333433 1 0.00184715 -0.0179889 0.0168919
FixedParameters: 0 0 0

#Transform 21
Transform: AffineTransform_float_3_3
Parameters: 1 0.000238082 -1.4337e-05 -0.000238072 1 0.000347718 1.45025e-05 -0.000347711 1 -0.029502 -0.0424006 -0.0100381
FixedParameters: 0 0 0

#Transform 22
Transform: AffineTransform_float_3_3
Parameters: 0.999999 0.000129179 -0.000952044 -0.000129062 1 -0.000456451 0.000951644 0.00045585 0.999999 -0.0121561 0.00191256 -0.0351134
FixedParameters: 0 0 0

#Transform 23
Transform: AffineTransform_float_3_3
Parameters: 1 -8.18166e-05 1.14074e-05 8.18405e-05 1 -0.000283616 -1.14347e-05 0.000282712 1 -0.0275619 0.00392324 -0.0161774
FixedParameters: 0 0 0

#Transform 24
Transform: AffineTransform_float_3_3
Parameters: 1 0.000102538 -1.0521e-05 -0.000102538 1 -2.02299e-05 1.05169e-05 2.0232e-05 1 -0.0295623 0.0125607 -0.0268018
FixedParameters: 0 0 0

#Transform 25
Transform: AffineTransform_float_3_3
Parameters: 1 0.000161406 -0.000107746 -0.000161329 1 0.000356912 0.000107861 -0.000356877 1 -0.0330618 -0.0148672 0.0175683
FixedParameters: 0 0 0

#Transform 26
Transform: AffineTransform_float_3_3
Parameters: 1 0.00016879 9.66776e-07 -0.00016879 1 0.000350051 -8.48605e-07 -0.000350052 1 -0.0312395 -0.0256299 -0.013816
FixedParameters: 0 0 0

#Transform 27
Transform: AffineTransform_float_3_3
Parameters: 1 -0.000166707 0.000148792 0.000166586 1 0.000462332 -0.00014902 -0.000463187 1 -0.00030824 -0.0276726 -0.0270689
FixedParameters: 0 0 0

#Transform 28
Transform: AffineTransform_float_3_3
Parameters: 1 -0.000145314 -0.000427985 0.000145149 1 -0.000192319 0.000428041 0.000192195 1 0.00874166 0.0239984 -0.0215804
FixedParameters: 0 0 0

#Transform 29
Transform: AffineTransform_float_3_3
Parameters: 1 0.000434415 -0.000157127 -0.000434436 1 -6.50942e-05 0.000157071 6.52307e-05 1 -0.0311713 0.0265152 -0.0614555
FixedParameters: 0 0 0

#Transform 30
Transform: AffineTransform_float_3_3
Parameters: 1 0.000201422 -9.354e-05 -0.000201252 0.999999 0.000902772 9.39036e-05 -0.000902734 0.999999 -0.0265652 -0.00123834 0.0264288
FixedParameters: 0 0 0

#Transform 31
Transform: AffineTransform_float_3_3
Parameters: 1 0.000283182 -3.86215e-05 -0.000283171 1 0.000142469 3.87022e-05 -0.000142447 1 -0.0371637 0.0446243 -0.0344351
FixedParameters: 0 0 0

#Transform 32
Transform: AffineTransform_float_3_3
Parameters: 1 -8.11922e-05 2.82712e-05 8.11462e-05 0.999999 0.000810442 -2.84028e-05 -0.000810438 0.999999 -0.0362339 -0.0211269 0.0207628
FixedParameters: 0 0 0

#Transform 33
Transform: AffineTransform_float_3_3
Parameters: 1 -9.24917e-05 0.000391961 9.17658e-05 1 0.00107709 -0.000392253 -0.00107701 1 -0.0375974 -0.00523326 0.0165668
FixedParameters: 0 0 0

#Transform 34
Transform: AffineTransform_float_3_3
Parameters: 1 0.000252444 0.000250003 -0.000252289 0.999997 0.00260959 -0.000249205 -0.00261005 0.999996 -0.0569004 -0.0192913 0.034879
FixedParameters: 0 0 0

#Transform 35
Transform: AffineTransform_float_3_3
Parameters: 1 -9.57939e-05 0.000193352 9.54874e-05 0.999998 0.00227752 -0.000193096 -0.00227751 0.999998 -0.0181885 -0.0177311 0.0348817
FixedParameters: 0 0 0

#Transform 36
Transform: AffineTransform_float_3_3
Parameters: 0.999999 -0.000501005 0.000850512 0.000499184 0.999996 0.00274102 -0.000852102 -0.00274012 0.999996 -0.0126465 -0.0168051 0.0348241
FixedParameters: 0 0 0

#Transform 37
Transform: AffineTransform_float_3_3
Parameters: 0.999999 -0.000909078 0.000966474 0.000906696 0.999998 0.0020865 -0.000968651 -0.00208519 0.999997 0.00852746 -0.0170068 0.0395682
FixedParameters: 0 0 0

#Transform 38
Transform: AffineTransform_float_3_3
Parameters: 0.999999 -0.000839619 0.00126117 0.000836818 0.999997 0.00223658 -0.00126268 -0.00223539 0.999997 0.0001982 0.0179305 0.0336849
FixedParameters: 0 0 0

#Transform 39
Transform: AffineTransform_float_3_3
Parameters: 0.999998 -0.0012154 0.00123432 0.00121368 0.999998 0.00141971 -0.00123524 -0.00141902 0.999998 0.0280644 0.0839677 -0.0206194
FixedParameters: 0 0 0

#Transform 40
Transform: AffineTransform_float_3_3
Parameters: 0.999998 -0.00131885 0.00116833 0.0013163 0.999996 0.00245136 -0.00117161 -0.00244967 0.999996 0.0484106 0.000213983 0.0559987
FixedParameters: 0 0 0

#Transform 41
Transform: AffineTransform_float_3_3
Parameters: 0.999998 -0.00103321 0.00144386 0.00103007 0.999997 0.00207675 -0.00144598 -0.0020756 0.999997 0.0361887 0.0786393 0.0642473
FixedParameters: 0 0 0

#Transform 42
Transform: AffineTransform_float_3_3
Parameters: 0.999999 -0.000767418 0.00138159 0.000764492 0.999998 0.00200839 -0.00138341 -0.00200714 0.999997 0.0158709 0.0484732 0.0199874
FixedParameters: 0 0 0

#Transform 43
Transform: AffineTransform_float_3_3
Parameters: 0.999998 -0.000741226 0.001451 0.000736611 0.999995 0.00309912 -0.00145286 -0.00309787 0.999995 0.0160279 0.02769 0.0709454
FixedParameters: 0 0 0

#Transform 44
Transform: AffineTransform_float_3_3
Parameters: 1 -0.000521669 0.000994888 0.000518979 0.999998 0.00218389 -0.000995688 -0.00218379 0.999998 0.0017735 0.0881 0.0284019
FixedParameters: 0 0 0

#Transform 45
Transform: AffineTransform_float_3_3
Parameters: 1 -0.000246746 0.000438943 0.000244976 0.999996 0.00280248 -0.000439723 -0.00280229 0.999996 0.00123392 0.0899007 0.0557084
FixedParameters: 0 0 0

#Transform 46
Transform: AffineTransform_float_3_3
Parameters: 0.999999 -0.000585128 0.00116505 0.00058093 0.999995 0.00317142 -0.00116666 -0.00317048 0.999994 -0.00523366 0.0407246 0.0884399
FixedParameters: 0 0 0

#Transform 47
Transform: AffineTransform_float_3_3
Parameters: 0.999999 -0.000564294 0.000939909 0.000560759 0.999993 0.00370349 -0.000942307 -0.00370333 0.999993 0.0157232 0.0532212 0.0952866
FixedParameters: 0 0 0

#Transform 48
Transform: AffineTransform_float_3_3
Parameters: 0.999999 -0.00094687 0.000901291 0.00094356 0.999995 0.00319729 -0.000904134 -0.00319702 0.999994 0.0400872 0.0518431 0.116919
FixedParameters: 0 0 0

#Transform 49
Transform: AffineTransform_float_3_3
Parameters: 0.999999 -0.000966714 0.00117804 0.000963148 0.999995 0.00291043 -0.00118063 -0.00290911 0.999996 0.031851 0.0901598 0.0592723
FixedParameters: 0 0 0

#Transform 50
Transform: AffineTransform_float_3_3
Parameters: 0.999999 -0.000824129 0.000987594 0.000820572 0.999993 0.00358471 -0.000990656 -0.00358403 0.999994 0.038258 0.0618097 0.0745034
FixedParameters: 0 0 0

#Transform 51
Transform: AffineTransform_float_3_3
Parameters: 0.999999 -0.000901065 0.000867846 0.000898818 0.999997 0.0023629 -0.000869579 -0.00236142 0.999997 0.0310673 0.0870784 0.0835128
FixedParameters: 0 0 0

#Transform 52
Transform: AffineTransform_float_3_3
Parameters: 0.999999 -0.000820717 0.00160272 0.000816668 0.999996 0.00278919 -0.00160556 -0.00278736 0.999995 0.0230428 0.055393 0.0623865
FixedParameters: 0 0 0

#Transform 53
Transform: AffineTransform_float_3_3
Parameters: 0.999999 -0.00106388 0.000989333 0.00106056 0.999995 0.00285774 -0.000992109 -0.00285708 0.999995 0.0332697 0.0964072 0.111049
FixedParameters: 0 0 0

#Transform 54
Transform: AffineTransform_float_3_3
Parameters: 0.999998 -0.00103091 0.00142797 0.00102741 0.999996 0.00260001 -0.00143139 -0.00259793 0.999996 0.0192907 -0.00577965 0.127845
FixedParameters: 0 0 0

#Transform 55
Transform: AffineTransform_float_3_3
Parameters: 0.999999 -0.000793435 0.00114529 0.000790424 0.999996 0.00260522 -0.00114727 -0.00260432 0.999996 0.0216698 0.0282216 0.126493
FixedParameters: 0 0 0

#Transform 56
Transform: AffineTransform_float_3_3
Parameters: 0.999999 -0.00122919 0.00140741 0.001225 0.999993 0.00359239 -0.00141188 -0.00359118 0.999993 0.0416208 -0.0229853 0.211829
FixedParameters: 0 0 0

#Transform 57
Transform: AffineTransform_float_3_3
Parameters: 0.999998 -0.00131762 0.00151178 0.0013124 0.999993 0.00332576 -0.00151588 -0.00332409 0.999993 0.0366991 -0.0175243 0.160761
FixedParameters: 0 0 0

#Transform 58
Transform: AffineTransform_float_3_3
Parameters: 0.999999 -0.00125414 0.00126951 0.0012498 0.999992 0.00374603 -0.00127336 -0.00374521 0.999992 0.0455474 -0.0214535 0.168889
FixedParameters: 0 0 0

#Transform 59
Transform: AffineTransform_float_3_3
Parameters: 0.999999 -0.000801796 0.001357 0.000797515 0.999993 0.0037194 -0.00135973 -0.003719 0.999993 0.0153014 0.0406608 0.165153
FixedParameters: 0 0 0

#Transform 60
Transform: AffineTransform_float_3_3
Parameters: 0.999999 -0.000719681 0.00113227 0.000715224 0.999994 0.00337661 -0.00113516 -0.00337588 0.999994 -0.00370801 -0.0177069 0.13373
FixedParameters: 0 0 0

#Transform 61
Transform: AffineTransform_float_3_3
Parameters: 1 -0.000784415 0.000938722 0.000781044 0.999993 0.00374294 -0.000941777 -0.00374283 0.999993 0.015958 0.0336517 0.17429
FixedParameters: 0 0 0

#Transform 62
Transform: AffineTransform_float_3_3
Parameters: 0.999998 -0.000925948 0.00145868 0.00092073 0.999994 0.00328807 -0.00146203 -0.00328627 0.999993 0.0178435 0.0282893 0.126707
FixedParameters: 0 0 0

#Transform 63
Transform: AffineTransform_float_3_3
Parameters: 0.999998 -0.00153465 0.00128747 0.00153173 0.999995 0.00288278 -0.0012924 -0.00288062 0.999995 0.0575319 0.0725293 0.0956987
FixedParameters: 0 0 0

#Transform 64
Transform: AffineTransform_float_3_3
Parameters: 0.999999 -0.00127289 0.00124832 0.00126943 0.999994 0.00331694 -0.00125203 -0.00331517 0.999994 0.0492172 0.0437317 0.151938
FixedParameters: 0 0 0

#Transform 65
Transform: AffineTransform_float_3_3
Parameters: 0.999998 -0.00176843 0.00150123 0.00176351 0.999993 0.00332587 -0.00150728 -0.00332334 0.999993 0.0572104 0.0467899 0.14467
FixedParameters: 0 0 0

#Transform 66
Transform: AffineTransform_float_3_3
Parameters: 0.999998 -0.00176954 0.00148286 0.0017647 0.999992 0.00341423 -0.00148826 -0.00341181 0.999993 0.0736761 0.077546 0.13984
FixedParameters: 0 0 0

#Transform 67
Transform: AffineTransform_float_3_3
Parameters: 0.999997 -0.00171065 0.0012952 0.00170622 0.999993 0.00320766 -0.00130123 -0.00320602 0.999994 0.0787213 0.0712955 0.145926
FixedParameters: 0 0 0

#Transform 68
Transform: AffineTransform_float_3_3
Parameters: 0.999997 -0.00175708 0.00158504 0.00175215 0.999993 0.00311589 -0.00159019 -0.00311311 0.999994 0.0560117 0.101356 0.128882
FixedParameters: 0 0 0

#Transform 69
Transform: AffineTransform_float_3_3
Parameters: 0.999998 -0.0012106 0.00127296 0.0012054 0.99999 0.00420397 -0.00127779 -0.00420232 0.99999 0.0454757 0.0376015 0.185466
FixedParameters: 0 0 0

#Transform 70
Transform: AffineTransform_float_3_3
Parameters: 0.999999 -0.00142342 0.00112711 0.00141937 0.999992 0.00365009 -0.00113167 -0.00364839 0.999993 0.0492463 0.0197591 0.18492
FixedParameters: 0 0 0

#Transform 71
Transform: AffineTransform_float_3_3
Parameters: 0.999999 -0.00119375 0.00143383 0.00118919 0.999992 0.00365531 -0.00143819 -0.00365414 0.999992 0.0468705 0.0802638 0.157399
FixedParameters: 0 0 0

#Transform 72
Transform: AffineTransform_float_3_3
Parameters: 0.999998 -0.00101234 0.00130962 0.00100722 0.99999 0.00438687 -0.00131443 -0.00438555 0.99999 0.0317273 0.0185838 0.219103
FixedParameters: 0 0 0

#Transform 73
Transform: AffineTransform_float_3_3
Parameters: 0.999999 -0.000873941 0.0012452 0.000868037 0.999989 0.00453762 -0.00124891 -0.00453641 0.999989 0.00782635 0.0547558 0.238127
FixedParameters: 0 0 0

#Transform 74
Transform: AffineTransform_float_3_3
Parameters: 1 -0.000481344 0.000910519 0.000476644 0.999988 0.0049145 -0.000912889 -0.00491496 0.999987 0.0051118 0.0504153 0.22626
FixedParameters: 0 0 0

#Transform 75
Transform: AffineTransform_float_3_3
Parameters: 0.999999 -0.000808332 0.00105382 0.000803646 0.999988 0.00489452 -0.00105756 -0.00489328 0.999987 0.0202454 0.000453793 0.237614
FixedParameters: 0 0 0

#Transform 76
Transform: AffineTransform_float_3_3
Parameters: 0.999999 -0.000932995 0.000906168 0.000928646 0.999987 0.0049683 -0.000911062 -0.00496713 0.999987 0.017238 0.0789203 0.258638
FixedParameters: 0 0 0

#Transform 77
Transform: AffineTransform_float_3_3
Parameters: 1 -0.000617036 0.000960612 0.000611555 0.999986 0.005221 -0.000963801 -0.00521987 0.999986 0.00544256 0.00957599 0.291641
FixedParameters: 0 0 0

#Transform 78
Transform: AffineTransform_float_3_3
Parameters: 1 -0.000700879 0.000999451 0.000695802 0.999985 0.0055256 -0.00100337 -0.00552423 0.999985 0.00727561 0.0323449 0.316336
FixedParameters: 0 0 0

#Transform 79
Transform: AffineTransform_float_3_3
Parameters: 0.999999 -0.000452529 0.00130644 0.000446337 0.999986 0.00527601 -0.00130875 -0.00527561 0.999986 0.0038934 0.0616017 0.256993
FixedParameters: 0 0 0

#Transform 80
Transform: AffineTransform_float_3_3
Parameters: 1 -0.000650449 0.000995414 0.000644259 0.999984 0.00562266 -0.000998683 -0.00562146 0.999984 0.00587053 -0.00385708 0.284952
FixedParameters: 0 0 0

#Transform 81
Transform: AffineTransform_float_3_3
Parameters: 0.999999 -0.000762876 0.00119305 0.000756396 0.999983 0.00582383 -0.00119753 -0.00582335 0.999982 0.00538069 0.0140674 0.333777
FixedParameters: 0 0 0

#Transform 82
Transform: AffineTransform_float_3_3
Parameters: 0.999999 -0.000869227 0.00120352 0.000863272 0.999984 0.00554271 -0.00120766 -0.0055416 0.999984 0.0179946 0.036149 0.27512
FixedParameters: 0 0 0

#Transform 83
Transform: AffineTransform_float_3_3
Parameters: 0.999998 -0.00116721 0.00125846 0.0011608 0.999983 0.00561269 -0.00126512 -0.00561119 0.999984 0.0140063 0.0290444 0.317238
FixedParameters: 0 0 0

#Transform 84
Transform: AffineTransform_float_3_3
Parameters: 0.999998 -0.000957687 0.00146129 0.000949096 0.999985 0.00539513 -0.00146702 -0.00539368 0.999984 0.0164856 0.11453 0.240809
FixedParameters: 0 0 0

#Transform 85
Transform: AffineTransform_float_3_3
Parameters: 0.999998 -0.00105719 0.00169711 0.00104761 0.999981 0.00609116 -0.00170344 -0.00608978 0.99998 0.0121125 0.0525032 0.276807
FixedParameters: 0 0 0

#Transform 86
Transform: AffineTransform_float_3_3
Parameters: 0.999998 -0.000809265 0.00167312 0.000799055 0.999982 0.00594233 -0.00167792 -0.00594048 0.999981 0.00499273 0.073421 0.302048
FixedParameters: 0 0 0

#Transform 87
Transform: AffineTransform_float_3_3
Parameters: 0.999999 -0.000739082 0.0011298 0.000732721 0.999985 0.00546939 -0.00113406 -0.00546908 0.999984 0.00851215 0.101547 0.261603
FixedParameters: 0 0 0

#Transform 88
Transform: AffineTransform_float_3_3
Parameters: 0.999999 -0.000266153 0.000953869 0.000260427 0.99998 0.00639713 -0.000954969 -0.00639658 0.999979 -0.0137687 0.0806676 0.316415
FixedParameters: 0 0 0

#Transform 89
Transform: AffineTransform_float_3_3
Parameters: 0.999999 -0.000144001 0.00119866 0.000136343 0.999981 0.00611901 -0.00119918 -0.00611943 0.99998 -0.0295415 0.0673071 0.350479
FixedParameters: 0 0 0

#Transform 90
Transform: AffineTransform_float_3_3
Parameters: 0.999999 4.3009e-05 0.00148461 -5.36593e-05 0.999974 0.00720819 -0.00148399 -0.00720888 0.999973 -0.0484453 0.0884549 0.335909
FixedParameters: 0 0 0

#Transform 91
Transform: AffineTransform_float_3_3
Parameters: 1 -0.000107606 0.000808096 0.000101816 0.999975 0.0070251 -0.000809479 -0.00702572 0.999975 -0.0291639 0.0625683 0.350142
FixedParameters: 0 0 0

#Transform 92
Transform: AffineTransform_float_3_3
Parameters: 0.999999 -0.000525117 0.000811422 0.000520094 0.999977 0.00675884 -0.000815223 -0.00675803 0.999977 -0.0227659 0.0677523 0.356163
FixedParameters: 0 0 0

#Transform 93
Transform: AffineTransform_float_3_3
Parameters: 0.999999 -0.000459422 0.000974764 0.000452427 0.99997 0.00767973 -0.000978469 -0.00767974 0.99997 -0.0141237 0.0623515 0.395371
FixedParameters: 0 0 0

#Transform 94
Transform: AffineTransform_float_3_3
Parameters: 0.999999 -0.000427821 0.00098926 0.00041994 0.999964 0.00853576 -0.000992806 -0.00853492 0.999963 -0.0201199 0.0177574 0.478856
FixedParameters: 0 0 0

#Transform 95
Transform: AffineTransform_float_3_3
Parameters: 1 -0.000383377 0.00117781 0.000373894 0.999962 0.00867188 -0.0011811 -0.00867088 0.999962 -0.0161469 0.0687129 0.410752
FixedParameters: 0 0 0

#Transform 96
Transform: AffineTransform_float_3_3
Parameters: 0.999999 -0.000402598 0.000999011 0.000394111 0.999957 0.009229 -0.00100234 -0.00922912 0.999957 -0.0123551 0.0190167 0.468972
FixedParameters: 0 0 0

#Transform 97
Transform: AffineTransform_float_3_3
Parameters: 1 -0.000427299 0.000907399 0.000419356 0.999959 0.00907186 -0.00091149 -0.00907155 0.999958 -0.0123538 0.0608851 0.456295
FixedParameters: 0 0 0

#Transform 98
Transform: AffineTransform_float_3_3
Parameters: 1 -0.00066031 0.000973854 0.000651516 0.999956 0.00932988 -0.000979839 -0.00932877 0.999956 -0.0126249 0.0475778 0.447336
FixedParameters: 0 0 0

#Transform 99
Transform: AffineTransform_float_3_3
Parameters: 1 -0.000730427 0.00097397 0.00072134 0.99995 0.0100129 -0.00098187 -0.0100121 0.999949 -0.0123566 0.0723411 0.50221
FixedParameters: 0 0 0

#Transform 100
Transform: AffineTransform_float_3_3
Parameters: 0.999999 -0.000793001 0.00104613 0.000781789 0.99995 0.00997946 -0.00105403 -0.00997851 0.99995 -0.0283202 0.102943 0.474116
FixedParameters: 0 0 0

#Transform 101
Transform: AffineTransform_float_3_3
Parameters: 1 -0.000676753 0.00047864 0.000672207 0.999951 0.00988015 -0.000486041 -0.0098803 0.999951 -0.0313497 0.111527 0.462875
FixedParameters: 0 0 0

#Transform 102
Transform: AffineTransform_float_3_3
Parameters: 0.999999 -0.000265076 0.00124304 0.000252793 0.999948 0.0101546 -0.00124553 -0.0101547 0.999948 -0.0520039 0.0745063 0.55315
FixedParameters: 0 0 0

#Transform 103
Transform: AffineTransform_float_3_3
Parameters: 0.999999 -0.000986274 0.00114729 0.000973866 0.99994 0.0108712 -0.00115794 -0.0108697 0.99994 -0.00239868 0.0874864 0.546929
FixedParameters: 0 0 0

#Transform 104
Transform: AffineTransform_float_3_3
Parameters: 0.999998 -0.0009447 0.00150607 0.000929853 0.999951 0.00985037 -0.0015158 -0.00984897 0.99995 0.0177896 0.0376758 0.52338
FixedParameters: 0 0 0

#Transform 105
Transform: AffineTransform_float_3_3
Parameters: 0.999997 -0.00106022 0.00214233 0.00103796 0.99995 0.00997003 -0.00215289 -0.00996861 0.999948 0.0408284 0.118802 0.488706
FixedParameters: 0 0 0

#Transform 106
Transform: AffineTransform_float_3_3
Parameters: 0.999998 -0.0003338 0.00191723 0.000313825 0.999944 0.0106243 -0.00192141 -0.0106244 0.999942 -0.004812 0.0690218 0.528581
FixedParameters: 0 0 0

#Transform 107
Transform: AffineTransform_float_3_3
Parameters: 0.999998 -0.000690876 0.00201592 0.000669931 0.999944 0.0105783 -0.00202252 -0.0105766 0.999942 0.00932726 0.085236 0.523973
FixedParameters: 0 0 0

#Transform 108
Transform: AffineTransform_float_3_3
Parameters: 0.999998 -0.00112464 0.00169528 0.00110592 0.999941 0.0108454 -0.00170696 -0.0108436 0.99994 0.0331165 0.0953847 0.523839
FixedParameters: 0 0 0

#Transform 109
Transform: AffineTransform_float_3_3
Parameters: 0.999997 -0.00114374 0.00217489 0.0011189 0.999938 0.0111572 -0.00218708 -0.011155 0.999935 0.0229255 0.0179422 0.576918
FixedParameters: 0 0 0

#Transform 110
Transform: AffineTransform_float_3_3
Parameters: 0.999997 -0.00127107 0.0021499 0.00124639 0.999934 0.0113967 -0.00216384 -0.0113936 0.999933 0.0262584 0.105416 0.550865
FixedParameters: 0 0 0

#Transform 111
Transform: AffineTransform_float_3_3
Parameters: 0.999997 -0.00114477 0.0020584 0.00112027 0.999931 0.0117159 -0.00207142 -0.0117135 0.99993 0.0058332 0.0632903 0.597304
FixedParameters: 0 0 0

#Transform 112
Transform: AffineTransform_float_3_3
Parameters: 0.999997 -0.0011117 0.00217396 0.00108634 0.99993 0.0117396 -0.00218666 -0.011737 0.999929 0.0172784 0.0774055 0.563417
FixedParameters: 0 0 0

#Transform 113
Transform: AffineTransform_float_3_3
Parameters: 0.999997 -0.00135405 0.00204328 0.00132805 0.999924 0.012229 -0.00205984 -0.0122264 0.999923 0.0271278 0.0524901 0.675905
FixedParameters: 0 0 0

#Transform 114
Transform: AffineTransform_float_3_3
Parameters: 0.999996 -0.00143531 0.00240236 0.00140791 0.999932 0.0115101 -0.00241922 -0.0115068 0.99993 0.0331714 0.111025 0.560391
FixedParameters: 0 0 0

#Transform 115
Transform: AffineTransform_float_3_3
Parameters: 0.999996 -0.00159704 0.00213089 0.00157178 0.99993 0.0117393 -0.00214964 -0.0117355 0.999929 0.0496456 0.0560249 0.626378
FixedParameters: 0 0 0

#Transform 116
Transform: AffineTransform_float_3_3
Parameters: 0.999996 -0.00148673 0.00243045 0.00145875 0.999932 0.0115112 -0.00244748 -0.0115072 0.999931 0.0345847 0.0855466 0.597689
FixedParameters: 0 0 0

#Transform 117
Transform: AffineTransform_float_3_3
Parameters: 0.999997 -0.00111307 0.00217996 0.00108674 0.999927 0.0120351 -0.00219371 -0.0120325 0.999926 0.0301998 0.0792587 0.597411
FixedParameters: 0 0 0

#Transform 118
Transform: AffineTransform_float_3_3
Parameters: 0.999997 -0.00112461 0.00234078 0.00109451 0.999918 0.0126961 -0.00235544 -0.0126939 0.999917 0.0167879 0.118648 0.586053
FixedParameters: 0 0 0

#Transform 119
Transform: AffineTransform_float_3_3
Parameters: 0.999997 -0.00114735 0.00206093 0.00112465 0.999935 0.0113376 -0.00207392 -0.0113356 0.999933 0.0259131 0.124954 0.501783
FixedParameters: 0 0 0

#Transform 120
Transform: AffineTransform_float_3_3
Parameters: 0.999997 -0.00101709 0.00212456 0.000992154 0.999928 0.0119174 -0.00213657 -0.0119153 0.999927 0.0338072 0.142788 0.569986
FixedParameters: 0 0 0

#Transform 121
Transform: AffineTransform_float_3_3
Parameters: 0.999997 -0.00093417 0.00224634 0.000908694 0.999935 0.0113567 -0.00225692 -0.0113546 0.999933 0.0137737 0.0867099 0.579218
FixedParameters: 0 0 0

#Transform 122
Transform: AffineTransform_float_3_3
Parameters: 0.999998 -0.000756595 0.00191833 0.000733788 0.999929 0.0119169 -0.00192754 -0.0119152 0.999927 0.0145526 0.1091 0.583473
FixedParameters: 0 0 0

#Transform 123
Transform: AffineTransform_float_3_3
Parameters: 0.999997 -0.000830058 0.00232764 0.000801704 0.999928 0.0119646 -0.00233768 -0.0119627 0.999925 0.0134175 0.13364 0.589787
FixedParameters: 0 0 0

#Transform 124
Transform: AffineTransform_float_3_3
Parameters: 0.999997 -0.00108514 0.00213886 0.00105968 0.999931 0.0116501 -0.00215142 -0.0116477 0.99993 0.0420636 0.108184 0.567576
FixedParameters: 0 0 0

#Transform 125
Transform: AffineTransform_float_3_3
Parameters: 0.999997 -0.00133929 0.00222356 0.00131228 0.99993 0.0117776 -0.00223858 -0.0117754 0.999928 0.049688 0.0855605 0.587655
FixedParameters: 0 0 0

#Transform 126
Transform: AffineTransform_float_3_3
Parameters: 0.999996 -0.00127693 0.00247975 0.00124809 0.999932 0.0116402 -0.00249457 -0.0116365 0.999929 0.0615585 0.142676 0.546843
FixedParameters: 0 0 0

#Transform 127
Transform: AffineTransform_float_3_3
Parameters: 0.999995 -0.00155607 0.00280403 0.00152281 0.999926 0.0120444 -0.00282311 -0.0120397 0.999924 0.0807 0.118402 0.544007
FixedParameters: 0 0 0

#Transform 128
Transform: AffineTransform_float_3_3
Parameters: 0.999995 -0.00154199 0.00274939 0.00151088 0.999935 0.0112758 -0.00276649 -0.0112713 0.999933 0.0628245 0.135255 0.544054
FixedParameters: 0 0 0

#Transform 129
Transform: AffineTransform_float_3_3
Parameters: 0.999997 -0.0011407 0.00218861 0.00111477 0.999935 0.011414 -0.00220158 -0.0114117 0.999932 0.0390653 0.152265 0.527197
FixedParameters: 0 0 0

#Transform 130
Transform: AffineTransform_float_3_3
Parameters: 0.999998 -0.000925936 0.00193025 0.000901788 0.999925 0.0121951 -0.00194115 -0.0121929 0.999924 0.0348779 0.135857 0.598369
FixedParameters: 0 0 0

#Transform 131
Transform: AffineTransform_float_3_3
Parameters: 0.999997 -0.000816469 0.00231148 0.000788741 0.999929 0.0118886 -0.00232099 -0.0118868 0.999926 0.0279725 0.173136 0.588431
FixedParameters: 0 0 0

#Transform 132
Transform: AffineTransform_float_3_3
Parameters: 0.999998 -0.00119337 0.00173603 0.00117108 0.999921 0.0125019 -0.00175097 -0.0124999 0.99992 0.0413077 0.138881 0.59933
FixedParameters: 0 0 0

#Transform 133
Transform: AffineTransform_float_3_3
Parameters: 0.999997 -0.00126416 0.00222917 0.00123693 0.999921 0.0125127 -0.00224446 -0.0125098 0.999919 0.0286847 0.16707 0.617904
FixedParameters: 0 0 0

#Transform 134
Transform: AffineTransform_float_3_3
Parameters: 0.999997 -0.000871553 0.00207966 0.000844449 0.999918 0.0127503 -0.00209032 -0.0127489 0.999916 0.0376747 0.189774 0.617157
FixedParameters: 0 0 0

#Transform 135
Transform: AffineTransform_float_3_3
Parameters: 0.999998 -0.000908385 0.00171448 0.000885537 0.999917 0.0128806 -0.00172537 -0.0128795 0.999915 0.0156106 0.178913 0.656865
FixedParameters: 0 0 0

#Transform 136
Transform: AffineTransform_float_3_3
Parameters: 0.999998 -0.000708021 0.00215281 0.000680541 0.999918 0.0127853 -0.0021618 -0.0127842 0.999916 0.00815845 0.158165 0.593423
FixedParameters: 0 0 0

#Transform 137
Transform: AffineTransform_float_3_3
Parameters: 0.999997 -0.000584351 0.00234766 0.000548915 0.999887 0.0149771 -0.00235548 -0.0149758 0.999885 0.0257513 0.115334 0.678841
FixedParameters: 0 0 0

#Transform 138
Transform: AffineTransform_float_3_3
Parameters: 0.999997 -0.000994323 0.00244044 0.000962519 0.999914 0.0130209 -0.00245312 -0.013018 0.999912 0.0225687 0.210309 0.590411
FixedParameters: 0 0 0

#Transform 139
Transform: AffineTransform_float_3_3
Parameters: 0.999997 -0.00114804 0.00226041 0.00111752 0.999909 0.0134019 -0.0022749 -0.013399 0.999908 0.027541 0.202823 0.603824
FixedParameters: 0 0 0

#Transform 140
Transform: AffineTransform_float_3_3
Parameters: 0.999997 -0.000857129 0.00260821 0.000818976 0.999894 0.0145185 -0.00262046 -0.0145168 0.999891 0.00862603 0.137511 0.617457
FixedParameters: 0 0 0

#Transform 141
Transform: AffineTransform_float_3_3
Parameters: 0.999996 -0.00079995 0.00244274 0.000767025 0.999907 0.0136411 -0.0024535 -0.01364 0.999904 0.0140268 0.170356 0.541059
FixedParameters: 0 0 0

#Transform 142
Transform: AffineTransform_float_3_3
Parameters: 0.999995 -0.00171168 0.00286689 0.00165239 0.999784 0.0206913 -0.00290178 -0.0206864 0.999782 0.0636686 0.128963 0.95691
FixedParameters: 0 0 0

#Transform 143
Transform: AffineTransform_float_3_3
Parameters: 0.999996 -0.00206207 0.00175795 0.00204149 0.999928 0.0118112 -0.00178193 -0.0118069 0.999929 0.0707186 0.328204 0.601992
FixedParameters: 0 0 0

#Transform 144
Transform: AffineTransform_float_3_3
Parameters: 0.999996 -0.00223148 0.00195024 0.00220541 0.999912 0.0131394 -0.00197996 -0.0131356 0.999912 0.0455888 0.16622 0.66216
FixedParameters: 0 0 0

#Transform 145
Transform: AffineTransform_float_3_3
Parameters: 0.999996 -0.0015758 0.00225269 0.001547 0.999921 0.0125182 -0.00227158 -0.0125154 0.999919 0.00236577 0.144057 0.63635
FixedParameters: 0 0 0

#Transform 146
Transform: AffineTransform_float_3_3
Parameters: 0.999996 -0.00202752 0.00231887 0.00199534 0.999907 0.0135407 -0.00234635 -0.0135355 0.999905 0.0328325 0.127035 0.654889
FixedParameters: 0 0 0

#Transform 147
Transform: AffineTransform_float_3_3
Parameters: 0.999998 -0.00137967 0.00193287 0.0013563 0.999924 0.0122738 -0.00195023 -0.0122705 0.999923 -0.00196618 0.229948 0.586859
FixedParameters: 0 0 0

#Transform 148
Transform: AffineTransform_float_3_3
Parameters: 0.999995 -0.002215 0.002568 0.00218345 0.999922 0.0123132 -0.00259437 -0.0123069 0.999921 0.0899483 0.151425 0.636489
FixedParameters: 0 0 0

#Transform 149
Transform: AffineTransform_float_3_3
Parameters: 0.999993 -0.00221933 0.00310641 0.0021817 0.999925 0.0120258 -0.00313257 -0.0120186 0.999922 0.0883285 0.173159 0.617664
FixedParameters: 0 0 0
