#Insight Transform File V1.0
#Transform 0
Transform: AffineTransform_float_3_3
Parameters: 0.999997 -0.000896118 0.0022995 0.000903515 0.999994 -0.00306153 -0.0022967 0.00306324 0.999992 0.0707122 -0.0676339 -0.00332373
FixedParameters: 0 0 0

#Transform 1
Transform: AffineTransform_float_3_3
Parameters: 0.999997 -0.000689939 0.00215905 0.000697141 0.999994 -0.00318426 -0.00215643 0.0031863 0.999993 0.0664264 -0.109998 0.0188629
FixedParameters: 0 0 0

#Transform 2
Transform: AffineTransform_float_3_3
Parameters: 0.999998 -0.000682963 0.00207911 0.000690126 0.999994 -0.00333647 -0.00207627 0.00333776 0.999992 0.0624011 -0.0488267 0.029312
FixedParameters: 0 0 0

#Transform 3
Transform: AffineTransform_float_3_3
Parameters: 0.999997 -0.000764917 0.00216885 0.000771407 0.999995 -0.00300592 -0.00216602 0.00300768 0.999993 0.064819 -0.0664255 0.0411613
FixedParameters: 0 0 0

#Transform 4
Transform: AffineTransform_float_3_3
Parameters: 0.999996 -0.00123299 0.00234807 0.00124074 0.999994 -0.00317708 -0.0023438 0.0031804 0.999992 0.0616578 -0.0741237 0.0406267
FixedParameters: 0 0 0

#Transform 5
Transform: AffineTransform_float_3_3
Parameters: 0.999997 -0.000708538 0.00217276 0.000716007 0.999995 -0.00326319 -0.00216985 0.00326472 0.999992 0.0517005 -0.0894481 -0.00421571
FixedParameters: 0 0 0

#Transform 6
Transform: AffineTransform_float_3_3
Parameters: 0.999998 -0.000653954 0.00159776 0.000659362 0.999995 -0.00321764 -0.00159599 0.00321886 0.999993 0.0523962 -0.0539755 0.00719348
FixedParameters: 0 0 0

#Transform 7
Transform: AffineTransform_float_3_3
Parameters: 0.999999 -0.000423411 0.00154884 0.000429741 0.999993 -0.00356418 -0.00154727 0.00356469 0.999992 0.0309239 0.00654534 -0.00552587
FixedParameters: 0 0 0

#Transform 8
Transform: AffineTransform_float_3_3
Parameters: 0.999999 -0.000329188 0.00144378 0.000333291 0.999996 -0.00277215 -0.00144263 0.00277297 0.999995 0.0310727 -0.0179342 0.00276339
FixedParameters: 0 0 0

#Transform 9
Transform: AffineTransform_float_3_3
Parameters: 0.999999 9.68787e-05 0.000825295 -9.41054e-05 0.999996 -0.00283009 -0.000826247 0.00282993 0.999995 0.0323085 -0.0907387 -0.0159386
FixedParameters: 0 0 0

#Transform 10
Transform: AffineTransform_float_3_3
Parameters: 0.999999 -0.000415374 0.00100545 0.000417938 0.999995 -0.00284657 -0.00100411 0.00284739 0.999995 0.0353138 0.0107311 -0.0320564
FixedParameters: 0 0 0

#Transform 11
Transform: AffineTransform_float_3_3
Parameters: 0.999999 -0.000319089 0.00104753 0.00032283 0.999993 -0.00367875 -0.00104698 0.00367935 0.999992 0.0400314 -0.0895023 -0.0321264
FixedParameters: 0 0 0

#Transform 12
Transform: AffineTransform_float_3_3
Parameters: 1 6.2535e-05 0.000257387 -6.18702e-05 0.999998 -0.00191651 -0.000257522 0.00191648 0.999998 0.0264784 -0.017057 -0.00270124
FixedParameters: 0 0 0

#Transform 13
Transform: AffineTransform_float_3_3
Parameters: 1 -0.000263544 0.000379023 0.000263062 0.999999 -0.00123362 -0.000378941 0.00123381 0.999999 0.018558 -0.100634 -0.0258105
FixedParameters: 0 0 0

#Transform 14
Transform: AffineTransform_float_3_3
Parameters: 1 0.000223829 -0.000273917 -0.000224094 0.999999 -0.00107378 0.000274375 0.00107458 1 0.0132823 -0.0824302 0.038052
FixedParameters: 0 0 0

#Transform 15
Transform: AffineTransform_float_3_3
Parameters: 1 2.66504e-05 0.000265026 -2.61621e-05 0.999999 -0.000921229 -0.000265075 0.000921215 0.999999 0.0121676 -0.0796209 0.0155667
FixedParameters: 0 0 0

#Transform 16
Transform: AffineTransform_float_3_3
Parameters: 1 0.000303834 -0.0005524 -0.000304091 1 -0.000232359 0.000552259 0.000232695 1 0.00859812 -0.0398911 0.00894977
FixedParameters: 0 0 0

#Transform 17
Transform: AffineTransform_float_3_3
Parameters: 1 0.000232167 -0.000442631 -0.000232195 1 -3.17102e-05 0.000442616 3.19157e-05 1 0.0102388 -0.0573769 0.00341029
FixedParameters: 0 0 0

#Transform 18
Transform: AffineTransform_float_3_3
Parameters: 1 -0.000112004 0.000123026 0.000112139 1 -0.00120433 -0.000122704 0.00120437 1 0.0108293 -0.0507033 -0.0281795
FixedParameters: 0 0 0

#Transform 19
Transform: AffineTransform_float_3_3
Parameters: 1 -0.000245894 -0.000262925 0.000245983 1 -0.00123935 0.000263185 0.00123996 0.999999 0.0282249 0.00766608 -0.0219468
FixedParameters: 0 0 0

#Transform 20
Transform: AffineTransform_float_3_3
Parameters: 1 -0.000131815 5.99686e-05 0.000131827 1 -0.000100955 -5.99419e-05 0.000100971 1 0.00811113 0.0142157 0.000744084
FixedParameters: 0 0 0

#Transform 21
Transform: AffineTransform_float_3_3
Parameters: 1 0.000105011 -0.000111251 -0.000104812 0.999999 0.000891976 0.000111438 -0.000891953 0.999999 0.00756627 -0.0357791 0.0106155
FixedParameters: 0 0 0

#Transform 22
Transform: AffineTransform_float_3_3
Parameters: 1 9.11314e-05 -9.5622e-05 -9.09837e-05 0.999999 0.000771441 9.57625e-05 -0.000771424 0.999999 -0.0218673 0.00500662 -0.0236244
FixedParameters: 0 0 0

#Transform 23
Transform: AffineTransform_float_3_3
Parameters: 1 8.40217e-05 -0.000117474 -8.39377e-05 1 0.00104147 0.000117701 -0.00104144 1 -0.0335406 -0.0226032 -0.0538327
FixedParameters: 0 0 0

#Transform 24
Transform: AffineTransform_float_3_3
Parameters: 1 9.98937e-06 -0.0003308 -9.5189e-06 0.999999 0.000711098 0.000330814 -0.000711091 0.999999 -0.0240411 -0.0461878 -0.0219334
FixedParameters: 0 0 0

#Transform 25
Transform: AffineTransform_float_3_3
Parameters: 1 -0.000316742 0.000206208 0.000316997 1 -0.00101023 -0.000205516 0.00101036 1 -0.0185829 0.0445923 -0.096002
FixedParameters: 0 0 0

#Transform 26
Transform: AffineTransform_float_3_3
Parameters: 1 -0.000440979 -0.000157993 0.000440939 1 -0.00012581 0.000158104 0.000125671 1 0.0152696 -0.0472347 0.011249
FixedParameters: 0 0 0

#Transform 27
Transform: AffineTransform_float_3_3
Parameters: 1 -0.000293977 0.000266836 0.000293969 1 1.60177e-05 -0.000266845 -1.58608e-05 1 -0.011443 0.00954363 -0.032262
FixedParameters: 0 0 0

#Transform 28
Transform: AffineTransform_float_3_3
Parameters: 1 -0.000457147 -0.000208987 0.000457375 0.999999 0.000546069 0.000208488 -0.00054626 1 0.0113936 -0.0190483 -0.0448881
FixedParameters: 0 0 0

#Transform 29
Transform: AffineTransform_float_3_3
Parameters: 1 -0.000488249 -2.56747e-05 0.000488188 1 -0.000597124 2.61784e-05 0.000597883 0.999999 -0.0167388 0.0354443 -0.0652261
FixedParameters: 0 0 0

#Transform 30
Transform: AffineTransform_float_3_3
Parameters: 1 -0.000453286 0.000412272 0.000453872 0.999999 -0.000710944 -0.000411626 0.000711317 0.999999 -0.00577344 0.0283151 -0.0695442
FixedParameters: 0 0 0

#Transform 31
Transform: AffineTransform_float_3_3
Parameters: 1 -0.000287524 0.000285334 0.000287491 1 5.6833e-05 -0.000285366 -5.66689e-05 1 -0.0137456 -0.00141615 -0.0287028
FixedParameters: 0 0 0

#Transform 32
Transform: AffineTransform_float_3_3
Parameters: 1 -0.000457246 -0.000202697 0.00045704 1 -0.000508263 0.000203162 0.000508078 1 -0.0132191 0.089328 -0.098861
FixedParameters: 0 0 0

#Transform 33
Transform: AffineTransform_float_3_3
Parameters: 1 -0.000418792 -9.51172e-05 0.000418783 1 0.000103609 9.4951e-05 -0.000102905 1 -0.0127993 0.0227198 -0.0464965
FixedParameters: 0 0 0

#Transform 34
Transform: AffineTransform_float_3_3
Parameters: 1 -0.00047632 -0.000264411 0.000476918 1 0.000515942 0.000264861 -0.000516126 1 -0.00817984 -0.00822936 -0.0459794
FixedParameters: 0 0 0

#Transform 35
Transform: AffineTransform_float_3_3
Parameters: 0.999999 -0.000236711 -0.000870186 0.000236651 1 0.000501447 0.000870267 -0.000501191 1 -0.0124847 0.0350814 -0.0633975
FixedParameters: 0 0 0

#Transform 36
Transform: AffineTransform_float_3_3
Parameters: 1 -0.000481652 -0.000275885 0.000481567 1 -9.94704e-05 0.000275901 9.99886e-05 1 -0.0179205 0.0291446 -0.09235
FixedParameters: 0 0 0

#Transform 37
Transform: AffineTransform_float_3_3
Parameters: 1 -0.000495327 -0.000311459 0.000494884 0.999999 -0.000709841 0.000312162 0.000709532 0.999999 -0.0243654 0.0660685 -0.13668
FixedParameters: 0 0 0

#Transform 38
Transform: AffineTransform_float_3_3
Parameters: 0.999999 -0.000691194 -0.0001837 0.000690129 0.999998 -0.00156876 0.000184977 0.00156844 0.999999 -0.00602558 0.00926961 -0.155862
FixedParameters: 0 0 0

#Transform 39
Transform: AffineTransform_float_3_3
Parameters: 1 -0.000218444 -0.000385078 0.000218242 0.999999 -0.00126249 0.000385359 0.00126228 0.999999 0.0179832 -0.0379408 -0.0599025
FixedParameters: 0 0 0

#Transform 40
Transform: AffineTransform_float_3_3
Parameters: 1 -0.000424839 -0.000137134 0.000424616 0.999998 -0.00184898 0.000137545 0.00184875 0.999999 -0.00619632 -0.0260784 -0.0459655
FixedParameters: 0 0 0

#Transform 41
Transform: AffineTransform_float_3_3
Parameters: 1 -0.000670795 0.000104912 0.000670508 0.999998 -0.00172459 -0.000103434 0.00172406 0.999998 -0.00693357 0.0119009 -0.07948
FixedParameters: 0 0 0

#Transform 42
Transform: AffineTransform_float_3_3
Parameters: 0.999999 -0.000732998 -7.63142e-05 0.000732293 0.999998 -0.00142157 7.75073e-05 0.00142139 0.999999 -0.00740965 0.0407877 -0.0999846
FixedParameters: 0 0 0

#Transform 43
Transform: AffineTransform_float_3_3
Parameters: 0.999999 -0.000925013 0.00040845 0.000925332 0.999999 -0.000985723 -0.000407513 0.000985797 0.999999 -0.0151714 0.0444198 -0.113688
FixedParameters: 0 0 0

#Transform 44
Transform: AffineTransform_float_3_3
Parameters: 0.999999 -0.000720689 -4.26083e-05 0.000720106 0.999999 -0.00112642 4.33414e-05 0.00112629 1 -0.0200244 0.0111332 -0.0808722
FixedParameters: 0 0 0

#Transform 45
Transform: AffineTransform_float_3_3
Parameters: 1 -0.000673244 8.93734e-05 0.000673267 1 -0.000293485 -8.90573e-05 0.000294389 1 -0.0343173 0.049354 -0.117348
FixedParameters: 0 0 0

#Transform 46
Transform: AffineTransform_float_3_3
Parameters: 0.999999 -0.000727877 -6.42447e-05 0.000727235 1 -0.000977932 6.46987e-05 0.000978558 1 -0.0339758 0.0770995 -0.139066
FixedParameters: 0 0 0

#Transform 47
Transform: AffineTransform_float_3_3
Parameters: 0.999999 -0.000795688 0.000243941 0.00079564 1 -0.000954797 -0.000243388 0.000955288 0.999999 -0.0350485 0.0829225 -0.122167
FixedParameters: 0 0 0

#Transform 48
Transform: AffineTransform_float_3_3
Parameters: 1 -0.00100926 0.000309588 0.0010095 0.999998 -0.00170062 -0.000307984 0.00170049 0.999998 -0.0309233 0.0835462 -0.155143
FixedParameters: 0 0 0

#Transform 49
Transform: AffineTransform_float_3_3
Parameters: 1 -0.00100128 0.000538623 0.00100185 0.999999 -0.000830473 -0.000537898 0.000830866 0.999999 -0.0323234 0.0696812 -0.134901
FixedParameters: 0 0 0

#Transform 50
Transform: AffineTransform_float_3_3
Parameters: 1 -0.00101546 0.000484583 0.00101646 0.999997 -0.00187079 -0.000482613 0.00187165 0.999998 -0.0325305 0.0858247 -0.168021
FixedParameters: 0 0 0

#Transform 51
Transform: AffineTransform_float_3_3
Parameters: 0.999999 -0.00105583 0.000701062 0.00105683 0.999999 -0.00127311 -0.000700121 0.00127306 0.999999 -0.0315681 0.063569 -0.1411
FixedParameters: 0 0 0

#Transform 52
Transform: AffineTransform_float_3_3
Parameters: 0.999998 -0.00106647 0.00127214 0.00106945 0.999996 -0.00246704 -0.00126881 0.00246827 0.999996 -0.0315772 0.0967817 -0.220249
FixedParameters: 0 0 0

#Transform 53
Transform: AffineTransform_float_3_3
Parameters: 0.999999 -0.00111923 0.000842694 0.00112077 0.999997 -0.0022425 -0.000840068 0.00224424 0.999997 -0.0168779 0.0285705 -0.183858
FixedParameters: 0 0 0

#Transform 54
Transform: AffineTransform_float_3_3
Parameters: 0.999998 -0.00125257 0.00100783 0.00125581 0.999997 -0.00233202 -0.00100465 0.00233374 0.999997 -0.0330894 0.0972258 -0.20434
FixedParameters: 0 0 0

#Transform 55
Transform: AffineTransform_float_3_3
Parameters: 0.999999 -0.00127307 0.000850428 0.00127446 0.999997 -0.00212566 -0.000847408 0.00212706 0.999997 -0.0295593 0.0722093 -0.20228
FixedParameters: 0 0 0

#Transform 56
Transform: AffineTransform_float_3_3
Parameters: 0.999998 -0.00123481 0.00133353 0.00123878 0.999996 -0.00255457 -0.00133036 0.00255626 0.999996 -0.034838 0.0838877 -0.20757
FixedParameters: 0 0 0

#Transform 57
Transform: AffineTransform_float_3_3
Parameters: 0.999998 -0.00157366 0.00145501 0.00157821 0.999995 -0.00259107 -0.00145091 0.00259319 0.999996 -0.0291178 0.088009 -0.216388
FixedParameters: 0 0 0

#Transform 58
Transform: AffineTransform_float_3_3
Parameters: 0.999999 -0.00136048 0.00122628 0.00136317 0.999997 -0.00212591 -0.00122374 0.00212764 0.999997 -0.0290481 0.0596188 -0.183357
FixedParameters: 0 0 0

#Transform 59
Transform: AffineTransform_float_3_3
Parameters: 0.999997 -0.00163521 0.00175303 0.00164094 0.999994 -0.00284599 -0.00174839 0.00284925 0.999995 -0.0342717 0.111163 -0.229723
FixedParameters: 0 0 0

#Transform 60
Transform: AffineTransform_float_3_3
Parameters: 0.999997 -0.00188439 0.00144015 0.00188944 0.999993 -0.0030863 -0.00143448 0.0030893 0.999994 -0.0231324 0.101137 -0.22805
FixedParameters: 0 0 0

#Transform 61
Transform: AffineTransform_float_3_3
Parameters: 0.999997 -0.00161783 0.00190401 0.00162299 0.999994 -0.00313046 -0.00189874 0.00313357 0.999994 -0.0445175 0.0505575 -0.268095
FixedParameters: 0 0 0

#Transform 62
Transform: AffineTransform_float_3_3
Parameters: 0.999998 -0.00135446 0.000991647 0.0013579 0.999995 -0.00294942 -0.000988009 0.00294977 0.999995 -0.0521276 0.131092 -0.251895
FixedParameters: 0 0 0

#Transform 63
Transform: AffineTransform_float_3_3
Parameters: 0.999999 -0.00130212 0.0013832 0.00130552 0.999996 -0.0025391 -0.00137946 0.00254114 0.999996 -0.0478317 0.0383474 -0.209024
FixedParameters: 0 0 0

#Transform 64
Transform: AffineTransform_float_3_3
Parameters: 0.999998 -0.00102748 0.00136882 0.00103275 0.999993 -0.00342572 -0.00136449 0.00342699 0.999993 -0.0842003 0.109085 -0.331532
FixedParameters: 0 0 0

#Transform 65
Transform: AffineTransform_float_3_3
Parameters: 1 -0.000763638 0.000909251 0.000767047 0.999993 -0.00371064 -0.000906569 0.00371043 0.999993 -0.102968 0.0561108 -0.362984
FixedParameters: 0 0 0

#Transform 66
Transform: AffineTransform_float_3_3
Parameters: 1 -0.00102201 0.000166048 0.00102326 0.999994 -0.00314085 -0.000162964 0.00314168 0.999995 -0.0646058 0.122043 -0.323156
FixedParameters: 0 0 0

#Transform 67
Transform: AffineTransform_float_3_3
Parameters: 1 -0.00103512 0.000125311 0.00103522 0.999996 -0.00264466 -0.000122906 0.00264546 0.999997 -0.0926107 0.11288 -0.319726
FixedParameters: 0 0 0

#Transform 68
Transform: AffineTransform_float_3_3
Parameters: 1 -0.000890375 0.000540116 0.000891914 0.999997 -0.00247859 -0.000537422 0.00247881 0.999997 -0.0911656 0.0220024 -0.301232
FixedParameters: 0 0 0

#Transform 69
Transform: AffineTransform_float_3_3
Parameters: 1 -0.000949414 -0.000104667 0.000948863 0.999996 -0.00240823 0.000107137 0.00240785 0.999997 -0.0822706 0.139912 -0.286004
FixedParameters: 0 0 0

#Transform 70
Transform: AffineTransform_float_3_3
Parameters: 0.999999 -0.00118596 0.000356393 0.00118709 0.999997 -0.00233072 -0.000353851 0.00233071 0.999998 -0.0926553 0.113499 -0.355861
FixedParameters: 0 0 0

#Transform 71
Transform: AffineTransform_float_3_3
Parameters: 1 -0.000918176 8.41938e-05 0.000918064 0.999996 -0.00266403 -8.23725e-05 0.00266472 0.999997 -0.0930094 0.0793998 -0.358363
FixedParameters: 0 0 0

#Transform 72
Transform: AffineTransform_float_3_3
Parameters: 0.999999 -0.0012507 4.51223e-05 0.0012507 0.999995 -0.00314306 -4.1488e-05 0.00314298 0.999995 -0.084177 0.204084 -0.419862
FixedParameters: 0 0 0

#Transform 73
Transform: AffineTransform_float_3_3
Parameters: 1 -0.000943677 -0.00033098 0.000943311 0.999997 -0.00209253 0.000332373 0.00209246 0.999997 -0.0927736 0.113285 -0.362644
FixedParameters: 0 0 0

#Transform 74
Transform: AffineTransform_float_3_3
Parameters: 1 -0.00115152 1.12696e-05 0.0011521 0.999996 -0.00239515 -9.19667e-06 0.00239566 0.999997 -0.0885103 0.0973169 -0.32477
FixedParameters: 0 0 0

#Transform 75
Transform: AffineTransform_float_3_3
Parameters: 1 -0.000930279 -0.000306506 0.000929568 0.999995 -0.0030196 0.000308459 0.00301947 0.999996 -0.0903847 0.175084 -0.321186
FixedParameters: 0 0 0

#Transform 76
Transform: AffineTransform_float_3_3
Parameters: 0.999999 -0.0012689 0.000212033 0.00127049 0.999991 -0.00414127 -0.000206854 0.00414213 0.999992 -0.0799232 0.178853 -0.408476
FixedParameters: 0 0 0

#Transform 77
Transform: AffineTransform_float_3_3
Parameters: 0.999999 -0.0013286 -0.000194863 0.00132826 0.999995 -0.00296485 0.000198135 0.00296471 0.999996 -0.0729016 0.174385 -0.369289
FixedParameters: 0 0 0

#Transform 78
Transform: AffineTransform_float_3_3
Parameters: 0.999999 -0.00158543 0.000698004 0.00158799 0.999995 -0.00268328 -0.000694358 0.00268449 0.999997 -0.0731501 0.14247 -0.395939
FixedParameters: 0 0 0

#Transform 79
Transform: AffineTransform_float_3_3
Parameters: 0.999999 -0.00164853 0.000281959 0.00164989 0.999992 -0.00346813 -0.000275609 0.00346801 0.999994 -0.0592517 0.149067 -0.387156
FixedParameters: 0 0 0

#Transform 80
Transform: AffineTransform_float_3_3
Parameters: 0.999999 -0.00173004 0.000423423 0.00173189 0.999993 -0.00325209 -0.000418194 0.00325182 0.999995 -0.0639372 0.18362 -0.466782
FixedParameters: 0 0 0

#Transform 81
Transform: AffineTransform_float_3_3
Parameters: 0.999998 -0.00155087 4.15006e-05 0.00155052 0.999993 -0.00324764 -3.65981e-05 0.00324751 0.999994 -0.0573904 0.125948 -0.36751
FixedParameters: 0 0 0

#Transform 82
Transform: AffineTransform_float_3_3
Parameters: 0.999999 -0.00156964 0.000444785 0.00157165 0.99999 -0.00404693 -0.00043902 0.00404794 0.999991 -0.0637646 0.160565 -0.435004
FixedParameters: 0 0 0

#Transform 83
Transform: AffineTransform_float_3_3
Parameters: 0.999998 -0.00151913 0.000616277 0.00152135 0.999991 -0.00397623 -0.00061076 0.00397777 0.999992 -0.0637641 0.149613 -0.370035
FixedParameters: 0 0 0

#Transform 84
Transform: AffineTransform_float_3_3
Parameters: 0.999999 -0.00141376 0.000198081 0.0014143 0.999992 -0.003738 -0.000192574 0.0037383 0.999993 -0.0543802 0.145579 -0.381457
FixedParameters: 0 0 0

#Transform 85
Transform: AffineTransform_float_3_3
Parameters: 0.999999 -0.00171286 0.000657127 0.00171537 0.999991 -0.00368366 -0.000651096 0.00368479 0.999993 -0.0642746 0.183572 -0.421199
FixedParameters: 0 0 0

#Transform 86
Transform: AffineTransform_float_3_3
Parameters: 0.999999 -0.00167549 0.000124106 0.00167653 0.999989 -0.0044356 -0.000116727 0.00443553 0.99999 -0.0425608 0.1348 -0.378647
FixedParameters: 0 0 0

#Transform 87
Transform: AffineTransform_float_3_3
Parameters: 0.999999 -0.00151632 3.11164e-05 0.00151604 0.999991 -0.00403062 -2.52502e-05 0.00403113 0.999991 -0.0681345 0.236883 -0.444726
FixedParameters: 0 0 0

#Transform 88
Transform: AffineTransform_float_3_3
Parameters: 0.999999 -0.00141091 -4.32985e-05 0.00141075 0.999992 -0.00362102 4.80734e-05 0.00362121 0.999994 -0.0685048 0.182828 -0.425546
FixedParameters: 0 0 0

#Transform 89
Transform: AffineTransform_float_3_3
Parameters: 0.999999 -0.00139036 3.4632e-05 0.00138985 0.999989 -0.00454983 -2.8156e-05 0.00454957 0.999989 -0.0679554 0.215768 -0.427586
FixedParameters: 0 0 0

#Transform 90
Transform: AffineTransform_float_3_3
Parameters: 0.999999 -0.00145744 1.49966e-05 0.00145707 0.99999 -0.00407947 -9.3846e-06 0.00407914 0.999991 -0.0596237 0.220085 -0.396102
FixedParameters: 0 0 0

#Transform 91
Transform: AffineTransform_float_3_3
Parameters: 0.999999 -0.00126118 0.000401665 0.00126242 0.999992 -0.00382651 -0.000396672 0.00382654 0.999992 -0.0743055 0.206892 -0.450855
FixedParameters: 0 0 0

#Transform 92
Transform: AffineTransform_float_3_3
Parameters: 0.999998 -0.00152816 0.000281814 0.00152942 0.999987 -0.00487336 -0.000273924 0.0048738 0.999988 -0.0633299 0.2267 -0.493162
FixedParameters: 0 0 0

#Transform 93
Transform: AffineTransform_float_3_3
Parameters: 0.999998 -0.0016021 0.000617826 0.00160539 0.999987 -0.00487864 -0.000609806 0.00488018 0.999988 -0.0738109 0.274815 -0.475308
FixedParameters: 0 0 0

#Transform 94
Transform: AffineTransform_float_3_3
Parameters: 0.999999 -0.00146561 -7.77177e-05 0.00146502 0.999989 -0.00448684 8.4371e-05 0.0044862 0.99999 -0.055432 0.16066 -0.413964
FixedParameters: 0 0 0

#Transform 95
Transform: AffineTransform_float_3_3
Parameters: 0.999998 -0.00152851 0.000677875 0.00153254 0.999986 -0.00510665 -0.00066982 0.00510829 0.999986 -0.0640155 0.231487 -0.485344
FixedParameters: 0 0 0

#Transform 96
Transform: AffineTransform_float_3_3
Parameters: 0.999999 -0.00145954 2.31948e-05 0.00146001 0.999989 -0.00435761 -1.70224e-05 0.00435788 0.999991 -0.059774 0.246915 -0.461698
FixedParameters: 0 0 0

#Transform 97
Transform: AffineTransform_float_3_3
Parameters: 1 -0.00109637 0.000144623 0.00109681 0.999991 -0.00408824 -0.000139649 0.0040876 0.999991 -0.0819685 0.227066 -0.501698
FixedParameters: 0 0 0

#Transform 98
Transform: AffineTransform_float_3_3
Parameters: 0.999999 -0.00132393 -2.88218e-05 0.0013237 0.999991 -0.00389053 3.37322e-05 0.00389077 0.999993 -0.0647998 0.216186 -0.46567
FixedParameters: 0 0 0

#Transform 99
Transform: AffineTransform_float_3_3
Parameters: 0.999999 -0.00120568 0.000401433 0.0012076 0.999989 -0.00456996 -0.000396255 0.00457062 0.999989 -0.0786692 0.236725 -0.514322
FixedParameters: 0 0 0

#Transform 100
Transform: AffineTransform_float_3_3
Parameters: 0.999999 -0.00120184 -7.71351e-06 0.00120155 0.999987 -0.00498364 1.32972e-05 0.00498384 0.999988 -0.0385677 0.137373 -0.345341
FixedParameters: 0 0 0

#Transform 101
Transform: AffineTransform_float_3_3
Parameters: 0.999998 -0.00176551 0.000379158 0.00176814 0.999976 -0.00665225 -0.000366603 0.00665283 0.999978 -0.0343964 0.209324 -0.406572
FixedParameters: 0 0 0

#Transform 102
Transform: AffineTransform_float_3_3
Parameters: 0.999998 -0.00183597 0.000104212 0.00183636 0.999981 -0.00588333 -9.4167e-05 0.00588305 0.999982 -0.0219338 0.201634 -0.420174
FixedParameters: 0 0 0

#Transform 103
Transform: AffineTransform_float_3_3
Parameters: 0.999998 -0.00184216 -9.15052e-05 0.00184113 0.999983 -0.00551395 0.000101036 0.00551362 0.999984 -0.0398468 0.186074 -0.450185
FixedParameters: 0 0 0

#Transform 104
Transform: AffineTransform_float_3_3
Parameters: 0.999999 -0.00167459 -0.000379592 0.00167229 0.999985 -0.00530115 0.000388062 0.00530059 0.999986 -0.0328084 0.104407 -0.381213
FixedParameters: 0 0 0

#Transform 105
Transform: AffineTransform_float_3_3
Parameters: 0.999999 -0.00162745 -0.000106998 0.00162621 0.999985 -0.00525242 0.000115542 0.00525148 0.999986 -0.046479 0.185914 -0.437944
FixedParameters: 0 0 0

#Transform 106
Transform: AffineTransform_float_3_3
Parameters: 0.999999 -0.00156525 -0.000485697 0.00156295 0.999988 -0.00456307 0.000492775 0.00456165 0.99999 -0.0642362 0.164837 -0.403225
FixedParameters: 0 0 0

#Transform 107
Transform: AffineTransform_float_3_3
Parameters: 0.999998 -0.00153023 9.36665e-06 0.00153051 0.999986 -0.00517679 -1.20606e-06 0.0051777 0.999987 -0.07553 0.24088 -0.441539
FixedParameters: 0 0 0

#Transform 108
Transform: AffineTransform_float_3_3
Parameters: 0.999999 -0.00134422 -0.000581417 0.00134183 0.999988 -0.00480599 0.000587723 0.00480534 0.999988 -0.052609 0.223257 -0.390329
FixedParameters: 0 0 0

#Transform 109
Transform: AffineTransform_float_3_3
Parameters: 0.999999 -0.001534 -0.000364456 0.00153305 0.999989 -0.00443879 0.000370822 0.00443777 0.99999 -0.0683851 0.207652 -0.358242
FixedParameters: 0 0 0

#Transform 110
Transform: AffineTransform_float_3_3
Parameters: 0.999999 -0.00142263 -0.000208397 0.00142156 0.999984 -0.00531423 0.000215583 0.00531368 0.999986 -0.0513225 0.198421 -0.364423
FixedParameters: 0 0 0

#Transform 111
Transform: AffineTransform_float_3_3
Parameters: 0.999999 -0.00142043 -0.00030109 0.00141933 0.99999 -0.00431147 0.000307326 0.004311 0.99999 -0.0516349 0.209135 -0.321445
FixedParameters: 0 0 0

#Transform 112
Transform: AffineTransform_float_3_3
Parameters: 0.999998 -0.0019768 -8.10895e-06 0.00197668 0.999984 -0.00537413 1.85775e-05 0.0053741 0.999986 -0.0442928 0.238797 -0.357557
FixedParameters: 0 0 0

#Transform 113
Transform: AffineTransform_float_3_3
Parameters: 0.999998 -0.0017453 -0.000754366 0.00174183 0.99999 -0.00399586 0.000760787 0.0039955 0.999992 -0.0381192 0.174725 -0.301477
FixedParameters: 0 0 0

#Transform 114
Transform: AffineTransform_float_3_3
Parameters: 0.999998 -0.00176107 -0.00027356 0.00175953 0.999987 -0.00487442 0.000281669 0.00487359 0.999988 -0.0462004 0.22311 -0.364571
FixedParameters: 0 0 0

#Transform 115
Transform: AffineTransform_float_3_3
Parameters: 0.999998 -0.00195433 -0.000611488 0.00195181 0.999987 -0.00475381 0.000620252 0.00475206 0.999989 -0.0347259 0.210697 -0.397507
FixedParameters: 0 0 0

#Transform 116
Transform: AffineTransform_float_3_3
Parameters: 0.999999 -0.00167746 -0.000238694 0.00167679 0.999987 -0.0047626 0.000246505 0.00476261 0.999989 -0.049138 0.231754 -0.370283
FixedParameters: 0 0 0

#Transform 117
Transform: AffineTransform_float_3_3
Parameters: 0.999999 -0.00164568 -0.00010637 0.00164587 0.999981 -0.00577956 0.000116305 0.00577914 0.999984 -0.0498384 0.228439 -0.389631
FixedParameters: 0 0 0

#Transform 118
Transform: AffineTransform_float_3_3
Parameters: 0.999999 -0.00162887 -0.00027516 0.00162784 0.999987 -0.00479442 0.00028261 0.00479434 0.999989 -0.0504245 0.238224 -0.374281
FixedParameters: 0 0 0

#Transform 119
Transform: AffineTransform_float_3_3
Parameters: 0.999998 -0.00190424 2.54758e-05 0.00190463 0.99998 -0.00599176 -1.45394e-05 0.00599176 0.999982 -0.0514099 0.283164 -0.456316
FixedParameters: 0 0 0

#Transform 120
Transform: AffineTransform_float_3_3
Parameters: 0.999999 -0.00149751 -0.000656168 0.0014948 0.999986 -0.00509798 0.000664625 0.00509671 0.999987 -0.047083 0.200784 -0.386233
FixedParameters: 0 0 0

#Transform 121
Transform: AffineTransform_float_3_3
Parameters: 0.999998 -0.00180314 -0.000501247 0.00180092 0.999982 -0.00561586 0.000511621 0.00561466 0.999984 -0.0531996 0.199552 -0.432521
FixedParameters: 0 0 0

#Transform 122
Transform: AffineTransform_float_3_3
Parameters: 0.999998 -0.00172401 -0.000566586 0.00172125 0.999985 -0.00520756 0.000575822 0.00520633 0.999986 -0.0626118 0.218384 -0.387577
FixedParameters: 0 0 0

#Transform 123
Transform: AffineTransform_float_3_3
Parameters: 0.999998 -0.0019696 0.000200297 0.00197059 0.999979 -0.00624097 -0.000188107 0.00624165 0.999981 -0.0666479 0.254398 -0.444717
FixedParameters: 0 0 0

#Transform 124
Transform: AffineTransform_float_3_3
Parameters: 0.999998 -0.00163289 -0.000620245 0.00162942 0.999987 -0.00497161 0.00062897 0.00497043 0.999987 -0.0530691 0.232277 -0.358493
FixedParameters: 0 0 0

#Transform 125
Transform: AffineTransform_float_3_3
Parameters: 0.999998 -0.00197191 0.000380831 0.00197464 0.99998 -0.00591718 -0.000368715 0.00591807 0.999982 -0.0534796 0.266101 -0.403234
FixedParameters: 0 0 0

#Transform 126
Transform: AffineTransform_float_3_3
Parameters: 0.999998 -0.00173771 -0.000438992 0.00173589 0.999984 -0.00528169 0.000447691 0.00528081 0.999986 -0.042504 0.223495 -0.306806
FixedParameters: 0 0 0

#Transform 127
Transform: AffineTransform_float_3_3
Parameters: 0.999998 -0.00190093 0.000463902 0.00190332 0.999979 -0.00616526 -0.000452121 0.00616562 0.999981 -0.0644002 0.247856 -0.371591
FixedParameters: 0 0 0

#Transform 128
Transform: AffineTransform_float_3_3
Parameters: 0.999998 -0.00182985 -5.47533e-05 0.00182996 0.999982 -0.00571708 6.46265e-05 0.00571745 0.999984 -0.055152 0.226928 -0.374025
FixedParameters: 0 0 0

#Transform 129
Transform: AffineTransform_float_3_3
Parameters: 0.999998 -0.0018768 0.000380442 0.00187909 0.999978 -0.00637935 -0.000368426 0.00637932 0.999979 -0.0693427 0.230584 -0.360981
FixedParameters: 0 0 0

#Transform 130
Transform: AffineTransform_float_3_3
Parameters: 0.999998 -0.00200652 -0.000186883 0.00200619 0.999982 -0.00567568 0.000198154 0.00567623 0.999984 -0.0472183 0.154723 -0.31203
FixedParameters: 0 0 0

#Transform 131
Transform: AffineTransform_float_3_3
Parameters: 0.999999 -0.00140231 -0.000166912 0.00140099 0.99998 -0.00620502 0.00017535 0.00620467 0.99998 -0.0484761 0.210617 -0.286651
FixedParameters: 0 0 0

#Transform 132
Transform: AffineTransform_float_3_3
Parameters: 0.999998 -0.00214617 0.0001908 0.00214729 0.999979 -0.00604067 -0.000177368 0.00604136 0.999982 -0.0504377 0.211526 -0.348965
FixedParameters: 0 0 0

#Transform 133
Transform: AffineTransform_float_3_3
Parameters: 0.999998 -0.00193225 -2.65399e-05 0.00193236 0.999982 -0.00570141 3.65816e-05 0.00570181 0.999984 -0.0432613 0.171779 -0.349798
FixedParameters: 0 0 0

#Transform 134
Transform: AffineTransform_float_3_3
Parameters: 0.999997 -0.00201677 7.75426e-05 0.00201791 0.999981 -0.00578066 -6.61566e-05 0.00578086 0.999983 -0.0742585 0.233351 -0.335925
FixedParameters: 0 0 0

#Transform 135
Transform: AffineTransform_float_3_3
Parameters: 0.999997 -0.00227559 0.0001774 0.00227601 0.999976 -0.00659872 -0.000162885 0.00659933 0.999978 -0.0574876 0.247976 -0.368626
FixedParameters: 0 0 0

#Transform 136
Transform: AffineTransform_float_3_3
Parameters: 0.999998 -0.00183266 -7.63451e-05 0.00183179 0.999983 -0.00554125 8.58704e-05 0.00554159 0.999985 -0.0650519 0.152891 -0.289558
FixedParameters: 0 0 0

#Transform 137
Transform: AffineTransform_float_3_3
Parameters: 0.999998 -0.00186746 3.92233e-05 0.00186801 0.999976 -0.00666218 -2.7278e-05 0.00666212 0.999977 -0.0752698 0.224944 -0.334728
FixedParameters: 0 0 0

#Transform 138
Transform: AffineTransform_float_3_3
Parameters: 0.999999 -0.00140144 -0.000164208 0.00140014 0.99998 -0.00623759 0.000172724 0.00623787 0.999981 -0.0598112 0.205711 -0.302766
FixedParameters: 0 0 0

#Transform 139
Transform: AffineTransform_float_3_3
Parameters: 0.999999 -0.00138125 -0.000193414 0.00137911 0.999981 -0.00599641 0.000201304 0.00599588 0.999982 -0.0662235 0.227606 -0.285582
FixedParameters: 0 0 0

#Transform 140
Transform: AffineTransform_float_3_3
Parameters: 0.999999 -0.00174336 0.000300787 0.0017453 0.999974 -0.0070416 -0.000288283 0.00704178 0.999975 -0.0847626 0.274637 -0.380729
FixedParameters: 0 0 0

#Transform 141
Transform: AffineTransform_float_3_3
Parameters: 0.999999 -0.00146841 -0.000367262 0.0014659 0.999979 -0.00617975 0.000376088 0.00617857 0.999981 -0.0784222 0.201885 -0.305794
FixedParameters: 0 0 0

#Transform 142
Transform: AffineTransform_float_3_3
Parameters: 0.999998 -0.00187333 0.000509005 0.00187625 0.99998 -0.00613672 -0.000497668 0.00613722 0.999981 -0.0575486 0.221313 -0.376836
FixedParameters: 0 0 0

#Transform 143
Transform: AffineTransform_float_3_3
Parameters: 0.999998 -0.00176092 0.000492666 0.00176369 0.999978 -0.00638887 -0.00048185 0.00639061 0.99998 -0.05727 0.204229 -0.353017
FixedParameters: 0 0 0

#Transform 144
Transform: AffineTransform_float_3_3
Parameters: 0.999998 -0.00210496 0.000643861 0.00210879 0.999975 -0.00671076 -0.000629925 0.00671186 0.999978 -0.062716 0.276864 -0.415946
FixedParameters: 0 0 0

#Transform 145
Transform: AffineTransform_float_3_3
Parameters: 0.999998 -0.00212387 0.000127989 0.00212482 0.999979 -0.00607954 -0.000116006 0.00608063 0.999982 -0.0685802 0.228006 -0.408714
FixedParameters: 0 0 0

#Transform 146
Transform: AffineTransform_float_3_3
Parameters: 0.999997 -0.00204078 0.000628041 0.00204433 0.999975 -0.00678467 -0.000614614 0.00678563 0.999977 -0.0689784 0.288559 -0.484734
FixedParameters: 0 0 0

#Transform 147
Transform: AffineTransform_float_3_3
Parameters: 0.999997 -0.00200288 0.000621947 0.00200657 0.999975 -0.0068636 -0.000607802 0.00686535 0.999976 -0.0653097 0.271083 -0.45626
FixedParameters: 0 0 0

#Transform 148
Transform: AffineTransform_float_3_3
Parameters: 0.999998 -0.00210273 0.000192263 0.00210449 0.999969 -0.00764882 -0.000175804 0.00764857 0.99997 -0.0561533 0.275754 -0.479009
FixedParameters: 0 0 0

#Transform 149
Transform: AffineTransform_float_3_3
Parameters: 0.999999 -0.00172784 0.000546528 0.00173189 0.99997 -0.00754914 -0.000532879 0.00754953 0.999971 -0.061994 0.24939 -0.428283
FixedParameters: 0 0 0
