#Insight Transform File V1.0
#Transform 0
Transform: AffineTransform_float_3_3
Parameters: 1 0.00104351 -0.000249705 -0.00104334 0.999999 0.00080025 0.000250299 -0.000800148 0.999999 -0.0392104 -0.153317 0.0855119
FixedParameters: 0 0 0

#Transform 1
Transform: AffineTransform_float_3_3
Parameters: 0.999999 0.000903979 -7.99632e-05 -0.000903908 0.999999 0.000442002 8.07622e-05 -0.000441856 1 -0.04137 -0.126027 0.0695989
FixedParameters: 0 0 0

#Transform 2
Transform: AffineTransform_float_3_3
Parameters: 0.999999 0.000863641 -0.000207284 -0.000863637 1 0.000678164 0.000207499 -0.000678222 1 -0.0399002 -0.127244 0.0748125
FixedParameters: 0 0 0

#Transform 3
Transform: AffineTransform_float_3_3
Parameters: 1 0.000683507 -0.000160504 -0.000683369 0.999999 0.000430105 0.000161091 -0.000429885 1 -0.0277133 -0.125808 0.0688385
FixedParameters: 0 0 0

#Transform 4
Transform: AffineTransform_float_3_3
Parameters: 0.999999 0.00086379 -0.000304748 -0.000863611 0.999999 0.000294522 0.000305256 -0.000293995 1 -0.0326677 -0.0770807 0.0318947
FixedParameters: 0 0 0

#Transform 5
Transform: AffineTransform_float_3_3
Parameters: 1 0.000800596 -0.000629903 -0.000800335 0.999999 0.00017255 0.00063006 -0.000171545 1 -0.0144283 -0.147068 0.0998656
FixedParameters: 0 0 0

#Transform 6
Transform: AffineTransform_float_3_3
Parameters: 0.999999 0.000705932 -0.000150705 -0.000705931 1 3.8035e-06 0.00015071 -3.59072e-06 1 -0.0206046 -0.0682216 0.0220485
FixedParameters: 0 0 0

#Transform 7
Transform: AffineTransform_float_3_3
Parameters: 0.999999 0.000888709 -0.000198303 -0.000888607 0.999999 0.000257204 0.00019876 -0.000256851 1 -0.0226327 -0.0862413 0.0532344
FixedParameters: 0 0 0

#Transform 8
Transform: AffineTransform_float_3_3
Parameters: 1 0.000867574 0.000484423 -0.000867733 0.999999 0.000256437 -0.000484141 -0.000256369 0.999999 -0.0243442 -0.109333 0.0577882
FixedParameters: 0 0 0

#Transform 9
Transform: AffineTransform_float_3_3
Parameters: 0.999999 0.000896363 -0.000195559 -0.000896313 0.999999 0.000128464 0.000195789 -0.000128113 1 -0.0249013 -0.0625803 0.0235552
FixedParameters: 0 0 0

#Transform 10
Transform: AffineTransform_float_3_3
Parameters: 1 0.000423981 -0.000109776 -0.000423858 1 0.000560981 0.000110252 -0.000560887 1 -0.00915265 -0.194429 0.0796725
FixedParameters: 0 0 0

#Transform 11
Transform: AffineTransform_float_3_3
Parameters: 1 0.000656972 -0.000144763 -0.000656933 1 0.000135271 0.000144941 -0.000135081 1 -0.0198503 -0.059111 0.0228163
FixedParameters: 0 0 0

#Transform 12
Transform: AffineTransform_float_3_3
Parameters: 1 0.000436756 -0.0001051 -0.000436683 1 0.000346414 0.000105402 -0.000346322 1 -0.0114572 -0.108738 0.0721908
FixedParameters: 0 0 0

#Transform 13
Transform: AffineTransform_float_3_3
Parameters: 1 0.000451673 -9.96469e-05 -0.000451654 1 9.59204e-05 9.97335e-05 -9.58303e-05 1 -0.0168491 -0.0207246 0.0137875
FixedParameters: 0 0 0

#Transform 14
Transform: AffineTransform_float_3_3
Parameters: 1 0.000459373 -0.000393045 -0.00045927 1 0.000131082 0.000393165 -0.000130721 1 -0.0139703 -0.0684946 0.0247376
FixedParameters: 0 0 0

#Transform 15
Transform: AffineTransform_float_3_3
Parameters: 1 0.000453456 -9.89957e-05 -0.000453443 1 6.59809e-05 9.90555e-05 -6.58911e-05 1 -0.0140461 -0.112937 0.02719
FixedParameters: 0 0 0

#Transform 16
Transform: AffineTransform_float_3_3
Parameters: 1 0.0003802 -0.000431275 -0.000380372 1 9.74976e-05 0.000430423 -9.80894e-05 1 -0.0127189 -0.0404697 0.0246401
FixedParameters: 0 0 0

#Transform 17
Transform: AffineTransform_float_3_3
Parameters: 1 0.00046255 5.39784e-05 -0.000461629 1 0.000498655 -5.37236e-05 -0.000498767 1 -0.013832 -0.107409 0.0580707
FixedParameters: 0 0 0

#Transform 18
Transform: AffineTransform_float_3_3
Parameters: 1 0.00033244 -7.91922e-05 -0.000332402 1 0.000239545 7.93514e-05 -0.000239492 1 -0.0123583 -0.0441886 0.0390733
FixedParameters: 0 0 0

#Transform 19
Transform: AffineTransform_float_3_3
Parameters: 1 -4.48871e-06 0.000125387 5.10761e-06 0.999999 0.00124197 -0.000125486 -0.00124203 0.999999 0.00487837 -0.115308 0.0922903
FixedParameters: 0 0 0

#Transform 20
Transform: AffineTransform_float_3_3
Parameters: 1 3.056e-05 -9.26707e-06 -3.05586e-05 1 7.87734e-05 9.27189e-06 -7.87728e-05 1 -0.00906889 -0.00472728 -0.00196557
FixedParameters: 0 0 0

#Transform 21
Transform: AffineTransform_float_3_3
Parameters: 1 -6.45598e-06 -2.30536e-05 6.48822e-06 1 0.000699516 2.30445e-05 -0.000699517 1 0.013645 -0.0984289 0.0639106
FixedParameters: 0 0 0

#Transform 22
Transform: AffineTransform_float_3_3
Parameters: 1 1.18392e-05 0.000611332 -1.2446e-05 1 0.000496261 -0.00061132 -0.000496275 0.999999 0.00697679 -0.0563703 0.0172089
FixedParameters: 0 0 0

#Transform 23
Transform: AffineTransform_float_3_3
Parameters: 1 -0.000140986 2.26195e-05 0.000140977 1 0.000212541 -2.26794e-05 -0.000212534 1 0.0133738 -0.0483775 0.0195134
FixedParameters: 0 0 0

#Transform 24
Transform: AffineTransform_float_3_3
Parameters: 1 -0.000140471 0.000663901 0.000139473 0.999999 0.000768225 -0.000664011 -0.000767629 1 0.013899 -0.114904 0.0657445
FixedParameters: 0 0 0

#Transform 25
Transform: AffineTransform_float_3_3
Parameters: 1 -9.14463e-05 0.000336334 9.13222e-05 1 0.000184414 -0.000336367 -0.000184352 1 0.00892159 -0.00735106 -0.000147248
FixedParameters: 0 0 0

#Transform 26
Transform: AffineTransform_float_3_3
Parameters: 1 -0.000422263 6.62135e-05 0.000422174 0.999999 0.000674726 -6.67833e-05 -0.00067467 1 0.0195356 -0.0289639 0.038035
FixedParameters: 0 0 0

#Transform 27
Transform: AffineTransform_float_3_3
Parameters: 1 -0.000398008 7.54081e-05 0.000397967 1 0.000268551 -7.56218e-05 -0.000268491 1 0.016711 -0.00269119 0.000682092
FixedParameters: 0 0 0

#Transform 28
Transform: AffineTransform_float_3_3
Parameters: 1 -0.000198712 2.63089e-05 0.000198688 1 0.000457685 -2.64908e-05 -0.000457674 1 0.0165935 -0.0911675 0.0408818
FixedParameters: 0 0 0

#Transform 29
Transform: AffineTransform_float_3_3
Parameters: 1 -0.00041316 0.0001892 0.000412695 1 0.000931417 -0.000189911 -0.000932578 0.999999 0.00705077 -0.0643864 0.0443655
FixedParameters: 0 0 0

#Transform 30
Transform: AffineTransform_float_3_3
Parameters: 1 -0.000250733 3.38529e-05 0.000250695 1 0.000557962 -3.41326e-05 -0.000557945 1 0.0256087 -0.0134372 0.0187891
FixedParameters: 0 0 0

#Transform 31
Transform: AffineTransform_float_3_3
Parameters: 1 -0.000235626 0.000562743 0.000235115 0.999999 0.00128015 -0.000563432 -0.00127994 0.999999 0.0295482 -0.0783529 0.0635109
FixedParameters: 0 0 0

#Transform 32
Transform: AffineTransform_float_3_3
Parameters: 1 -0.000187439 0.00025278 0.000187306 1 0.000262022 -0.000252879 -0.000261927 1 0.00839243 0.00805581 0.00863384
FixedParameters: 0 0 0

#Transform 33
Transform: AffineTransform_float_3_3
Parameters: 1 -0.000270741 2.63073e-05 0.000270694 0.999999 0.000893281 -2.67909e-05 -0.000893267 0.999999 0.0219866 -0.0344507 0.0655335
FixedParameters: 0 0 0

#Transform 34
Transform: AffineTransform_float_3_3
Parameters: 1 -0.000256093 3.1833e-05 0.000256051 1 0.00064778 -3.21648e-05 -0.000647763 1 0.0122383 -0.0535954 0.0334301
FixedParameters: 0 0 0

#Transform 35
Transform: AffineTransform_float_3_3
Parameters: 1 -0.000200747 7.68575e-06 0.000200664 1 0.00100004 -8.07303e-06 -0.00100045 0.999999 0.0116353 -0.0329789 0.0576332
FixedParameters: 0 0 0

#Transform 36
Transform: AffineTransform_float_3_3
Parameters: 1 -0.000246192 0.000238907 0.000246725 0.999999 0.00127422 -0.000238652 -0.00127416 0.999999 0.00936712 -0.0604947 0.050302
FixedParameters: 0 0 0

#Transform 37
Transform: AffineTransform_float_3_3
Parameters: 1 -0.000280528 2.26789e-05 0.000280436 1 0.00105695 -2.31529e-05 -0.00105694 1 0.0104429 0.0145487 0.0293451
FixedParameters: 0 0 0

#Transform 38
Transform: AffineTransform_float_3_3
Parameters: 1 -0.000254008 3.26186e-05 0.000253968 1 0.00061285 -3.29299e-05 -0.000612834 1 0.0125794 -0.0835087 0.0280965
FixedParameters: 0 0 0

#Transform 39
Transform: AffineTransform_float_3_3
Parameters: 1 -0.00016555 2.43522e-05 0.000165535 1 0.00031232 -2.44556e-05 -0.000312312 1 0.00780536 0.0222188 0.0117955
FixedParameters: 0 0 0

#Transform 40
Transform: AffineTransform_float_3_3
Parameters: 1 -0.00017224 0.000438422 0.000172805 0.999999 0.000708916 -0.000437902 -0.000708818 0.999999 0.00690987 -0.0335116 0.0146313
FixedParameters: 0 0 0

#Transform 41
Transform: AffineTransform_float_3_3
Parameters: 1 -0.000180955 0.000549565 0.000180672 0.999999 0.0012961 -0.00054915 -0.00129595 0.999999 0.00865531 -0.0470702 0.0580084
FixedParameters: 0 0 0

#Transform 42
Transform: AffineTransform_float_3_3
Parameters: 1 -8.9839e-05 0.000448957 8.94227e-05 1 0.000463587 -0.00044904 -0.000463506 1 0.00354877 -0.000336576 -0.0039187
FixedParameters: 0 0 0

#Transform 43
Transform: AffineTransform_float_3_3
Parameters: 1 -0.000352522 2.60873e-05 0.000352404 0.999999 0.00139343 -2.69507e-05 -0.00139341 0.999999 0.0326491 -0.0225438 0.03875
FixedParameters: 0 0 0

#Transform 44
Transform: AffineTransform_float_3_3
Parameters: 1 -0.000187195 0.000393241 0.000187537 0.999999 0.000804228 -0.000393748 -0.000804144 0.999999 0.0153086 -0.0374562 0.0125502
FixedParameters: 0 0 0

#Transform 45
Transform: AffineTransform_float_3_3
Parameters: 0.999999 -0.000145342 0.000710548 0.000144416 0.999999 0.00127381 -0.00071096 -0.00127458 0.999999 0.0276359 -0.0537632 0.0706748
FixedParameters: 0 0 0

#Transform 46
Transform: AffineTransform_float_3_3
Parameters: 1 -0.000145008 0.000596253 0.000145017 0.999999 0.000828513 -0.000596594 -0.000827992 1 0.00811579 -0.0556027 0.0275527
FixedParameters: 0 0 0

#Transform 47
Transform: AffineTransform_float_3_3
Parameters: 1 -0.000414089 6.00362e-05 0.000413993 0.999999 0.000800328 -6.06989e-05 -0.000800278 0.999999 0.0186918 -0.0509314 0.0400775
FixedParameters: 0 0 0

#Transform 48
Transform: AffineTransform_float_3_3
Parameters: 0.999999 -0.000621511 0.000464084 0.000621425 0.999999 0.00132122 -0.000464842 -0.00132069 0.999999 0.0191923 -0.0196644 0.0249784
FixedParameters: 0 0 0

#Transform 49
Transform: AffineTransform_float_3_3
Parameters: 1 -0.000197639 0.000424502 0.000197835 1 0.00111394 -0.000424059 -0.00111382 1 0.0116241 -0.0319498 0.0445994
FixedParameters: 0 0 0

#Transform 50
Transform: AffineTransform_float_3_3
Parameters: 1 -0.000305849 0.000507058 0.000306017 0.999999 0.000817004 -0.000507659 -0.000816347 1 0.0115181 -0.00610303 0.0112749
FixedParameters: 0 0 0

#Transform 51
Transform: AffineTransform_float_3_3
Parameters: 0.999999 -0.00061784 0.00055063 0.000617122 0.999999 0.00162584 -0.000551739 -0.00162562 0.999998 0.0220335 -0.0599623 0.0731362
FixedParameters: 0 0 0

#Transform 52
Transform: AffineTransform_float_3_3
Parameters: 0.999999 -0.000528891 0.000702932 0.000529009 0.999999 0.000609661 -0.000703782 -0.00060898 0.999999 0.0152301 0.00447101 0.00455783
FixedParameters: 0 0 0

#Transform 53
Transform: AffineTransform_float_3_3
Parameters: 0.999999 -0.000561954 0.000727403 0.00056116 0.999999 0.00129874 -0.000727934 -0.00129888 0.999999 0.0198441 -0.0560776 0.0649215
FixedParameters: 0 0 0

#Transform 54
Transform: AffineTransform_float_3_3
Parameters: 0.999999 -0.000630617 0.000473684 0.000630087 0.999999 0.0005594 -0.000474389 -0.000558803 0.999999 0.0211028 -0.0389701 0.0288501
FixedParameters: 0 0 0

#Transform 55
Transform: AffineTransform_float_3_3
Parameters: 1 -0.000479378 0.00102831 0.000478306 1 0.000972755 -0.0010294 -0.000972743 0.999999 0.0167611 -0.0543906 0.0588808
FixedParameters: 0 0 0

#Transform 56
Transform: AffineTransform_float_3_3
Parameters: 0.999999 -0.000559448 0.000497221 0.000560061 1 0.000363678 -0.000497834 -0.000363183 1 0.0341768 0.020405 0.0187925
FixedParameters: 0 0 0

#Transform 57
Transform: AffineTransform_float_3_3
Parameters: 1 -0.000638529 0.000849885 0.00063765 0.999999 0.00121482 -0.000850669 -0.00121378 0.999999 0.0340983 -0.0272587 0.0588569
FixedParameters: 0 0 0

#Transform 58
Transform: AffineTransform_float_3_3
Parameters: 1 -0.000647257 0.000208703 0.000647771 1 0.000831713 -0.000209928 -0.000832822 1 0.02911 0.00954276 0.0431228
FixedParameters: 0 0 0

#Transform 59
Transform: AffineTransform_float_3_3
Parameters: 0.999999 -0.000564257 0.000785891 0.000563865 0.999998 0.00156543 -0.000786935 -0.00156557 0.999998 0.027464 -0.0569675 0.0731744
FixedParameters: 0 0 0

#Transform 60
Transform: AffineTransform_float_3_3
Parameters: 0.999999 -0.000577026 0.000569748 0.000577026 1 0.000961562 -0.000569929 -0.000961865 1 0.0103443 -0.00716561 0.050608
FixedParameters: 0 0 0

#Transform 61
Transform: AffineTransform_float_3_3
Parameters: 0.999999 -0.000507035 0.0008911 0.000506286 1 0.000941912 -0.000892141 -0.000941068 0.999999 0.00884449 -0.051495 0.0594677
FixedParameters: 0 0 0

#Transform 62
Transform: AffineTransform_float_3_3
Parameters: 1 -0.000434333 0.000328468 0.00043386 0.999999 0.000649938 -0.000328988 -0.000650563 1 0.0158775 0.0658351 0.0193832
FixedParameters: 0 0 0

#Transform 63
Transform: AffineTransform_float_3_3
Parameters: 1 -0.000525528 0.000929056 0.000524836 0.999999 0.00142063 -0.00093096 -0.00141978 0.999998 0.015526 -0.0561576 0.0703114
FixedParameters: 0 0 0

#Transform 64
Transform: AffineTransform_float_3_3
Parameters: 0.999999 -0.000565188 0.000590367 0.000565284 1 0.000827248 -0.000590478 -0.000827952 0.999999 0.00681485 0.0612467 0.0196796
FixedParameters: 0 0 0

#Transform 65
Transform: AffineTransform_float_3_3
Parameters: 0.999999 -0.000580901 0.0006114 0.000580371 0.999999 0.00119373 -0.000612873 -0.00119308 0.999999 0.0114341 -0.0702808 0.0519119
FixedParameters: 0 0 0

#Transform 66
Transform: AffineTransform_float_3_3
Parameters: 1 -0.000611147 0.000222439 0.000611044 1 0.000230149 -0.00022272 -0.000229877 1 0.01042 -0.0162963 -0.00795522
FixedParameters: 0 0 0

#Transform 67
Transform: AffineTransform_float_3_3
Parameters: 1 -0.000533945 -1.00156e-05 0.000533951 1 0.000320635 9.67314e-06 -0.000320645 1 0.0115011 -0.0180124 0.0218339
FixedParameters: 0 0 0

#Transform 68
Transform: AffineTransform_float_3_3
Parameters: 1 -0.000559714 0.000189687 0.000560368 0.999999 0.00084365 -0.000190838 -0.0008435 0.999999 0.0113166 -0.0398266 0.0297502
FixedParameters: 0 0 0

#Transform 69
Transform: AffineTransform_float_3_3
Parameters: 1 -0.00046989 0.00018029 0.000469684 0.999999 0.000570267 -0.000180826 -0.000570097 1 0.00780979 0.023439 0.0198571
FixedParameters: 0 0 0

#Transform 70
Transform: AffineTransform_float_3_3
Parameters: 0.999999 -0.000739103 0.000221941 0.00073861 0.999999 0.00100915 -0.000223314 -0.00100882 1 0.0147898 -0.0182212 0.0345684
FixedParameters: 0 0 0

#Transform 71
Transform: AffineTransform_float_3_3
Parameters: 0.999999 -0.000777629 0.000647648 0.000775642 0.999999 0.00157465 -0.000648945 -0.00157495 0.999998 0.0152557 -0.0336705 0.066464
FixedParameters: 0 0 0

#Transform 72
Transform: AffineTransform_float_3_3
Parameters: 1 -0.000615688 0.000220708 0.000615553 1 0.000305996 -0.000221084 -0.000305724 1 0.0129296 -0.0298748 0.0289673
FixedParameters: 0 0 0

#Transform 73
Transform: AffineTransform_float_3_3
Parameters: 0.999999 -0.000523076 0.00078705 0.000522868 1 0.000828405 -0.000786988 -0.000828543 1 0.00700207 -0.00394006 0.0290934
FixedParameters: 0 0 0

#Transform 74
Transform: AffineTransform_float_3_3
Parameters: 0.999999 -0.000617773 0.000448173 0.0006176 0.999999 0.0012289 -0.000449778 -0.00122841 0.999999 0.0131114 -0.0294598 0.0704415
FixedParameters: 0 0 0

#Transform 75
Transform: AffineTransform_float_3_3
Parameters: 0.999999 -0.000696548 0.000754163 0.000695356 1 0.000746112 -0.000755186 -0.000745469 0.999999 0.00964313 0.0267466 0.014926
FixedParameters: 0 0 0

#Transform 76
Transform: AffineTransform_float_3_3
Parameters: 0.999999 -0.000600864 0.000555271 0.000600519 0.999999 0.00133756 -0.000555994 -0.00133694 0.999999 0.0121738 -0.0248762 0.0735085
FixedParameters: 0 0 0

#Transform 77
Transform: AffineTransform_float_3_3
Parameters: 0.999999 -0.000725569 0.000178727 0.00072583 0.999998 0.002141 -0.000180818 -0.0021412 0.999997 -0.00493699 -0.0320051 0.131681
FixedParameters: 0 0 0

#Transform 78
Transform: AffineTransform_float_3_3
Parameters: 0.999999 -0.000716525 0.000182193 0.000716893 0.999998 0.00199051 -0.000184043 -0.0019903 0.999998 -0.00986563 0.063317 0.0855993
FixedParameters: 0 0 0

#Transform 79
Transform: AffineTransform_float_3_3
Parameters: 0.999999 -0.00113528 0.000258079 0.00113533 0.999996 0.00234016 -0.000261299 -0.00233961 0.999997 0.00137461 -0.0180115 0.099434
FixedParameters: 0 0 0

#Transform 80
Transform: AffineTransform_float_3_3
Parameters: 1 -0.00115429 0.000456712 0.00115306 0.999998 0.00176255 -0.000458716 -0.00176147 0.999999 0.00672222 0.00665278 0.0250108
FixedParameters: 0 0 0

#Transform 81
Transform: AffineTransform_float_3_3
Parameters: 1 -0.00109306 0.00027442 0.00109327 0.999998 0.0016354 -0.000277216 -0.00163526 0.999998 0.0172298 0.0335029 0.0509383
FixedParameters: 0 0 0

#Transform 82
Transform: AffineTransform_float_3_3
Parameters: 0.999999 -0.00108286 0.000949656 0.00108167 0.999997 0.00185435 -0.000952019 -0.0018524 0.999998 0.0182732 -0.0648488 0.0903516
FixedParameters: 0 0 0

#Transform 83
Transform: AffineTransform_float_3_3
Parameters: 1 -0.00109361 0.000121735 0.00109357 0.999999 0.00105086 -0.000123062 -0.00105059 1 0.0175707 0.0693891 0.044081
FixedParameters: 0 0 0

#Transform 84
Transform: AffineTransform_float_3_3
Parameters: 0.999999 -0.000977186 0.000813956 0.000975849 0.999998 0.00162301 -0.000815225 -0.00162237 0.999999 0.0149404 0.0146293 0.0889851
FixedParameters: 0 0 0

#Transform 85
Transform: AffineTransform_float_3_3
Parameters: 0.999998 -0.00148258 0.00103415 0.00148013 0.999996 0.0023308 -0.00103825 -0.00232914 0.999997 0.0265507 -0.0215848 0.111867
FixedParameters: 0 0 0

#Transform 86
Transform: AffineTransform_float_3_3
Parameters: 0.999998 -0.0014704 0.000827207 0.00146951 0.999998 0.00131653 -0.000829281 -0.00131545 0.999999 0.025101 0.0395539 0.077059
FixedParameters: 0 0 0

#Transform 87
Transform: AffineTransform_float_3_3
Parameters: 0.999998 -0.00151603 0.000767151 0.00151459 0.999997 0.00190961 -0.000770095 -0.00190772 0.999998 0.0307836 -0.0307599 0.136336
FixedParameters: 0 0 0

#Transform 88
Transform: AffineTransform_float_3_3
Parameters: 0.999998 -0.00139717 0.00100733 0.00139595 0.999998 0.000693035 -0.00100825 -0.000691121 1 0.0214445 0.0964152 0.0647202
FixedParameters: 0 0 0

#Transform 89
Transform: AffineTransform_float_3_3
Parameters: 0.999999 -0.00142469 0.0011706 0.00142194 0.999997 0.00181437 -0.00117299 -0.00181239 0.999997 0.0477045 -0.0356277 0.115885
FixedParameters: 0 0 0

#Transform 90
Transform: AffineTransform_float_3_3
Parameters: 0.999999 -0.00138656 0.00118543 0.00138503 0.999998 0.00118668 -0.00118699 -0.00118566 0.999999 0.0290203 0.0190762 0.0378903
FixedParameters: 0 0 0

#Transform 91
Transform: AffineTransform_float_3_3
Parameters: 0.999999 -0.00141273 0.0011753 0.00141038 0.999998 0.00161681 -0.00117705 -0.00161576 0.999998 0.0621013 -0.00136102 0.0915105
FixedParameters: 0 0 0

#Transform 92
Transform: AffineTransform_float_3_3
Parameters: 0.999999 -0.00137964 0.00118808 0.00137842 0.999999 0.00107386 -0.00118936 -0.00107194 0.999999 0.0405143 -0.00582158 0.0503248
FixedParameters: 0 0 0

#Transform 93
Transform: AffineTransform_float_3_3
Parameters: 0.999998 -0.00145317 0.00086803 0.00145125 0.999998 0.00116325 -0.000870377 -0.00116204 0.999999 0.0462052 0.0179817 0.0711681
FixedParameters: 0 0 0

#Transform 94
Transform: AffineTransform_float_3_3
Parameters: 0.999999 -0.0013658 0.00119349 0.00136506 0.999999 0.000845354 -0.00119408 -0.00084437 0.999999 0.0449199 -0.0384885 0.0742726
FixedParameters: 0 0 0

#Transform 95
Transform: AffineTransform_float_3_3
Parameters: 0.999998 -0.0014836 0.000742257 0.00148209 0.999998 0.00122661 -0.000743893 -0.0012257 0.999999 0.0486666 0.0117263 0.0898559
FixedParameters: 0 0 0

#Transform 96
Transform: AffineTransform_float_3_3
Parameters: 0.999998 -0.00185828 0.00101125 0.00185612 0.999997 0.00185416 -0.00101434 -0.00185306 0.999998 0.0572528 -0.0272575 0.111782
FixedParameters: 0 0 0

#Transform 97
Transform: AffineTransform_float_3_3
Parameters: 0.999998 -0.00145844 0.000856996 0.00145667 0.999998 0.00121578 -0.000858537 -0.00121458 0.999999 0.0438956 0.112291 0.0678274
FixedParameters: 0 0 0

#Transform 98
Transform: AffineTransform_float_3_3
Parameters: 0.999998 -0.0017477 0.00104419 0.0017461 0.999997 0.00201866 -0.0010477 -0.00201682 0.999997 0.055958 -0.0472442 0.128127
FixedParameters: 0 0 0

#Transform 99
Transform: AffineTransform_float_3_3
Parameters: 0.999998 -0.00146336 0.000827281 0.0014617 0.999998 0.00118973 -0.000828759 -0.00118861 0.999999 0.0475408 -0.0390094 0.0639364
FixedParameters: 0 0 0

#Transform 100
Transform: AffineTransform_float_3_3
Parameters: 0.999998 -0.00171564 0.0010928 0.00171383 0.999997 0.00190352 -0.00109671 -0.0019025 0.999998 0.0336578 0.0244282 0.0900977
FixedParameters: 0 0 0

#Transform 101
Transform: AffineTransform_float_3_3
Parameters: 0.999998 -0.00180161 0.000885071 0.00180002 0.999998 0.00117803 -0.000886444 -0.00117654 0.999999 0.0488575 0.0383337 0.110751
FixedParameters: 0 0 0

#Transform 102
Transform: AffineTransform_float_3_3
Parameters: 0.999998 -0.00190018 0.00103308 0.00189856 0.999996 0.00158687 -0.00103533 -0.0015852 0.999999 0.0403463 -0.0357194 0.095143
FixedParameters: 0 0 0

#Transform 103
Transform: AffineTransform_float_3_3
Parameters: 0.999998 -0.00171785 0.00126289 0.00171622 0.999997 0.00160303 -0.00126579 -0.00160101 0.999998 0.0343095 0.0126954 0.101969
FixedParameters: 0 0 0

#Transform 104
Transform: AffineTransform_float_3_3
Parameters: 0.999997 -0.00190349 0.00101744 0.00190171 0.999996 0.00158631 -0.00102066 -0.0015847 0.999999 0.0512865 -0.0405787 0.11252
FixedParameters: 0 0 0

#Transform 105
Transform: AffineTransform_float_3_3
Parameters: 0.999997 -0.00178359 0.00133659 0.00178141 0.999996 0.00214506 -0.00134075 -0.00214267 0.999997 0.0524571 0.0400879 0.131608
FixedParameters: 0 0 0

#Transform 106
Transform: AffineTransform_float_3_3
Parameters: 0.999998 -0.00176438 0.000852227 0.00176197 0.999996 0.00246807 -0.000856087 -0.0024668 0.999996 0.0564067 0.00876999 0.16206
FixedParameters: 0 0 0

#Transform 107
Transform: AffineTransform_float_3_3
Parameters: 0.999998 -0.00160054 0.00126776 0.00159674 0.999994 0.00296876 -0.00127259 -0.00296615 0.999995 0.0388281 -0.03019 0.181991
FixedParameters: 0 0 0

#Transform 108
Transform: AffineTransform_float_3_3
Parameters: 0.999998 -0.00150138 0.00125057 0.00149793 0.999995 0.00286891 -0.00125452 -0.00286661 0.999995 0.0351103 -0.00380071 0.194556
FixedParameters: 0 0 0

#Transform 109
Transform: AffineTransform_float_3_3
Parameters: 0.999998 -0.00167748 0.00126946 0.0016738 0.999993 0.00336309 -0.00127519 -0.00336033 0.999993 0.0313381 0.0510938 0.220323
FixedParameters: 0 0 0

#Transform 110
Transform: AffineTransform_float_3_3
Parameters: 0.999998 -0.00183353 2.70717e-05 0.00183319 0.999993 0.00303355 -3.26444e-05 -0.00303373 0.999996 0.0542729 0.0577676 0.223891
FixedParameters: 0 0 0

#Transform 111
Transform: AffineTransform_float_3_3
Parameters: 0.999998 -0.0016191 0.000825325 0.00161537 0.999991 0.00393617 -0.00083175 -0.00393486 0.999992 0.0481975 -0.00544474 0.224278
FixedParameters: 0 0 0

#Transform 112
Transform: AffineTransform_float_3_3
Parameters: 0.999998 -0.0019358 3.8123e-05 0.0019365 0.999992 0.00331826 -4.4538e-05 -0.00331844 0.999995 0.0534782 0.0591218 0.241174
FixedParameters: 0 0 0

#Transform 113
Transform: AffineTransform_float_3_3
Parameters: 0.999998 -0.00170581 0.000649792 0.00170316 0.999993 0.00344469 -0.000655246 -0.00344418 0.999994 0.0510622 -0.0135901 0.235282
FixedParameters: 0 0 0

#Transform 114
Transform: AffineTransform_float_3_3
Parameters: 0.999999 -0.00189908 0.000260081 0.00189858 0.999994 0.00296508 -0.000265144 -0.00296443 0.999996 0.0609994 0.0658623 0.172158
FixedParameters: 0 0 0

#Transform 115
Transform: AffineTransform_float_3_3
Parameters: 0.999998 -0.00188642 1.59272e-05 0.00188628 0.999991 0.00364133 -2.29485e-05 -0.00364062 0.999993 0.0506546 -0.0606324 0.217583
FixedParameters: 0 0 0

#Transform 116
Transform: AffineTransform_float_3_3
Parameters: 0.999999 -0.00155238 0.000147208 0.00155203 0.999993 0.00356116 -0.000152681 -0.00356105 0.999994 0.0414992 0.00158128 0.24727
FixedParameters: 0 0 0

#Transform 117
Transform: AffineTransform_float_3_3
Parameters: 0.999998 -0.00154013 0.000730328 0.00153774 0.999993 0.00347953 -0.000735984 -0.00347775 0.999993 0.0314535 0.0749387 0.198097
FixedParameters: 0 0 0

#Transform 118
Transform: AffineTransform_float_3_3
Parameters: 0.999998 -0.00169617 -1.67075e-05 0.0016961 0.999992 0.00344245 1.06559e-05 -0.00344188 0.999994 0.0592443 0.0411566 0.203543
FixedParameters: 0 0 0

#Transform 119
Transform: AffineTransform_float_3_3
Parameters: 0.999998 -0.00166504 -4.16626e-06 0.00166468 0.999995 0.00291959 -9.75928e-07 -0.0029199 0.999996 0.0402779 -0.0194999 0.169762
FixedParameters: 0 0 0

#Transform 120
Transform: AffineTransform_float_3_3
Parameters: 0.999998 -0.00180656 2.82791e-05 0.00180625 0.999995 0.00284454 -3.31535e-05 -0.00284422 0.999995 0.050987 0.015901 0.188135
FixedParameters: 0 0 0

#Transform 121
Transform: AffineTransform_float_3_3
Parameters: 0.999998 -0.00203984 6.76383e-05 0.00203942 0.999993 0.00310721 -7.3897e-05 -0.00310761 0.999995 0.0536041 -0.0187386 0.260902
FixedParameters: 0 0 0

#Transform 122
Transform: AffineTransform_float_3_3
Parameters: 0.999998 -0.00204547 9.01383e-05 0.0020459 0.999994 0.00252938 -9.53797e-05 -0.00252936 0.999997 0.0474955 0.101982 0.192896
FixedParameters: 0 0 0

#Transform 123
Transform: AffineTransform_float_3_3
Parameters: 0.999998 -0.00202824 0.000430919 0.00202707 0.999991 0.00353378 -0.000438975 -0.00353333 0.999994 0.0494287 0.0175182 0.204976
FixedParameters: 0 0 0

#Transform 124
Transform: AffineTransform_float_3_3
Parameters: 0.999998 -0.00203198 0.000205607 0.00203167 0.999994 0.00273121 -0.000211585 -0.00273113 0.999996 0.0704759 -0.0069817 0.181659
FixedParameters: 0 0 0

#Transform 125
Transform: AffineTransform_float_3_3
Parameters: 0.999998 -0.00196196 0.000652762 0.00195971 0.999993 0.00318314 -0.000659194 -0.00318229 0.999994 0.0611295 -0.0385802 0.190225
FixedParameters: 0 0 0

#Transform 126
Transform: AffineTransform_float_3_3
Parameters: 0.999998 -0.00203272 0.000454124 0.00203164 0.999991 0.00370516 -0.000460996 -0.0037041 0.999993 0.0454685 0.0096407 0.210604
FixedParameters: 0 0 0

#Transform 127
Transform: AffineTransform_float_3_3
Parameters: 0.999998 -0.00205018 0.000108786 0.00205062 0.999995 0.00268767 -0.000113716 -0.00268797 0.999996 0.0546933 0.0296886 0.208134
FixedParameters: 0 0 0

#Transform 128
Transform: AffineTransform_float_3_3
Parameters: 0.999998 -0.0017728 0.000798577 0.00177013 0.999993 0.00344929 -0.000804833 -0.00344823 0.999993 0.0401228 -0.0301244 0.223651
FixedParameters: 0 0 0

#Transform 129
Transform: AffineTransform_float_3_3
Parameters: 0.999999 -0.0019051 0.000430267 0.00190342 0.999994 0.00309793 -0.000435853 -0.00309703 0.999995 0.0419692 0.0141547 0.185192
FixedParameters: 0 0 0

#Transform 130
Transform: AffineTransform_float_3_3
Parameters: 0.999998 -0.0019585 0.000638049 0.0019565 0.999994 0.00306374 -0.000643993 -0.00306295 0.999995 0.0519175 -0.0886214 0.208157
FixedParameters: 0 0 0

#Transform 131
Transform: AffineTransform_float_3_3
Parameters: 0.999998 -0.00187195 0.000834715 0.00187003 0.999996 0.00225484 -0.000838352 -0.00225254 0.999997 0.045118 -0.00116487 0.255168
FixedParameters: 0 0 0

#Transform 132
Transform: AffineTransform_float_3_3
Parameters: 0.999998 -0.00198927 0.000278319 0.00198894 0.999996 0.00223443 -0.000282248 -0.00223317 0.999998 0.0443656 0.0655826 0.183207
FixedParameters: 0 0 0

#Transform 133
Transform: AffineTransform_float_3_3
Parameters: 0.999998 -0.001995 0.000146346 0.00199517 0.999997 0.00182409 -0.000149713 -0.00182428 0.999999 0.0480335 0.0245426 0.206156
FixedParameters: 0 0 0

#Transform 134
Transform: AffineTransform_float_3_3
Parameters: 0.999998 -0.001926 0.00037416 0.00192468 0.999994 0.00285183 -0.000380019 -0.00285114 0.999996 0.0308499 -0.0301917 0.219081
FixedParameters: 0 0 0

#Transform 135
Transform: AffineTransform_float_3_3
Parameters: 0.999998 -0.00194128 0.000297634 0.00194101 0.999997 0.00143409 -0.000300421 -0.00143281 0.999999 0.0310815 0.0825084 0.163178
FixedParameters: 0 0 0

#Transform 136
Transform: AffineTransform_float_3_3
Parameters: 0.999998 -0.00201623 0.000267455 0.00201562 0.999995 0.00268355 -0.000273153 -0.00268323 0.999997 0.0405906 0.051215 0.189738
FixedParameters: 0 0 0

#Transform 137
Transform: AffineTransform_float_3_3
Parameters: 0.999998 -0.00196027 0.000148765 0.00196046 0.999998 0.00119792 -0.000150639 -0.00119813 0.999999 0.0340713 0.00073588 0.169043
FixedParameters: 0 0 0

#Transform 138
Transform: AffineTransform_float_3_3
Parameters: 0.999998 -0.00170535 4.06846e-05 0.00170562 0.999995 0.00237009 -4.56042e-05 -0.00237032 0.999997 0.0219991 0.0326104 0.199387
FixedParameters: 0 0 0

#Transform 139
Transform: AffineTransform_float_3_3
Parameters: 0.999999 -0.00178868 0.000260993 0.00178841 0.999997 0.00155154 -0.00026372 -0.00155139 0.999998 0.025688 0.0731181 0.199558
FixedParameters: 0 0 0

#Transform 140
Transform: AffineTransform_float_3_3
Parameters: 0.999998 -0.0018166 0.000233091 0.00181626 0.999996 0.00247511 -0.000236961 -0.00247502 0.999997 0.032586 0.0191539 0.18367
FixedParameters: 0 0 0

#Transform 141
Transform: AffineTransform_float_3_3
Parameters: 0.999998 -0.00202643 -0.000229219 0.0020273 0.999997 0.000927442 0.000227251 -0.000927849 1 0.0313112 0.0471981 0.144911
FixedParameters: 0 0 0

#Transform 142
Transform: AffineTransform_float_3_3
Parameters: 0.999998 -0.00189726 0.000487094 0.00189646 0.999997 0.00136918 -0.000489463 -0.00136812 0.999999 0.0262072 0.048715 0.171385
FixedParameters: 0 0 0

#Transform 143
Transform: AffineTransform_float_3_3
Parameters: 0.999998 -0.00197658 -0.000221432 0.00197681 0.999998 3.85943e-05 0.000221995 -3.93717e-05 1 0.0315087 0.0269683 0.137188
FixedParameters: 0 0 0

#Transform 144
Transform: AffineTransform_float_3_3
Parameters: 0.999998 -0.00164952 3.4071e-05 0.00164902 0.999998 0.00130311 -3.52363e-05 -0.00130331 0.999999 0.017877 -0.0132102 0.198306
FixedParameters: 0 0 0

#Transform 145
Transform: AffineTransform_float_3_3
Parameters: 0.999999 -0.00147842 0.000529899 0.00147773 0.999997 0.00205549 -0.000533134 -0.00205436 0.999997 -0.00344715 -0.013994 0.229041
FixedParameters: 0 0 0

#Transform 146
Transform: AffineTransform_float_3_3
Parameters: 0.999999 -0.00155804 -0.000177595 0.0015579 0.999998 0.00121831 0.000175917 -0.00121827 0.999999 0.0212247 0.035009 0.221156
FixedParameters: 0 0 0

#Transform 147
Transform: AffineTransform_float_3_3
Parameters: 0.999998 -0.00165862 0.000306498 0.00165814 0.999998 0.00159743 -0.000308855 -0.00159719 0.999998 0.0156944 -0.0282672 0.194911
FixedParameters: 0 0 0

#Transform 148
Transform: AffineTransform_float_3_3
Parameters: 0.999998 -0.00180103 0.000328656 0.00180036 0.999996 0.00181619 -0.000332149 -0.00181537 0.999998 0.017976 0.0387807 0.17649
FixedParameters: 0 0 0

#Transform 149
Transform: AffineTransform_float_3_3
Parameters: 1 -0.00113104 0.00021651 0.00113093 0.999999 0.000683896 -0.00021719 -0.000683806 0.999999 -0.0252484 -0.0463952 0.208482
FixedParameters: 0 0 0
