# transform file /out/sourcedata/freesurfer/sub-v1s17x0050268_ses-1/mri/transforms/cc_up.lta
# created by oesteban on Thu Mar 12 13:27:56 2026

type      = 0 # LINEAR_VOX_TO_VOX
nxforms   = 1
mean      = 129.0000 119.0000 104.0000
sigma     = 10000.0000
1 4 4
9.941067099571228e-01 -1.054979488253593e-01 2.494431287050247e-02 1.060123538970947e+01 
1.054647490382195e-01 9.944196343421936e-01 2.646340988576412e-03 1.387229347229004e+01 
-2.508429437875748e-02 0.000000000000000e+00 9.996854662895203e-01 3.322558212280273e+01 
0.000000000000000e+00 0.000000000000000e+00 0.000000000000000e+00 1.000000000000000e+00 
src volume info
valid = 1  # volume info valid
filename = /out/sourcedata/freesurfer/sub-v1s17x0050268_ses-1/mri/norm.mgz
volume = 256 256 256
voxelsize = 1.000000000000000e+00 1.000000000000000e+00 1.000000000000000e+00
xras   = -9.999998211860657e-01 -7.421476766467094e-10 0.000000000000000e+00
yras   = 0.000000000000000e+00 2.328306436538696e-10 -9.999998807907104e-01
zras   = -2.968590706586838e-09 9.999998807907104e-01 2.328306436538696e-10
cras   = -1.035903930664062e+00 5.820137023925781e+00 -1.074143218994141e+01
dst volume info
valid = 1  # volume info valid
filename = /out/sourcedata/freesurfer/sub-v1s17x0050268_ses-1/mri/norm.mgz
volume = 256 256 256
voxelsize = 1.000000000000000e+00 1.000000000000000e+00 1.000000000000000e+00
xras   = -9.999998211860657e-01 -7.421476766467094e-10 0.000000000000000e+00
yras   = 0.000000000000000e+00 2.328306436538696e-10 -9.999998807907104e-01
zras   = -2.968590706586838e-09 9.999998807907104e-01 2.328306436538696e-10
cras   = -1.035903930664062e+00 5.820137023925781e+00 -1.074143218994141e+01
