# transform file transforms/talairach.lta
# created by oesteban on Thu Mar 12 12:00:20 2026

type      = 0 # LINEAR_VOX_TO_VOX
nxforms   = 1
mean      = 130.0000 120.0000 104.0000
sigma     = 10000.0000
1 4 4
1.016320347785950e+00 -1.119868382811546e-01 -2.686678804457188e-02 1.205007076263428e+01 
1.018015518784523e-01 1.168098330497742e+00 2.309591919183731e-01 -4.938810729980469e+01 
1.483752205967903e-02 -1.696410328149796e-01 9.705616235733032e-01 2.754900741577148e+01 
0.000000000000000e+00 0.000000000000000e+00 0.000000000000000e+00 1.000000000000000e+00 
src volume info
valid = 1  # volume info valid
filename = nu.mgz
volume = 256 256 256
voxelsize = 1.000000000000000e+00 1.000000000000000e+00 1.000000000000000e+00
xras   = -9.999998211860657e-01 -7.421476766467094e-10 0.000000000000000e+00
yras   = 0.000000000000000e+00 2.328306436538696e-10 -9.999998807907104e-01
zras   = -2.968590706586838e-09 9.999998807907104e-01 2.328306436538696e-10
cras   = -1.035903930664062e+00 5.820137023925781e+00 -1.074143218994141e+01
dst volume info
valid = 1  # volume info valid
filename = /opt/freesurfer/average/RB_all_2020-01-02.gca
volume = 256 256 256
voxelsize = 1.000000000000000e+00 1.000000000000000e+00 1.000000000000000e+00
xras   = -1.000000000000000e+00 0.000000000000000e+00 0.000000000000000e+00
yras   = 0.000000000000000e+00 0.000000000000000e+00 -1.000000000000000e+00
zras   = 0.000000000000000e+00 1.000000000000000e+00 0.000000000000000e+00
cras   = 0.000000000000000e+00 0.000000000000000e+00 0.000000000000000e+00
