type      = 0 # LINEAR_VOX_TO_VOX
nxforms   = 1
mean      = 0.0000 0.0000 0.0000
sigma     = 1.0000
1 4 4
1.117135763168335e+00 -9.779798239469528e-02 1.950600184500217e-02 -6.473724365234375e+00 
7.492298632860184e-02 1.194294929504395e+00 3.512879610061646e-01 -5.969691467285156e+01 
-9.155198186635971e-02 -3.664349615573883e-01 1.028428912162781e+00 5.911780548095703e+01 
0.000000000000000e+00 0.000000000000000e+00 0.000000000000000e+00 1.000000000000000e+00 
src volume info
valid = 1  # volume info valid
filename = /out/sourcedata/freesurfer/sub-v1s17x0050268_ses-1/mri/orig.mgz
volume = 256 256 256
voxelsize = 1.000000000000000e+00 1.000000000000000e+00 1.000000000000000e+00
xras   = -9.999998211860657e-01 -7.421476766467094e-10 0.000000000000000e+00
yras   = 0.000000000000000e+00 2.328306436538696e-10 -9.999998807907104e-01
zras   = -2.968590706586838e-09 9.999998807907104e-01 2.328306436538696e-10
cras   = -1.035903930664062e+00 5.820137023925781e+00 -1.074143218994141e+01
dst volume info
valid = 1  # volume info valid
filename = /opt/freesurfer/average/mni305.cor.mgz
volume = 256 256 256
voxelsize = 1.000000000000000e+00 1.000000000000000e+00 1.000000000000000e+00
xras   = -1.000000000000000e+00 0.000000000000000e+00 0.000000000000000e+00
yras   = 0.000000000000000e+00 0.000000000000000e+00 -1.000000000000000e+00
zras   = 0.000000000000000e+00 1.000000000000000e+00 0.000000000000000e+00
cras   = 0.000000000000000e+00 0.000000000000000e+00 0.000000000000000e+00
subject fsaverage
fscale 0.100000
