type      = 1 # LINEAR_RAS_TO_RAS
nxforms   = 1
mean      = 0.0000 0.0000 0.0000
sigma     = 1.0000
1 4 4
1.117136001586914e+00 -1.950599998235703e-02 -9.779799729585648e-02 1.722000002861023e+00 
9.155199676752090e-02 1.028429031372070e+00 3.664349913597107e-01 2.179656982421875e+00 
7.492300122976303e-02 -3.512879908084869e-01 1.194295048713684e+00 -4.777236938476562e+00 
0.000000000000000e+00 0.000000000000000e+00 0.000000000000000e+00 1.000000000000000e+00 
src volume info
valid = 1  # volume info valid
filename = /out/sourcedata/freesurfer/sub-v1s17x0050268_ses-1/mri/orig_nu.mgz
volume = 256 256 256
voxelsize = 1.000000000000000e+00 1.000000000000000e+00 1.000000000000000e+00
xras   = -9.999998211860657e-01 -7.421476766467094e-10 0.000000000000000e+00
yras   = 0.000000000000000e+00 2.328306436538696e-10 -9.999998807907104e-01
zras   = -2.968590706586838e-09 9.999998807907104e-01 2.328306436538696e-10
cras   = -1.035903930664062e+00 5.820137023925781e+00 -1.074143218994141e+01
dst volume info
valid = 1  # volume info valid
filename = /opt/freesurfer/average/mni305.cor.mgz
volume = 256 256 256
voxelsize = 1.000000000000000e+00 1.000000000000000e+00 1.000000000000000e+00
xras   = -1.000000000000000e+00 0.000000000000000e+00 0.000000000000000e+00
yras   = 0.000000000000000e+00 0.000000000000000e+00 -1.000000000000000e+00
zras   = 0.000000000000000e+00 1.000000000000000e+00 0.000000000000000e+00
cras   = 0.000000000000000e+00 0.000000000000000e+00 0.000000000000000e+00
subject fsaverage
fscale 0.100000
