#Insight Transform File V1.0
#Transform 0
Transform: AffineTransform_float_3_3
Parameters: 1 0.000387795 -0.000392303 -0.000387553 1 0.00100514 0.000392218 -0.00100489 1 -0.0316833 -0.0280761 0.0332888
FixedParameters: 0 0 0

#Transform 1
Transform: AffineTransform_float_3_3
Parameters: 1 0.000446426 -0.000259332 -0.000446052 0.999999 0.000721256 0.000259975 -0.000721024 0.999999 -0.033696 -0.0284479 0.0275936
FixedParameters: 0 0 0

#Transform 2
Transform: AffineTransform_float_3_3
Parameters: 1 0.000281019 -0.000603117 -0.000281059 1 -3.30362e-05 0.000603098 3.33752e-05 1 -0.0318685 0.0259258 -0.0339093
FixedParameters: 0 0 0

#Transform 3
Transform: AffineTransform_float_3_3
Parameters: 1 0.000283519 -0.000617789 -0.000283799 1 0.000943322 0.000617875 -0.000942973 1 -0.0288467 6.49424e-05 0.0257068
FixedParameters: 0 0 0

#Transform 4
Transform: AffineTransform_float_3_3
Parameters: 1 0.000274417 -0.000432532 -0.000274184 1 0.000269483 0.00043268 -0.000269246 1 -0.0276836 0.0109892 0.0073264
FixedParameters: 0 0 0

#Transform 5
Transform: AffineTransform_float_3_3
Parameters: 1 8.22064e-05 -0.000537796 -8.18572e-05 1 0.000324754 0.000537849 -0.000324666 1 -0.0241385 -0.019598 0.0167998
FixedParameters: 0 0 0

#Transform 6
Transform: AffineTransform_float_3_3
Parameters: 1 0.000324843 -0.000343465 -0.000325114 1 0.000213154 0.000342697 -0.000212981 1 -0.0228066 0.000798073 0.00676674
FixedParameters: 0 0 0

#Transform 7
Transform: AffineTransform_float_3_3
Parameters: 1 -3.1622e-05 -0.000693164 3.1738e-05 0.999999 0.000732246 0.000693533 -0.000732245 0.999999 -0.0160636 -0.0145997 0.000638661
FixedParameters: 0 0 0

#Transform 8
Transform: AffineTransform_float_3_3
Parameters: 1 0.000409295 -9.44955e-05 -0.000409243 1 0.000275046 9.47206e-05 -0.000274968 1 -0.0241096 -0.0212185 0.00783915
FixedParameters: 0 0 0

#Transform 9
Transform: AffineTransform_float_3_3
Parameters: 1 -1.18335e-05 -0.000446558 1.19639e-05 1 -0.000320839 0.000447472 0.000320878 1 -0.00349953 -0.000667083 -0.0146158
FixedParameters: 0 0 0

#Transform 10
Transform: AffineTransform_float_3_3
Parameters: 1 0.000437661 -8.03219e-05 -0.000437979 0.999999 0.000623345 7.99616e-05 -0.000623325 1 -0.0173316 -0.0303402 0.0308558
FixedParameters: 0 0 0

#Transform 11
Transform: AffineTransform_float_3_3
Parameters: 1 0.000312299 -0.000358717 -0.000312171 1 0.000931165 0.000358449 -0.000931749 0.999999 -0.00781578 -0.0398576 0.0501467
FixedParameters: 0 0 0

#Transform 12
Transform: AffineTransform_float_3_3
Parameters: 1 0.00012714 0.00022689 -0.000127223 1 0.000182682 -0.000226843 -0.00018274 1 -0.00678063 -0.0202039 0.0255778
FixedParameters: 0 0 0

#Transform 13
Transform: AffineTransform_float_3_3
Parameters: 1 0.00019227 0.000371648 -0.000192269 1 -1.08294e-06 -0.000371648 9.40029e-07 1 -0.00713913 0.0248731 -0.0061043
FixedParameters: 0 0 0

#Transform 14
Transform: AffineTransform_float_3_3
Parameters: 1 0.000269576 0.000527881 -0.000270236 1 0.000624978 -0.000527544 -0.000625263 0.999999 -0.0099055 -0.0333312 0.0346994
FixedParameters: 0 0 0

#Transform 15
Transform: AffineTransform_float_3_3
Parameters: 1 6.65168e-06 -3.66487e-05 -6.63054e-06 1 0.000288435 3.66525e-05 -0.000288435 1 -0.0198607 -0.000621586 0.0172234
FixedParameters: 0 0 0

#Transform 16
Transform: AffineTransform_float_3_3
Parameters: 1 0.000267738 0.000268796 -0.000267846 1 0.000201301 -0.000268688 -0.000201445 1 -0.0169556 -0.0217658 0.0204112
FixedParameters: 0 0 0

#Transform 17
Transform: AffineTransform_float_3_3
Parameters: 1 0.00019686 0.000159834 -0.000196974 1 0.000355188 -0.000159694 -0.000355251 1 -0.012406 -0.0117932 0.0146777
FixedParameters: 0 0 0

#Transform 18
Transform: AffineTransform_float_3_3
Parameters: 1 -8.08177e-05 -0.000474312 8.12757e-05 1 0.00048276 0.000474234 -0.000482837 1 0.00407903 -0.010641 0.0224835
FixedParameters: 0 0 0

#Transform 19
Transform: AffineTransform_float_3_3
Parameters: 1 5.76243e-05 7.06697e-05 -5.76891e-05 1 0.000458811 -7.06168e-05 -0.000458819 1 0.00305481 -0.06115 0.039053
FixedParameters: 0 0 0

#Transform 20
Transform: AffineTransform_float_3_3
Parameters: 1 -0.000176482 -0.000441302 0.00017704 1 0.000632217 0.000441079 -0.000632373 0.999999 0.00626619 -0.0143572 0.0244771
FixedParameters: 0 0 0

#Transform 21
Transform: AffineTransform_float_3_3
Parameters: 1 -0.000418184 -0.00030713 0.000418803 1 0.000327116 0.000307762 -0.000327324 1 0.0078916 0.0326758 0.00787322
FixedParameters: 0 0 0

#Transform 22
Transform: AffineTransform_float_3_3
Parameters: 1 -0.000179315 -0.000450372 0.00018001 0.999999 0.000771891 0.000450094 -0.000772053 0.999999 0.00535244 0.0051307 0.0417061
FixedParameters: 0 0 0

#Transform 23
Transform: AffineTransform_float_3_3
Parameters: 1 -5.76709e-05 0.000340992 5.78047e-05 1 -0.00014431 -0.000340917 0.000143702 1 -0.00232995 0.0417276 0.00549472
FixedParameters: 0 0 0

#Transform 24
Transform: AffineTransform_float_3_3
Parameters: 1 0.000214209 0.000410874 -0.000214578 1 0.000448923 -0.000410681 -0.000449099 1 -0.00654883 0.0158137 0.0344569
FixedParameters: 0 0 0

#Transform 25
Transform: AffineTransform_float_3_3
Parameters: 1 5.93306e-05 0.000500093 -5.90073e-05 1 -0.000323245 -0.000500131 0.000323186 1 -0.00376534 0.0278603 0.0381971
FixedParameters: 0 0 0

#Transform 26
Transform: AffineTransform_float_3_3
Parameters: 1 0.000185775 0.000358499 -0.000185738 1 -5.11772e-05 -0.000358518 5.1044e-05 1 -0.0058624 0.020673 0.030674
FixedParameters: 0 0 0

#Transform 27
Transform: AffineTransform_float_3_3
Parameters: 1 0.00016889 0.000315057 -0.000169087 1 0.000311514 -0.000314952 -0.00031162 1 -0.00189626 -0.0222251 0.0763239
FixedParameters: 0 0 0

#Transform 28
Transform: AffineTransform_float_3_3
Parameters: 1 -0.000189714 0.000652716 0.00019069 0.999999 -0.000721154 -0.000652384 0.000720755 0.999999 0.000426018 0.0393524 0.0266429
FixedParameters: 0 0 0

#Transform 29
Transform: AffineTransform_float_3_3
Parameters: 1 -0.000267035 0.000471954 0.000267046 1 -1.19539e-05 -0.000471947 1.2206e-05 1 0.00268328 0.0370689 0.0421392
FixedParameters: 0 0 0

#Transform 30
Transform: AffineTransform_float_3_3
Parameters: 1 -1.25045e-05 0.00015992 1.23984e-05 1 0.000331838 -0.000159929 -0.000331834 1 -0.00874605 -0.00343919 0.0719938
FixedParameters: 0 0 0

#Transform 31
Transform: AffineTransform_float_3_3
Parameters: 1 0.000205028 0.000105926 -0.000205076 1 0.000227592 -0.000105833 -0.000227636 1 -0.00448344 0.0104027 0.0594174
FixedParameters: 0 0 0

#Transform 32
Transform: AffineTransform_float_3_3
Parameters: 1 -0.000286382 0.00044348 0.000287022 0.999999 -0.000721847 -0.000443066 0.000722102 0.999999 0.00503788 0.0186482 0.0484114
FixedParameters: 0 0 0

#Transform 33
Transform: AffineTransform_float_3_3
Parameters: 1 9.66762e-05 0.000186136 -9.68086e-05 1 0.000355828 -0.000186067 -0.000355864 1 -0.00110833 -0.00602404 0.0696636
FixedParameters: 0 0 0

#Transform 34
Transform: AffineTransform_float_3_3
Parameters: 1 9.47902e-05 0.000283007 -9.46894e-05 1 -0.000178193 -0.00028304 0.000178139 1 -0.00166723 0.0050805 0.0758957
FixedParameters: 0 0 0

#Transform 35
Transform: AffineTransform_float_3_3
Parameters: 1 0.000440175 -6.1259e-06 -0.000439762 1 -0.000337043 6.73547e-06 0.000337099 1 -0.0100672 0.0241677 0.0427869
FixedParameters: 0 0 0

#Transform 36
Transform: AffineTransform_float_3_3
Parameters: 1 0.000536139 5.73289e-05 -0.000535647 0.999999 -0.000645688 -5.71147e-05 0.000645676 1 -0.00840459 -0.0198527 0.0855917
FixedParameters: 0 0 0

#Transform 37
Transform: AffineTransform_float_3_3
Parameters: 1 0.000400121 -0.000110607 -0.000400527 0.999999 -0.00125767 0.000109641 0.00125776 0.999999 -0.00799435 0.0224429 0.0519732
FixedParameters: 0 0 0

#Transform 38
Transform: AffineTransform_float_3_3
Parameters: 1 0.000117024 0.000248748 -0.000116719 1 -0.000612946 -0.000248891 0.000612888 1 -0.00288539 0.0199505 0.063696
FixedParameters: 0 0 0

#Transform 39
Transform: AffineTransform_float_3_3
Parameters: 1 0.000485392 9.88025e-06 -0.000484974 1 -4.44139e-05 -9.0172e-06 4.44547e-05 1 -0.00748492 -0.0183351 0.0926671
FixedParameters: 0 0 0

#Transform 40
Transform: AffineTransform_float_3_3
Parameters: 1 0.000415556 -0.000181987 -0.000415709 1 -0.000418015 0.000181639 0.000418166 1 -0.00391336 -0.0453706 0.0716107
FixedParameters: 0 0 0

#Transform 41
Transform: AffineTransform_float_3_3
Parameters: 1 0.000624128 -0.000163692 -0.000623941 0.999999 -0.000701126 0.000163723 0.00070138 0.999999 -0.0124966 0.00988333 0.0408371
FixedParameters: 0 0 0

#Transform 42
Transform: AffineTransform_float_3_3
Parameters: 1 0.000686537 -3.46397e-05 -0.000686734 1 -0.00100124 3.3306e-05 0.00100129 1 -0.0138419 0.00969216 0.0526135
FixedParameters: 0 0 0

#Transform 43
Transform: AffineTransform_float_3_3
Parameters: 0.999999 0.000506559 -0.000419822 -0.000506349 0.999999 -0.00120799 0.000419188 0.00120777 1 -0.00739599 -0.00503019 0.0645758
FixedParameters: 0 0 0

#Transform 44
Transform: AffineTransform_float_3_3
Parameters: 1 -2.41901e-05 -0.000161822 2.37085e-05 1 -0.00108946 0.000161915 0.00108946 1 0.0135638 -0.0115136 0.0559306
FixedParameters: 0 0 0

#Transform 45
Transform: AffineTransform_float_3_3
Parameters: 1 0.000400961 -8.47698e-05 -0.000401032 1 -0.000417079 8.44353e-05 0.000417146 1 -0.00784043 0.0184358 0.0756865
FixedParameters: 0 0 0

#Transform 46
Transform: AffineTransform_float_3_3
Parameters: 1 4.15278e-05 -2.22054e-05 -4.15708e-05 0.999999 -0.000969802 2.21248e-05 0.000969804 0.999999 -0.00265159 0.0585173 0.067732
FixedParameters: 0 0 0

#Transform 47
Transform: AffineTransform_float_3_3
Parameters: 1 0.000336366 -0.000499339 -0.000336656 1 -0.00028977 0.000499144 0.000290106 1 -0.00356545 -0.0130418 0.0580152
FixedParameters: 0 0 0

#Transform 48
Transform: AffineTransform_float_3_3
Parameters: 1 0.000368876 -0.00036647 -0.00036945 0.999999 -0.000782666 0.000365892 0.000782937 0.999999 -0.00321909 -0.0249172 0.0805703
FixedParameters: 0 0 0

#Transform 49
Transform: AffineTransform_float_3_3
Parameters: 0.999999 0.00073177 -0.000128579 -0.000731818 0.999999 -0.00131501 0.000127602 0.00131525 0.999999 -0.0143273 0.0103651 0.0520154
FixedParameters: 0 0 0

#Transform 50
Transform: AffineTransform_float_3_3
Parameters: 0.999999 0.00136279 -0.0010915 -0.00136486 0.999997 -0.00189216 0.00108876 0.00189384 0.999998 -0.0229125 -0.017642 0.0485499
FixedParameters: 0 0 0

#Transform 51
Transform: AffineTransform_float_3_3
Parameters: 0.999999 0.000913341 -0.00104931 -0.000915968 0.999997 -0.00217158 0.00104777 0.00217296 0.999998 -0.0155598 0.028282 0.0685281
FixedParameters: 0 0 0

#Transform 52
Transform: AffineTransform_float_3_3
Parameters: 0.999998 0.000967463 -0.00119682 -0.000970257 0.999995 -0.00281244 0.00119404 0.00281278 0.999996 -0.020722 0.0273694 0.021282
FixedParameters: 0 0 0

#Transform 53
Transform: AffineTransform_float_3_3
Parameters: 0.999999 0.000932844 -0.00101067 -0.00093538 0.999998 -0.0020077 0.00100847 0.00200824 0.999997 -0.00951408 -0.0188639 0.078523
FixedParameters: 0 0 0

#Transform 54
Transform: AffineTransform_float_3_3
Parameters: 1 0.000504527 -0.000926266 -0.000506144 0.999996 -0.00279728 0.000925033 0.00279824 0.999995 -0.00710281 0.0187105 0.019259
FixedParameters: 0 0 0

#Transform 55
Transform: AffineTransform_float_3_3
Parameters: 0.999999 0.000803849 -0.00121211 -0.000806525 0.999997 -0.00259033 0.00120959 0.00259165 0.999996 -0.0137849 0.0369492 0.0348068
FixedParameters: 0 0 0

#Transform 56
Transform: AffineTransform_float_3_3
Parameters: 0.999998 0.00116987 -0.0014564 -0.00117428 0.999994 -0.00315218 0.0014535 0.00315371 0.999994 -0.0161035 -0.0164536 0.0847838
FixedParameters: 0 0 0

#Transform 57
Transform: AffineTransform_float_3_3
Parameters: 0.999999 0.000930188 -0.00136144 -0.00093534 0.999993 -0.00372879 0.00135773 0.00372935 0.999992 -0.0164669 0.0514937 0.0163333
FixedParameters: 0 0 0

#Transform 58
Transform: AffineTransform_float_3_3
Parameters: 0.999998 0.00140257 -0.00173686 -0.00140734 0.999995 -0.00312602 0.00173306 0.00312826 0.999993 -0.032533 0.00649509 0.0486514
FixedParameters: 0 0 0

#Transform 59
Transform: AffineTransform_float_3_3
Parameters: 0.999999 0.00103315 -0.00105469 -0.00103567 0.999995 -0.00317996 0.00105168 0.00318086 0.999994 -0.0192093 0.0412167 0.0295168
FixedParameters: 0 0 0

#Transform 60
Transform: AffineTransform_float_3_3
Parameters: 0.999999 0.000901002 -0.00107592 -0.000904944 0.999995 -0.00316716 0.00107327 0.00316781 0.999994 -0.0376834 0.00196782 0.0398005
FixedParameters: 0 0 0

#Transform 61
Transform: AffineTransform_float_3_3
Parameters: 0.999999 0.000899253 -0.00108911 -0.000902499 0.999996 -0.00273268 0.00108625 0.00273406 0.999996 -0.0211643 -0.00285494 0.0507551
FixedParameters: 0 0 0

#Transform 62
Transform: AffineTransform_float_3_3
Parameters: 0.999999 0.000894484 -0.00110444 -0.000897278 0.999997 -0.00249261 0.00110206 0.00249325 0.999996 -0.0210028 -0.0215798 0.027562
FixedParameters: 0 0 0

#Transform 63
Transform: AffineTransform_float_3_3
Parameters: 0.999999 0.000771369 -0.00110883 -0.000775502 0.999995 -0.00302541 0.00110626 0.00302654 0.999995 -0.0246288 -0.024198 0.00678854
FixedParameters: 0 0 0

#Transform 64
Transform: AffineTransform_float_3_3
Parameters: 0.999999 0.000918316 -0.00103513 -0.000921455 0.999994 -0.0033362 0.00103164 0.00333753 0.999994 -0.0236058 0.00716263 -0.0143703
FixedParameters: 0 0 0

#Transform 65
Transform: AffineTransform_float_3_3
Parameters: 0.999998 0.000799326 -0.00130209 -0.000802756 0.999996 -0.0028279 0.00130023 0.002828 0.999995 -0.0237935 0.00694986 -0.0117366
FixedParameters: 0 0 0

#Transform 66
Transform: AffineTransform_float_3_3
Parameters: 0.999999 0.000921208 -0.0010436 -0.000923615 0.999996 -0.00264813 0.00104168 0.00264952 0.999996 -0.0324397 0.0172477 -0.0138992
FixedParameters: 0 0 0

#Transform 67
Transform: AffineTransform_float_3_3
Parameters: 0.999999 0.000878889 -0.00112653 -0.000881821 0.999995 -0.0030292 0.00112379 0.00303061 0.999995 -0.0225698 -0.0502995 0.0308696
FixedParameters: 0 0 0

#Transform 68
Transform: AffineTransform_float_3_3
Parameters: 0.999999 0.000892977 -0.00109138 -0.000896302 0.999994 -0.00325253 0.00108821 0.00325315 0.999994 -0.0279065 -0.0411045 0.027821
FixedParameters: 0 0 0

#Transform 69
Transform: AffineTransform_float_3_3
Parameters: 0.999999 0.000687292 -0.00101383 -0.000689827 0.999994 -0.00316954 0.00101206 0.00317036 0.999994 -0.00660384 -0.0418322 0.0230625
FixedParameters: 0 0 0

#Transform 70
Transform: AffineTransform_float_3_3
Parameters: 0.999998 0.000774899 -0.00168026 -0.000776899 0.999999 -0.00104616 0.00167919 0.00104748 0.999998 -0.00588072 -0.0639395 0.0500176
FixedParameters: 0 0 0

#Transform 71
Transform: AffineTransform_float_3_3
Parameters: 0.999999 0.000774198 -0.00113349 -0.000776914 0.999996 -0.00291809 0.00113158 0.00291851 0.999995 -0.0303341 -0.00591455 0.0544664
FixedParameters: 0 0 0

#Transform 72
Transform: AffineTransform_float_3_3
Parameters: 0.999999 0.000766548 -0.00119069 -0.000770468 0.999995 -0.00279705 0.00118852 0.00279765 0.999995 -0.028509 0.0430726 0.0289124
FixedParameters: 0 0 0

#Transform 73
Transform: AffineTransform_float_3_3
Parameters: 0.999999 0.00086091 -0.000990808 -0.000863434 0.999996 -0.00263906 0.000988325 0.00264019 0.999996 -0.0316953 0.040036 0.0266359
FixedParameters: 0 0 0

#Transform 74
Transform: AffineTransform_float_3_3
Parameters: 0.999999 0.000705132 -0.00133365 -0.000708429 0.999997 -0.00231045 0.00133247 0.0023111 0.999997 -0.0175362 0.0241694 0.0543273
FixedParameters: 0 0 0

#Transform 75
Transform: AffineTransform_float_3_3
Parameters: 0.999999 0.000782737 -0.00116998 -0.000785815 0.999998 -0.00214007 0.00116907 0.00214136 0.999997 -0.0274615 0.0144755 0.0788154
FixedParameters: 0 0 0

#Transform 76
Transform: AffineTransform_float_3_3
Parameters: 0.999998 0.00107967 -0.00146971 -0.00108366 0.999996 -0.00274112 0.00146641 0.00274231 0.999995 -0.0306248 0.0167986 0.0573762
FixedParameters: 0 0 0

#Transform 77
Transform: AffineTransform_float_3_3
Parameters: 0.999999 0.000816195 -0.00109766 -0.00081898 0.999997 -0.00214774 0.00109659 0.00214899 0.999998 -0.0189382 -0.0151043 0.0859735
FixedParameters: 0 0 0

#Transform 78
Transform: AffineTransform_float_3_3
Parameters: 0.999999 0.00130838 -0.00125903 -0.00131106 0.999997 -0.00188494 0.0012565 0.00188693 0.999997 -0.0352448 -0.032872 0.0926395
FixedParameters: 0 0 0

#Transform 79
Transform: AffineTransform_float_3_3
Parameters: 0.999998 0.0011358 -0.00156889 -0.00113961 0.999997 -0.00212978 0.00156614 0.00213136 0.999997 -0.0320441 -0.022216 0.122851
FixedParameters: 0 0 0

#Transform 80
Transform: AffineTransform_float_3_3
Parameters: 0.999998 0.000765214 -0.00132528 -0.000768004 0.999997 -0.00241438 0.00132324 0.00241503 0.999996 -0.0249312 0.0226964 0.0778651
FixedParameters: 0 0 0

#Transform 81
Transform: AffineTransform_float_3_3
Parameters: 0.999999 0.000704323 -0.0013372 -0.000707449 0.999997 -0.00222668 0.00133608 0.00222798 0.999997 -0.0272471 0.0288827 0.0970745
FixedParameters: 0 0 0

#Transform 82
Transform: AffineTransform_float_3_3
Parameters: 0.999998 0.00109851 -0.0014817 -0.00110177 0.999996 -0.00251358 0.00147875 0.00251561 0.999996 -0.029956 0.00406161 0.107581
FixedParameters: 0 0 0

#Transform 83
Transform: AffineTransform_float_3_3
Parameters: 0.999998 0.000816985 -0.0013996 -0.000819652 0.999997 -0.0022853 0.00139747 0.00228696 0.999996 -0.0255645 -0.0352024 0.108069
FixedParameters: 0 0 0

#Transform 84
Transform: AffineTransform_float_3_3
Parameters: 0.999999 0.000770904 -0.00118753 -0.000774145 0.999997 -0.00250566 0.00118574 0.00250615 0.999996 -0.0208869 -0.0140733 0.104795
FixedParameters: 0 0 0

#Transform 85
Transform: AffineTransform_float_3_3
Parameters: 0.999998 0.00107645 -0.00119822 -0.0010793 0.999997 -0.00232018 0.0011953 0.00232142 0.999997 -0.0399241 -0.0367417 0.140383
FixedParameters: 0 0 0

#Transform 86
Transform: AffineTransform_float_3_3
Parameters: 0.999998 0.0012731 -0.00151713 -0.00127823 0.999994 -0.00312965 0.00151272 0.00313158 0.999994 -0.037252 -5.19205e-05 0.10989
FixedParameters: 0 0 0

#Transform 87
Transform: AffineTransform_float_3_3
Parameters: 0.999998 0.00111369 -0.00151798 -0.00111788 0.999996 -0.00272037 0.00151454 0.00272177 0.999995 -0.0429069 0.00924673 0.0963258
FixedParameters: 0 0 0

#Transform 88
Transform: AffineTransform_float_3_3
Parameters: 0.999998 0.00126993 -0.00178606 -0.00127483 0.999996 -0.00266171 0.00178278 0.00266432 0.999995 -0.040827 -0.00585519 0.137792
FixedParameters: 0 0 0

#Transform 89
Transform: AffineTransform_float_3_3
Parameters: 0.999998 0.000869127 -0.00172292 -0.000875949 0.999992 -0.00380998 0.00171999 0.00381178 0.999991 -0.0346463 0.0635349 0.0606042
FixedParameters: 0 0 0

#Transform 90
Transform: AffineTransform_float_3_3
Parameters: 0.999998 0.00081126 -0.00184281 -0.000818908 0.999992 -0.00399536 0.00183964 0.00399711 0.99999 -0.0472344 -0.0030192 0.117529
FixedParameters: 0 0 0

#Transform 91
Transform: AffineTransform_float_3_3
Parameters: 0.999997 0.000650225 -0.00216917 -0.000661084 0.999988 -0.00480016 0.00216601 0.00480178 0.999986 -0.0457353 0.0160893 0.0989317
FixedParameters: 0 0 0

#Transform 92
Transform: AffineTransform_float_3_3
Parameters: 0.999997 0.000520962 -0.0024369 -0.000533175 0.999987 -0.005171 0.00243433 0.00517161 0.999984 -0.0448859 0.0319448 0.0606571
FixedParameters: 0 0 0

#Transform 93
Transform: AffineTransform_float_3_3
Parameters: 0.999997 0.000622205 -0.00223425 -0.000632634 0.999989 -0.00459251 0.00223158 0.00459409 0.999987 -0.0395052 -0.0121705 0.0911555
FixedParameters: 0 0 0

#Transform 94
Transform: AffineTransform_float_3_3
Parameters: 0.999998 0.00066858 -0.00183502 -0.000678413 0.999987 -0.00507017 0.00183176 0.00507211 0.999985 -0.0449249 0.0319631 0.0562854
FixedParameters: 0 0 0

#Transform 95
Transform: AffineTransform_float_3_3
Parameters: 0.999998 0.000324355 -0.00186278 -0.000332356 0.999991 -0.00409422 0.00186114 0.00409556 0.99999 -0.00899925 0.0322934 0.0798528
FixedParameters: 0 0 0

#Transform 96
Transform: AffineTransform_float_3_3
Parameters: 0.999998 0.000537893 -0.00178538 -0.000544206 0.999993 -0.00370189 0.00178371 0.00370327 0.999992 -0.042226 0.0275369 0.0856447
FixedParameters: 0 0 0

#Transform 97
Transform: AffineTransform_float_3_3
Parameters: 0.999998 0.000487876 -0.00203685 -0.000494276 0.999994 -0.00352758 0.00203533 0.00352834 0.999992 -0.0386687 -0.0069805 0.0637594
FixedParameters: 0 0 0

#Transform 98
Transform: AffineTransform_float_3_3
Parameters: 0.999998 0.000797318 -0.0017354 -0.000803719 0.999993 -0.00358873 0.00173248 0.0035896 0.999992 -0.0383031 0.0136364 0.0574688
FixedParameters: 0 0 0

#Transform 99
Transform: AffineTransform_float_3_3
Parameters: 0.999998 0.00072875 -0.00177604 -0.000735427 0.999993 -0.00379153 0.00177289 0.00379282 0.999991 -0.046172 0.0185188 0.0637497
FixedParameters: 0 0 0

#Transform 100
Transform: AffineTransform_float_3_3
Parameters: 0.999999 0.000375549 -0.0016308 -0.000381715 0.999993 -0.00384335 0.00162938 0.00384323 0.999991 -0.0264203 -0.00478732 0.0550008
FixedParameters: 0 0 0

#Transform 101
Transform: AffineTransform_float_3_3
Parameters: 0.999998 0.000662499 -0.00188834 -0.000668979 0.999993 -0.00355651 0.00188602 0.00355707 0.999992 -0.0264397 -0.00547904 0.063259
FixedParameters: 0 0 0

#Transform 102
Transform: AffineTransform_float_3_3
Parameters: 0.999999 0.000700247 -0.00155543 -0.000706344 0.999991 -0.00410179 0.0015521 0.00410267 0.99999 -0.0359819 0.00446474 0.0704416
FixedParameters: 0 0 0

#Transform 103
Transform: AffineTransform_float_3_3
Parameters: 0.999998 0.000823298 -0.0015923 -0.00082902 0.999993 -0.00377663 0.00158978 0.00377805 0.999992 -0.0360765 -0.00392905 0.0611726
FixedParameters: 0 0 0

#Transform 104
Transform: AffineTransform_float_3_3
Parameters: 0.999998 0.000899024 -0.00176833 -0.00090694 0.999992 -0.00398558 0.0017649 0.00398757 0.999991 -0.0404724 -0.0238316 0.0686262
FixedParameters: 0 0 0

#Transform 105
Transform: AffineTransform_float_3_3
Parameters: 0.999998 0.000960509 -0.00200409 -0.000970642 0.999988 -0.00486599 0.0019992 0.00486798 0.999986 -0.044987 0.0370466 0.0615588
FixedParameters: 0 0 0

#Transform 106
Transform: AffineTransform_float_3_3
Parameters: 0.999997 0.000674583 -0.00213739 -0.000684806 0.99999 -0.00454198 0.00213472 0.00454371 0.999988 -0.0418638 0.0300258 0.0709555
FixedParameters: 0 0 0

#Transform 107
Transform: AffineTransform_float_3_3
Parameters: 0.999997 0.000981142 -0.00230725 -0.000992796 0.999987 -0.00487664 0.00230263 0.00487866 0.999985 -0.0411867 -0.00143674 0.0949803
FixedParameters: 0 0 0

#Transform 108
Transform: AffineTransform_float_3_3
Parameters: 0.999996 0.00104164 -0.00262691 -0.00105541 0.999986 -0.00525402 0.00262059 0.00525767 0.999983 -0.0412974 0.0379619 0.0411812
FixedParameters: 0 0 0

#Transform 109
Transform: AffineTransform_float_3_3
Parameters: 0.999996 0.00099654 -0.00253974 -0.00100914 0.999987 -0.00503526 0.00253483 0.00503713 0.999984 -0.0468078 0.0401354 0.0741873
FixedParameters: 0 0 0

#Transform 110
Transform: AffineTransform_float_3_3
Parameters: 0.999996 0.00107081 -0.00263127 -0.00108613 0.999983 -0.00579682 0.00262498 0.00580069 0.99998 -0.0390772 -0.00938758 0.0600717
FixedParameters: 0 0 0

#Transform 111
Transform: AffineTransform_float_3_3
Parameters: 0.999995 0.00121907 -0.00270175 -0.00123467 0.999982 -0.00578256 0.00269474 0.00578679 0.99998 -0.0446343 0.0320036 0.0836706
FixedParameters: 0 0 0

#Transform 112
Transform: AffineTransform_float_3_3
Parameters: 0.999994 0.00126171 -0.00319296 -0.00128494 0.999973 -0.00725256 0.00318373 0.00725695 0.999969 -0.0460223 0.0307946 0.0490837
FixedParameters: 0 0 0

#Transform 113
Transform: AffineTransform_float_3_3
Parameters: 0.999991 0.00213641 -0.00360186 -0.00216138 0.999972 -0.0071151 0.00358703 0.00712294 0.999968 -0.0516382 -0.0157178 0.0744767
FixedParameters: 0 0 0

#Transform 114
Transform: AffineTransform_float_3_3
Parameters: 0.999993 0.00166012 -0.00330106 -0.00168158 0.999977 -0.00656272 0.00328912 0.00656792 0.999973 -0.0472436 -0.0110869 0.0826
FixedParameters: 0 0 0

#Transform 115
Transform: AffineTransform_float_3_3
Parameters: 0.999995 0.00167559 -0.0028465 -0.00169424 0.999976 -0.00675073 0.00283462 0.00675447 0.999973 -0.0438868 0.0345059 0.0539578
FixedParameters: 0 0 0

#Transform 116
Transform: AffineTransform_float_3_3
Parameters: 0.999993 0.00153934 -0.00319255 -0.0015593 0.999979 -0.0062339 0.003183 0.0062394 0.999975 -0.0448682 0.0145789 0.0704939
FixedParameters: 0 0 0

#Transform 117
Transform: AffineTransform_float_3_3
Parameters: 0.999992 0.00176561 -0.00353951 -0.00178925 0.999976 -0.00667719 0.00352722 0.00668334 0.999971 -0.0527981 0.00685291 0.08206
FixedParameters: 0 0 0

#Transform 118
Transform: AffineTransform_float_3_3
Parameters: 0.99999 0.00230152 -0.00378321 -0.00233072 0.999967 -0.00778094 0.00376466 0.00778943 0.999963 -0.0712099 -0.0348737 0.0601355
FixedParameters: 0 0 0

#Transform 119
Transform: AffineTransform_float_3_3
Parameters: 0.999984 0.00319359 -0.00464479 -0.00324469 0.999935 -0.0109601 0.00460964 0.0109747 0.999929 -0.102694 -0.0322595 0.0607366
FixedParameters: 0 0 0

#Transform 120
Transform: AffineTransform_float_3_3
Parameters: 0.999983 0.00345612 -0.00463467 -0.00351969 0.999901 -0.0136074 0.00458689 0.0136234 0.999897 -0.110436 -0.0627948 0.0405394
FixedParameters: 0 0 0

#Transform 121
Transform: AffineTransform_float_3_3
Parameters: 0.999983 0.00329632 -0.00479841 -0.00335765 0.999912 -0.0128324 0.00475522 0.0128479 0.999906 -0.0843756 -0.0800145 0.0936511
FixedParameters: 0 0 0

#Transform 122
Transform: AffineTransform_float_3_3
Parameters: 0.999983 0.0030981 -0.00490687 -0.00316019 0.999914 -0.012771 0.00486729 0.0127865 0.999906 -0.0844682 -0.0636385 0.149761
FixedParameters: 0 0 0

#Transform 123
Transform: AffineTransform_float_3_3
Parameters: 0.99998 0.00370976 -0.00520819 -0.00378375 0.99989 -0.0143498 0.00515412 0.0143693 0.999883 -0.118177 -0.0454451 0.105756
FixedParameters: 0 0 0

#Transform 124
Transform: AffineTransform_float_3_3
Parameters: 0.999973 0.00450222 -0.00587282 -0.00461524 0.9998 -0.0194203 0.00578326 0.0194471 0.999795 -0.10245 -0.115159 0.174905
FixedParameters: 0 0 0

#Transform 125
Transform: AffineTransform_float_3_3
Parameters: 0.999974 0.00445548 -0.00571239 -0.00457128 0.999781 -0.0204376 0.00562043 0.0204625 0.999775 -0.113422 -0.14359 0.11547
FixedParameters: 0 0 0

#Transform 126
Transform: AffineTransform_float_3_3
Parameters: 0.999976 0.00421535 -0.00547718 -0.00431756 0.999813 -0.0188356 0.00539673 0.0188588 0.999808 -0.0972836 -0.0910943 0.0926573
FixedParameters: 0 0 0

#Transform 127
Transform: AffineTransform_float_3_3
Parameters: 0.99998 0.00375376 -0.00515165 -0.00383633 0.999861 -0.0161979 0.00509093 0.016217 0.999855 -0.0931175 -0.130666 0.128722
FixedParameters: 0 0 0

#Transform 128
Transform: AffineTransform_float_3_3
Parameters: 0.999982 0.00360897 -0.00471084 -0.00368841 0.999846 -0.0171471 0.00464845 0.0171642 0.999842 -0.09059 -0.108593 0.0859462
FixedParameters: 0 0 0

#Transform 129
Transform: AffineTransform_float_3_3
Parameters: 0.999978 0.00402444 -0.00529451 -0.00411172 0.999856 -0.0164533 0.00522721 0.0164744 0.99985 -0.102726 -0.0927328 0.0986432
FixedParameters: 0 0 0

#Transform 130
Transform: AffineTransform_float_3_3
Parameters: 0.999971 0.00467939 -0.00604744 -0.00480225 0.999779 -0.0204543 0.00595083 0.0204824 0.999772 -0.10749 -0.147565 0.162314
FixedParameters: 0 0 0

#Transform 131
Transform: AffineTransform_float_3_3
Parameters: 0.999974 0.00428441 -0.00582218 -0.00440365 0.999776 -0.0206641 0.00573233 0.0206894 0.99977 -0.104389 -0.114977 0.0924913
FixedParameters: 0 0 0

#Transform 132
Transform: AffineTransform_float_3_3
Parameters: 0.999971 0.00432187 -0.00628969 -0.00444818 0.999788 -0.0201329 0.00620173 0.0201599 0.999777 -0.105134 -0.1138 0.111169
FixedParameters: 0 0 0

#Transform 133
Transform: AffineTransform_float_3_3
Parameters: 0.999969 0.00481668 -0.00623911 -0.00494345 0.999779 -0.0204359 0.00613986 0.0204656 0.999772 -0.120953 -0.154854 0.143155
FixedParameters: 0 0 0

#Transform 134
Transform: AffineTransform_float_3_3
Parameters: 0.999973 0.00455899 -0.00582595 -0.00467918 0.999773 -0.020772 0.00573015 0.0207986 0.999767 -0.10619 -0.107097 0.044664
FixedParameters: 0 0 0

#Transform 135
Transform: AffineTransform_float_3_3
Parameters: 0.999967 0.00515812 -0.00631119 -0.00529984 0.999728 -0.0226834 0.00619256 0.022716 0.999722 -0.108907 -0.164619 0.121032
FixedParameters: 0 0 0

#Transform 136
Transform: AffineTransform_float_3_3
Parameters: 0.999961 0.00551534 -0.00680039 -0.00569511 0.999628 -0.0266875 0.00665074 0.026725 0.999621 -0.137281 -0.198793 0.0746563
FixedParameters: 0 0 0

#Transform 137
Transform: AffineTransform_float_3_3
Parameters: 0.99997 0.00498064 -0.00588812 -0.00511217 0.99973 -0.0226917 0.00577374 0.022721 0.999726 -0.112014 -0.140732 0.0537012
FixedParameters: 0 0 0

#Transform 138
Transform: AffineTransform_float_3_3
Parameters: 0.999966 0.00540803 -0.00611212 -0.00555564 0.999686 -0.024446 0.00597775 0.0244793 0.999683 -0.0937406 -0.18858 0.201856
FixedParameters: 0 0 0

#Transform 139
Transform: AffineTransform_float_3_3
Parameters: 0.999964 0.00595175 -0.00604637 -0.00611838 0.999592 -0.0278824 0.00587775 0.0279181 0.999594 -0.113499 -0.195093 0.0799188
FixedParameters: 0 0 0

#Transform 140
Transform: AffineTransform_float_3_3
Parameters: 0.999964 0.00584085 -0.00627562 -0.00600371 0.999637 -0.0262558 0.00612059 0.0262923 0.999635 -0.113485 -0.189786 0.103753
FixedParameters: 0 0 0

#Transform 141
Transform: AffineTransform_float_3_3
Parameters: 0.999957 0.00663763 -0.00639379 -0.00680956 0.999609 -0.0271157 0.00621123 0.0271578 0.999613 -0.144381 -0.177529 0.13779
FixedParameters: 0 0 0

#Transform 142
Transform: AffineTransform_float_3_3
Parameters: 0.999962 0.00600626 -0.00625493 -0.00616762 0.999641 -0.0260793 0.00609545 0.0261162 0.99964 -0.119869 -0.181376 0.0725996
FixedParameters: 0 0 0

#Transform 143
Transform: AffineTransform_float_3_3
Parameters: 0.999967 0.00557093 -0.005907 -0.00571 0.999701 -0.0237479 0.00577305 0.0237802 0.999701 -0.120751 -0.139569 0.130513
FixedParameters: 0 0 0

#Transform 144
Transform: AffineTransform_float_3_3
Parameters: 0.999966 0.00559192 -0.00591575 -0.00572811 0.999714 -0.0232169 0.00578395 0.0232501 0.999713 -0.133488 -0.171336 0.177901
FixedParameters: 0 0 0

#Transform 145
Transform: AffineTransform_float_3_3
Parameters: 0.999962 0.006045 -0.00629909 -0.00620285 0.999661 -0.0252913 0.00614402 0.0253291 0.99966 -0.137745 -0.1439 0.100461
FixedParameters: 0 0 0

#Transform 146
Transform: AffineTransform_float_3_3
Parameters: 0.999967 0.00539938 -0.00618634 -0.00554695 0.999695 -0.0240719 0.00605377 0.0241058 0.999691 -0.11263 -0.192238 0.127795
FixedParameters: 0 0 0

#Transform 147
Transform: AffineTransform_float_3_3
Parameters: 0.999965 0.0055962 -0.00618531 -0.00576071 0.999622 -0.0268922 0.0060326 0.0269265 0.999619 -0.132515 -0.169752 0.0611289
FixedParameters: 0 0 0

#Transform 148
Transform: AffineTransform_float_3_3
Parameters: 0.999958 0.00624535 -0.00675653 -0.0064271 0.999609 -0.0271992 0.00658452 0.0272412 0.999607 -0.132127 -0.228265 0.0891138
FixedParameters: 0 0 0

#Transform 149
Transform: AffineTransform_float_3_3
Parameters: 0.999963 0.005706 -0.00646486 -0.00587022 0.999655 -0.0255974 0.00631708 0.0256342 0.999651 -0.124488 -0.148646 0.112476
FixedParameters: 0 0 0
