# transform file /out/sourcedata/freesurfer/sub-v1s17x0050246_ses-1/mri/transforms/cc_up.lta
# created by oesteban on Mon Mar  9 03:14:45 2026

type      = 0 # LINEAR_VOX_TO_VOX
nxforms   = 1
mean      = 127.0000 116.0000 115.0000
sigma     = 10000.0000
1 4 4
9.977587461471558e-01 -5.580853670835495e-02 -3.691757842898369e-02 1.001624488830566e+01 
5.577037855982780e-02 9.984414577484131e-01 -2.063532359898090e-03 2.826005363464355e+01 
3.697520494461060e-02 0.000000000000000e+00 9.993162155151367e-01 1.235942459106445e+01 
0.000000000000000e+00 0.000000000000000e+00 0.000000000000000e+00 1.000000000000000e+00 
src volume info
valid = 1  # volume info valid
filename = /out/sourcedata/freesurfer/sub-v1s17x0050246_ses-1/mri/norm.mgz
volume = 256 256 256
voxelsize = 1.000000000000000e+00 1.000000000000000e+00 1.000000000000000e+00
xras   = -1.000000119209290e+00 -2.968590706586838e-09 0.000000000000000e+00
yras   = 0.000000000000000e+00 0.000000000000000e+00 -1.000000119209290e+00
zras   = -4.467437975108624e-09 1.000000119209290e+00 1.862645149230957e-09
cras   = 9.915924072265625e-01 -6.430694580078125e+00 -1.122834014892578e+01
dst volume info
valid = 1  # volume info valid
filename = /out/sourcedata/freesurfer/sub-v1s17x0050246_ses-1/mri/norm.mgz
volume = 256 256 256
voxelsize = 1.000000000000000e+00 1.000000000000000e+00 1.000000000000000e+00
xras   = -1.000000119209290e+00 -2.968590706586838e-09 0.000000000000000e+00
yras   = 0.000000000000000e+00 0.000000000000000e+00 -1.000000119209290e+00
zras   = -4.467437975108624e-09 1.000000119209290e+00 1.862645149230957e-09
cras   = 9.915924072265625e-01 -6.430694580078125e+00 -1.122834014892578e+01
