# transform file transforms/talairach.lta
# created by oesteban on Mon Mar  9 01:51:29 2026

type      = 0 # LINEAR_VOX_TO_VOX
nxforms   = 1
mean      = 127.0000 116.0000 115.0000
sigma     = 10000.0000
1 4 4
9.784305095672607e-01 -3.604030609130859e-02 -5.993936210870743e-03 4.380485534667969e+00 
3.310957178473473e-02 1.148810148239136e+00 1.792937368154526e-01 -2.942443084716797e+01 
4.116051422897726e-04 -6.525524705648422e-02 9.297667741775513e-01 1.215933132171631e+01 
0.000000000000000e+00 0.000000000000000e+00 0.000000000000000e+00 1.000000000000000e+00 
src volume info
valid = 1  # volume info valid
filename = nu.mgz
volume = 256 256 256
voxelsize = 1.000000000000000e+00 1.000000000000000e+00 1.000000000000000e+00
xras   = -1.000000119209290e+00 -2.968590706586838e-09 0.000000000000000e+00
yras   = 0.000000000000000e+00 0.000000000000000e+00 -1.000000119209290e+00
zras   = -4.467437975108624e-09 1.000000119209290e+00 1.862645149230957e-09
cras   = 9.915924072265625e-01 -6.430694580078125e+00 -1.122834014892578e+01
dst volume info
valid = 1  # volume info valid
filename = /opt/freesurfer/average/RB_all_2020-01-02.gca
volume = 256 256 256
voxelsize = 1.000000000000000e+00 1.000000000000000e+00 1.000000000000000e+00
xras   = -1.000000000000000e+00 0.000000000000000e+00 0.000000000000000e+00
yras   = 0.000000000000000e+00 0.000000000000000e+00 -1.000000000000000e+00
zras   = 0.000000000000000e+00 1.000000000000000e+00 0.000000000000000e+00
cras   = 0.000000000000000e+00 0.000000000000000e+00 0.000000000000000e+00
