#Insight Transform File V1.0
#Transform 0
Transform: AffineTransform_float_3_3
Parameters: 0.999999 0.000446057 -0.000682642 -0.000445593 1 0.000340622 0.000682946 -0.000340013 0.999999 0.0153111 0.0627218 -0.0102501
FixedParameters: 0 0 0

#Transform 1
Transform: AffineTransform_float_3_3
Parameters: 1 0.000140709 -0.000202903 -0.000140874 1 -0.000407797 0.000202788 0.000407854 1 0.0125468 0.0863414 0.017068
FixedParameters: 0 0 0

#Transform 2
Transform: AffineTransform_float_3_3
Parameters: 1 5.22374e-05 -0.000538474 -5.26594e-05 1 0.000501588 0.000538797 -0.000501549 0.999999 0.0129129 0.0696378 -0.00324525
FixedParameters: 0 0 0

#Transform 3
Transform: AffineTransform_float_3_3
Parameters: 0.999999 0.000543379 -0.000768409 -0.000544031 0.999999 -0.000428804 0.000767925 0.000428786 0.999999 -0.0127641 0.134294 -0.0162319
FixedParameters: 0 0 0

#Transform 4
Transform: AffineTransform_float_3_3
Parameters: 0.999999 0.000263126 -0.000672676 -0.000263269 1 0.000609159 0.000673266 -0.000608822 0.999999 -0.0012465 0.0807507 0.0059595
FixedParameters: 0 0 0

#Transform 5
Transform: AffineTransform_float_3_3
Parameters: 1 0.00057791 -0.00018514 -0.000578028 1 -0.000317466 0.000184773 0.00031768 1 -0.00949209 0.23876 -0.046444
FixedParameters: 0 0 0

#Transform 6
Transform: AffineTransform_float_3_3
Parameters: 0.999999 0.000461532 -0.000707077 -0.000460985 0.999999 0.000381777 0.000707412 -0.000381978 1 -0.0110987 0.0295574 0.0106464
FixedParameters: 0 0 0

#Transform 7
Transform: AffineTransform_float_3_3
Parameters: 0.999999 0.000504985 -0.000515307 -0.000505737 0.999999 -0.000729459 0.00051457 0.00072998 0.999999 -0.013004 0.239126 -0.0401658
FixedParameters: 0 0 0

#Transform 8
Transform: AffineTransform_float_3_3
Parameters: 1 0.000564133 -0.000365991 -0.000563619 0.999999 0.000701138 0.000366781 -0.000700725 0.999999 -0.0234695 -0.0568729 0.0346004
FixedParameters: 0 0 0

#Transform 9
Transform: AffineTransform_float_3_3
Parameters: 1 0.000311434 -0.000365209 -0.000311696 0.999999 -0.000728442 0.000365718 0.000728662 0.999999 -0.00226548 0.230876 -0.0318901
FixedParameters: 0 0 0

#Transform 10
Transform: AffineTransform_float_3_3
Parameters: 1 0.000559599 -0.000374845 -0.000559196 0.999999 0.000528353 0.000375418 -0.000528787 1 -0.0117279 0.00926791 0.0265335
FixedParameters: 0 0 0

#Transform 11
Transform: AffineTransform_float_3_3
Parameters: 1 0.000624134 -8.96619e-05 -0.000624006 0.999999 -0.000795406 8.96314e-05 0.000795511 0.999999 -0.0117023 0.225158 -0.0423358
FixedParameters: 0 0 0

#Transform 12
Transform: AffineTransform_float_3_3
Parameters: 0.999999 0.000509885 -0.000525746 -0.000509971 1 -8.22787e-05 0.000525662 8.28149e-05 1 -0.00987224 0.014589 0.018396
FixedParameters: 0 0 0

#Transform 13
Transform: AffineTransform_float_3_3
Parameters: 1 0.000145621 0.00024285 -0.000145467 1 -0.0003171 -0.000242943 0.000317029 1 -0.00194269 0.182824 -0.00869779
FixedParameters: 0 0 0

#Transform 14
Transform: AffineTransform_float_3_3
Parameters: 1 0.000202296 -0.000579107 -0.000201691 1 -0.000308225 0.000578712 0.000308477 1 0.00489208 0.0907892 0.00505183
FixedParameters: 0 0 0

#Transform 15
Transform: AffineTransform_float_3_3
Parameters: 1 -0.000249976 0.000448415 0.00024997 1 7.64624e-06 -0.000448419 -7.42205e-06 1 0.0164164 0.095736 0.0512013
FixedParameters: 0 0 0

#Transform 16
Transform: AffineTransform_float_3_3
Parameters: 1 0.000192838 -0.000310298 -0.000192861 1 -3.82298e-05 0.000310283 3.83495e-05 1 0.0106477 0.0794582 -0.0143232
FixedParameters: 0 0 0

#Transform 17
Transform: AffineTransform_float_3_3
Parameters: 1 0.000198518 -0.000267484 -0.000198823 1 -0.000569919 0.000267257 0.000570025 1 0.00229328 0.187011 -0.0277078
FixedParameters: 0 0 0

#Transform 18
Transform: AffineTransform_float_3_3
Parameters: 1 0.000167635 -0.000427097 -0.000167124 0.999999 0.000589709 0.000427277 -0.00059042 1 0.00128505 -0.0160217 0.0229765
FixedParameters: 0 0 0

#Transform 19
Transform: AffineTransform_float_3_3
Parameters: 1 -0.000101296 0.000145034 0.000101444 1 -0.000513244 -0.00014493 0.000513273 1 0.00896556 0.214856 -0.0677499
FixedParameters: 0 0 0

#Transform 20
Transform: AffineTransform_float_3_3
Parameters: 1 -1.29316e-05 0.0001562 1.28109e-05 1 0.000386448 -0.00015621 -0.000386444 1 0.00295975 -0.0201419 0.0201164
FixedParameters: 0 0 0

#Transform 21
Transform: AffineTransform_float_3_3
Parameters: 1 0.000195652 0.000448574 -0.000194991 0.999999 -0.000737368 -0.000448862 0.000737193 0.999999 -0.00068537 0.2233 -0.0412063
FixedParameters: 0 0 0

#Transform 22
Transform: AffineTransform_float_3_3
Parameters: 1 -8.17774e-05 3.81821e-05 8.17438e-05 1 0.000438864 -3.82539e-05 -0.000438857 1 -0.011769 0.0125613 0.013427
FixedParameters: 0 0 0

#Transform 23
Transform: AffineTransform_float_3_3
Parameters: 1 6.36466e-05 0.000432233 -6.26167e-05 1 -0.00116421 -0.00043241 0.00116416 0.999999 0.00339284 0.256462 -0.068239
FixedParameters: 0 0 0

#Transform 24
Transform: AffineTransform_float_3_3
Parameters: 1 0.000154594 -3.54489e-05 -0.000154572 1 0.000302155 3.55424e-05 -0.000302144 1 0.000129418 0.0317241 0.0175574
FixedParameters: 0 0 0

#Transform 25
Transform: AffineTransform_float_3_3
Parameters: 1 0.00022062 0.000317592 -0.000220831 1 -0.00114629 -0.000317858 0.00114613 1 -0.000299191 0.257668 -0.0484252
FixedParameters: 0 0 0

#Transform 26
Transform: AffineTransform_float_3_3
Parameters: 1 9.55947e-05 -0.000263861 -9.5806e-05 1 -0.000400413 0.000263784 0.000400464 1 0.00375972 0.0961211 -0.0225864
FixedParameters: 0 0 0

#Transform 27
Transform: AffineTransform_float_3_3
Parameters: 1 7.5061e-05 0.000435455 -7.48596e-05 1 -0.000231263 -0.00043549 0.000231198 1 2.65994e-05 0.053195 0.000341363
FixedParameters: 0 0 0

#Transform 28
Transform: AffineTransform_float_3_3
Parameters: 1 0.000391664 -0.000242626 -0.000391933 1 -0.00055506 0.000242191 0.00055525 1 -0.0036606 0.121677 -0.0262002
FixedParameters: 0 0 0

#Transform 29
Transform: AffineTransform_float_3_3
Parameters: 1 0.000133718 0.000441249 -0.000133424 1 -0.000333255 -0.000441338 0.000333137 1 -0.000804087 0.0856136 -0.0186758
FixedParameters: 0 0 0

#Transform 30
Transform: AffineTransform_float_3_3
Parameters: 1 -9.83669e-05 -0.000159394 9.80726e-05 0.999999 -0.000922853 0.000159575 0.000922822 0.999999 0.00917454 0.168923 -0.0393038
FixedParameters: 0 0 0

#Transform 31
Transform: AffineTransform_float_3_3
Parameters: 1 -0.000356594 0.000589915 0.000356793 1 -0.000168332 -0.000589795 0.000168753 1 0.0174598 0.0542233 0.0274274
FixedParameters: 0 0 0

#Transform 32
Transform: AffineTransform_float_3_3
Parameters: 1 4.34547e-05 -0.000218137 -4.3689e-05 1 -0.000537203 0.00021809 0.000537223 1 0.00644724 0.180744 -0.0701053
FixedParameters: 0 0 0

#Transform 33
Transform: AffineTransform_float_3_3
Parameters: 1 -0.000138634 0.000478486 0.000139327 0.999999 -0.000723543 -0.000478285 0.000723676 0.999999 0.014038 0.194877 -0.0344686
FixedParameters: 0 0 0

#Transform 34
Transform: AffineTransform_float_3_3
Parameters: 1 0.000179403 4.77588e-05 -0.000179418 1 0.000159775 -4.77014e-05 -0.000159792 1 0.003116 -0.000523583 0.00886141
FixedParameters: 0 0 0

#Transform 35
Transform: AffineTransform_float_3_3
Parameters: 1 0.000136074 0.000135258 -0.000135769 1 -0.00104282 -0.000135572 0.00104278 1 0.00105396 0.254843 -0.0534431
FixedParameters: 0 0 0

#Transform 36
Transform: AffineTransform_float_3_3
Parameters: 1 0.000140613 -4.67417e-05 -0.000140613 1 4.41759e-07 4.67419e-05 -4.28614e-07 1 -0.00395703 0.062258 -0.0118218
FixedParameters: 0 0 0

#Transform 37
Transform: AffineTransform_float_3_3
Parameters: 1 -5.28303e-06 0.000379455 5.5406e-06 1 -0.000339391 -0.000379451 0.000339395 1 -0.005565 0.135846 -0.0155201
FixedParameters: 0 0 0

#Transform 38
Transform: AffineTransform_float_3_3
Parameters: 1 -0.000100307 3.17522e-05 0.000100314 1 -0.00010188 -3.17317e-05 0.000101887 1 -0.00516006 0.0969853 -0.0372066
FixedParameters: 0 0 0

#Transform 39
Transform: AffineTransform_float_3_3
Parameters: 1 -3.8779e-05 0.000536372 3.9707e-05 0.999999 -0.000870525 -0.000536326 0.000871088 1 -0.00508343 0.186056 -0.0272727
FixedParameters: 0 0 0

#Transform 40
Transform: AffineTransform_float_3_3
Parameters: 1 0.000280077 -0.000109471 -0.000280072 1 2.01078e-05 0.000109482 -2.00465e-05 1 -0.0113336 0.0640913 -0.00815009
FixedParameters: 0 0 0

#Transform 41
Transform: AffineTransform_float_3_3
Parameters: 1 -1.08544e-05 0.000394431 1.08645e-05 1 -0.00120365 -0.000394165 0.00120364 0.999999 -0.00387777 0.239457 -0.0726304
FixedParameters: 0 0 0

#Transform 42
Transform: AffineTransform_float_3_3
Parameters: 1 0.000171748 0.000368156 -0.000171259 1 -0.000664038 -0.000368384 0.000663911 0.999999 0.00162347 0.0927752 -0.0506057
FixedParameters: 0 0 0

#Transform 43
Transform: AffineTransform_float_3_3
Parameters: 1 -3.74087e-05 0.000428148 3.7713e-05 0.999999 -0.00145267 -0.000427799 0.00145268 0.999999 0.0111967 0.246498 -0.0672152
FixedParameters: 0 0 0

#Transform 44
Transform: AffineTransform_float_3_3
Parameters: 1 6.42924e-05 1.2057e-05 -6.42766e-05 1 -0.000654223 -1.21411e-05 0.000654221 1 0.00114789 0.0328566 -0.00751393
FixedParameters: 0 0 0

#Transform 45
Transform: AffineTransform_float_3_3
Parameters: 1 -6.3762e-05 0.000565066 6.35947e-05 0.999999 -0.000947501 -0.000565659 0.000948083 1 0.00240304 0.0991833 -0.014509
FixedParameters: 0 0 0

#Transform 46
Transform: AffineTransform_float_3_3
Parameters: 1 0.000505618 -0.000486844 -0.000506163 0.999999 -0.000567709 0.000486252 0.000567348 1 -0.0155293 0.0614131 -0.0332346
FixedParameters: 0 0 0

#Transform 47
Transform: AffineTransform_float_3_3
Parameters: 0.999999 0.000712493 0.000453462 -0.000711905 0.999999 -0.00138454 -0.000454231 0.00138387 0.999999 -0.0312089 0.165256 -0.0747221
FixedParameters: 0 0 0

#Transform 48
Transform: AffineTransform_float_3_3
Parameters: 1 0.000528758 8.33604e-05 -0.000528544 0.999999 -0.00113315 -8.45885e-05 0.00113306 1 -0.0100777 0.0898044 -0.0627897
FixedParameters: 0 0 0

#Transform 49
Transform: AffineTransform_float_3_3
Parameters: 1 0.000370533 0.00101504 -0.000369307 0.999999 -0.00095965 -0.00101451 0.000959395 0.999999 -0.0096603 0.166485 -0.0501774
FixedParameters: 0 0 0

#Transform 50
Transform: AffineTransform_float_3_3
Parameters: 1 0.000303728 0.000453683 -0.000303365 1 -0.00040004 -0.000453926 0.000399764 1 -0.0113053 0.0221595 -0.0330954
FixedParameters: 0 0 0

#Transform 51
Transform: AffineTransform_float_3_3
Parameters: 1 0.000395708 0.000336657 -0.000395259 0.999998 -0.00166903 -0.000336796 0.00166926 0.999999 -0.00549093 0.251207 -0.106835
FixedParameters: 0 0 0

#Transform 52
Transform: AffineTransform_float_3_3
Parameters: 1 0.000570308 0.000302767 -0.000570561 0.999999 -0.000725389 -0.000302362 0.000725019 0.999999 -0.0125316 0.0497811 -0.0611403
FixedParameters: 0 0 0

#Transform 53
Transform: AffineTransform_float_3_3
Parameters: 1 0.000275744 0.000368797 -0.000275078 0.999999 -0.00177885 -0.000368604 0.00177863 0.999999 -0.00280335 0.232064 -0.107119
FixedParameters: 0 0 0

#Transform 54
Transform: AffineTransform_float_3_3
Parameters: 1 0.000552481 0.000315782 -0.000552062 1 -0.000235171 -0.000315079 0.000234815 1 -0.0340647 -0.0181141 -0.0213525
FixedParameters: 0 0 0

#Transform 55
Transform: AffineTransform_float_3_3
Parameters: 1 0.000444162 0.000120445 -0.000444838 1 -0.00108633 -0.000121171 0.0010862 1 -0.0320831 0.244804 -0.0917056
FixedParameters: 0 0 0

#Transform 56
Transform: AffineTransform_float_3_3
Parameters: 1 0.000565842 0.000299934 -0.000565134 0.999999 0.000423948 -0.000299725 -0.00042427 1 -0.0499603 -0.00177079 -0.0127913
FixedParameters: 0 0 0

#Transform 57
Transform: AffineTransform_float_3_3
Parameters: 0.999999 0.000668392 -0.000585655 -0.000668458 0.999999 -0.00112902 0.000584807 0.00112982 0.999999 -0.0538723 0.203473 -0.123463
FixedParameters: 0 0 0

#Transform 58
Transform: AffineTransform_float_3_3
Parameters: 0.999999 0.000705735 -0.000106341 -0.000705873 1 -0.000791681 0.000105216 0.00079131 0.999999 -0.0578061 0.138372 -0.0752124
FixedParameters: 0 0 0

#Transform 59
Transform: AffineTransform_float_3_3
Parameters: 1 0.000649417 -0.00010433 -0.000649357 0.999999 -0.00112567 0.0001038 0.0011258 1 -0.0504674 0.171391 -0.113134
FixedParameters: 0 0 0

#Transform 60
Transform: AffineTransform_float_3_3
Parameters: 1 0.000632258 -1.7413e-05 -0.000632009 0.999999 -0.00131551 1.66822e-05 0.00131553 0.999999 -0.0510035 0.21149 -0.110376
FixedParameters: 0 0 0

#Transform 61
Transform: AffineTransform_float_3_3
Parameters: 1 0.000411458 -0.000420788 -0.000411604 1 -0.000182064 0.000420621 0.000181557 1 -0.0575127 -0.0129905 -0.0370338
FixedParameters: 0 0 0

#Transform 62
Transform: AffineTransform_float_3_3
Parameters: 1 0.000589018 -0.000905456 -0.000589146 0.999999 -0.000588871 0.000904522 0.000589955 0.999999 -0.054915 0.196105 -0.100976
FixedParameters: 0 0 0

#Transform 63
Transform: AffineTransform_float_3_3
Parameters: 0.999999 0.000702061 -0.000363536 -0.000702797 0.999998 -0.00182139 0.000362842 0.00182189 0.999999 -0.0460034 0.267136 -0.0966295
FixedParameters: 0 0 0

#Transform 64
Transform: AffineTransform_float_3_3
Parameters: 0.999999 0.000579616 -0.000548052 -0.000580161 0.999999 -0.000497096 0.000547475 0.000497731 0.999999 -0.0439256 0.0429303 -0.0342063
FixedParameters: 0 0 0

#Transform 65
Transform: AffineTransform_float_3_3
Parameters: 0.999999 0.00060408 -0.00038243 -0.000603825 0.999999 -0.00130961 0.00038151 0.00131009 0.999999 -0.0396579 0.249734 -0.0807468
FixedParameters: 0 0 0

#Transform 66
Transform: AffineTransform_float_3_3
Parameters: 0.999999 0.000767329 -0.000470899 -0.000767463 0.999999 -0.000429748 0.000471201 0.000430464 1 -0.0501293 0.0630536 -0.068557
FixedParameters: 0 0 0

#Transform 67
Transform: AffineTransform_float_3_3
Parameters: 1 0.000915334 -0.000516985 -0.000915776 1 -0.000694634 0.000516697 0.000695052 0.999999 -0.0601144 0.174721 -0.0810637
FixedParameters: 0 0 0

#Transform 68
Transform: AffineTransform_float_3_3
Parameters: 0.999999 0.000762629 -0.00107558 -0.000762086 1 -0.000326342 0.00107578 0.000326618 0.999999 -0.075728 0.0787609 -0.0695019
FixedParameters: 0 0 0

#Transform 69
Transform: AffineTransform_float_3_3
Parameters: 0.999999 0.000942989 -0.00113615 -0.00094353 0.999999 -0.000901947 0.00113609 0.00090324 0.999999 -0.0823136 0.237637 -0.101999
FixedParameters: 0 0 0

#Transform 70
Transform: AffineTransform_float_3_3
Parameters: 1 0.00081044 -0.000905272 -0.000811032 1 -0.000334144 0.000904734 0.000334238 0.999999 -0.0731683 0.101144 -0.0433005
FixedParameters: 0 0 0

#Transform 71
Transform: AffineTransform_float_3_3
Parameters: 1 0.000643081 -0.00103709 -0.000643178 1 -3.4921e-05 0.00103707 3.62546e-05 0.999999 -0.0600185 0.142526 -0.0552987
FixedParameters: 0 0 0

#Transform 72
Transform: AffineTransform_float_3_3
Parameters: 0.999999 0.000659976 -0.00116896 -0.000660746 1 -0.000859614 0.0011685 0.000860314 0.999999 -0.0572788 0.191731 -0.0932511
FixedParameters: 0 0 0

#Transform 73
Transform: AffineTransform_float_3_3
Parameters: 1 0.000800429 -0.000666143 -0.000801132 0.999999 -0.00147726 0.000664461 0.00147781 0.999998 -0.0687878 0.247965 -0.0811289
FixedParameters: 0 0 0

#Transform 74
Transform: AffineTransform_float_3_3
Parameters: 0.999999 0.000707312 -0.000419644 -0.00070772 0.999999 -0.000486523 0.000418955 0.000487116 1 -0.0600994 0.0512173 0.00356162
FixedParameters: 0 0 0

#Transform 75
Transform: AffineTransform_float_3_3
Parameters: 0.999999 0.000862195 -0.00109417 -0.000863559 0.999999 -0.000749336 0.00109382 0.000750364 1 -0.0681265 0.184388 -0.0606826
FixedParameters: 0 0 0

#Transform 76
Transform: AffineTransform_float_3_3
Parameters: 0.999999 0.000819735 -0.000217368 -0.000819945 0.999999 -0.00116081 0.000216397 0.00116116 1 -0.0630541 0.224173 -0.0599461
FixedParameters: 0 0 0

#Transform 77
Transform: AffineTransform_float_3_3
Parameters: 1 0.000940742 -0.000713734 -0.000940878 0.999999 -0.000968498 0.000712608 0.000968476 0.999999 -0.0567421 0.109003 -0.0520352
FixedParameters: 0 0 0

#Transform 78
Transform: AffineTransform_float_3_3
Parameters: 0.999999 0.000825163 -0.000198122 -0.000825328 0.999999 -0.00116113 0.000197137 0.00116145 1 -0.068156 0.223555 -0.0795782
FixedParameters: 0 0 0

#Transform 79
Transform: AffineTransform_float_3_3
Parameters: 0.999999 0.000756016 -0.00045913 -0.00075643 0.999999 -0.000785986 0.000458878 0.000785299 1 -0.0715124 0.103085 -0.048859
FixedParameters: 0 0 0

#Transform 80
Transform: AffineTransform_float_3_3
Parameters: 0.999999 0.000720264 -6.85441e-05 -0.000720118 0.999999 -0.00108416 6.79148e-05 0.00108425 1 -0.0733241 0.225535 -0.105952
FixedParameters: 0 0 0

#Transform 81
Transform: AffineTransform_float_3_3
Parameters: 0.999999 0.000757084 -0.000428477 -0.000757997 0.999998 -0.00141924 0.000427242 0.00141903 0.999999 -0.0659142 0.176259 -0.109184
FixedParameters: 0 0 0

#Transform 82
Transform: AffineTransform_float_3_3
Parameters: 0.999999 0.000886807 4.60825e-05 -0.00088632 0.999998 -0.00179821 -4.83685e-05 0.00179812 0.999999 -0.0655638 0.195193 -0.122499
FixedParameters: 0 0 0

#Transform 83
Transform: AffineTransform_float_3_3
Parameters: 0.999999 0.00073955 -0.000481249 -0.000739564 0.999998 -0.00163962 0.000480423 0.00163896 0.999998 -0.0724486 0.168574 -0.112558
FixedParameters: 0 0 0

#Transform 84
Transform: AffineTransform_float_3_3
Parameters: 0.999999 0.000730402 0.000113015 -0.000730118 0.999996 -0.00268486 -0.000114861 0.00268466 0.999997 -0.0600786 0.00767569 -0.0917238
FixedParameters: 0 0 0

#Transform 85
Transform: AffineTransform_float_3_3
Parameters: 0.999999 -0.00129053 -0.000364072 0.00128746 0.99998 -0.00609991 0.000371711 0.00609907 0.999982 0.0214159 -0.134523 -0.24809
FixedParameters: 0 0 0

#Transform 86
Transform: AffineTransform_float_3_3
Parameters: 0.999999 -0.000989575 -0.000948344 0.000985685 0.999992 -0.0038688 0.000952788 0.00386786 0.999992 -0.00690669 0.328305 -0.25171
FixedParameters: 0 0 0

#Transform 87
Transform: AffineTransform_float_3_3
Parameters: 1 -0.00120906 -0.000117061 0.00120794 0.999992 -0.00378155 0.00012093 0.0037808 0.999993 -0.00489457 0.0836035 -0.166064
FixedParameters: 0 0 0

#Transform 88
Transform: AffineTransform_float_3_3
Parameters: 0.999999 -0.000894696 -0.000516223 0.000893254 0.999994 -0.00355664 0.000518674 0.0035558 0.999994 -0.00231573 0.0450584 -0.207767
FixedParameters: 0 0 0

#Transform 89
Transform: AffineTransform_float_3_3
Parameters: 0.999999 -0.00125373 0.000118202 0.00125376 0.999991 -0.00399436 -0.000112254 0.00399416 0.999992 0.0071011 0.15434 -0.208627
FixedParameters: 0 0 0

#Transform 90
Transform: AffineTransform_float_3_3
Parameters: 0.999999 -0.000721898 -0.000286971 0.000720477 0.999994 -0.00343664 0.000289553 0.00343626 0.999994 -0.0119617 0.0653517 -0.209945
FixedParameters: 0 0 0

#Transform 91
Transform: AffineTransform_float_3_3
Parameters: 1 -0.00101105 0.000337959 0.00101194 0.999991 -0.00407638 -0.00033351 0.00407656 0.999991 -0.0129059 0.219443 -0.242188
FixedParameters: 0 0 0

#Transform 92
Transform: AffineTransform_float_3_3
Parameters: 1 -0.000602915 -0.000344488 0.000602337 0.999994 -0.00342082 0.000346947 0.0034213 0.999994 -0.0347921 0.0179592 -0.229093
FixedParameters: 0 0 0

#Transform 93
Transform: AffineTransform_float_3_3
Parameters: 0.999999 -0.00095033 0.000240095 0.000951325 0.999991 -0.00396699 -0.00023664 0.00396747 0.999992 -0.00311528 0.197174 -0.21182
FixedParameters: 0 0 0

#Transform 94
Transform: AffineTransform_float_3_3
Parameters: 0.999999 -0.00101402 0.000692161 0.00101495 0.999996 -0.0026046 -0.000689311 0.00260599 0.999997 -0.0125507 -0.0786376 -0.192285
FixedParameters: 0 0 0

#Transform 95
Transform: AffineTransform_float_3_3
Parameters: 1 -0.000477082 -1.10377e-05 0.000476903 0.999993 -0.00388441 1.35412e-05 0.00388441 0.999993 -0.0170611 0.254905 -0.260342
FixedParameters: 0 0 0

#Transform 96
Transform: AffineTransform_float_3_3
Parameters: 1 -0.00105819 0.000531761 0.00105913 0.999997 -0.00248844 -0.000529177 0.00248905 0.999997 0.00505006 -0.00288503 -0.145671
FixedParameters: 0 0 0

#Transform 97
Transform: AffineTransform_float_3_3
Parameters: 0.999999 -0.000713365 -0.000420831 0.0007119 0.999993 -0.00353239 0.000423239 0.00353269 0.999993 -0.00186932 0.153208 -0.260748
FixedParameters: 0 0 0

#Transform 98
Transform: AffineTransform_float_3_3
Parameters: 1 -0.00105956 0.000555152 0.00106116 0.999995 -0.00318778 -0.000552098 0.00318845 0.999995 -0.000196205 0.11308 -0.190826
FixedParameters: 0 0 0

#Transform 99
Transform: AffineTransform_float_3_3
Parameters: 1 -0.000707473 3.2053e-05 0.000707154 0.999997 -0.00242516 -3.06369e-05 0.00242522 0.999997 -0.0251047 0.0144752 -0.194533
FixedParameters: 0 0 0

#Transform 100
Transform: AffineTransform_float_3_3
Parameters: 1 -0.000665058 0.00023884 0.000666224 0.999995 -0.00328347 -0.000236552 0.00328328 0.999994 -0.0252995 0.231494 -0.194064
FixedParameters: 0 0 0

#Transform 101
Transform: AffineTransform_float_3_3
Parameters: 1 -0.000976955 0.000175909 0.000977261 0.999997 -0.00229061 -0.000173416 0.00229097 0.999998 -0.0012279 0.0101695 -0.169307
FixedParameters: 0 0 0

#Transform 102
Transform: AffineTransform_float_3_3
Parameters: 1 -0.000592873 6.76368e-05 0.000592835 0.999991 -0.0042296 -6.57785e-05 0.0042297 0.999991 -0.0297191 0.282406 -0.278282
FixedParameters: 0 0 0

#Transform 103
Transform: AffineTransform_float_3_3
Parameters: 1 -0.000544964 -8.79742e-05 0.000545274 0.999997 -0.00250435 8.94004e-05 0.00250514 0.999996 -0.0381459 -0.0268185 -0.151709
FixedParameters: 0 0 0

#Transform 104
Transform: AffineTransform_float_3_3
Parameters: 1 -0.000188698 -0.000405836 0.00018812 0.999998 -0.00195387 0.000406243 0.00195374 0.999998 -0.0555674 0.116465 -0.282315
FixedParameters: 0 0 0

#Transform 105
Transform: AffineTransform_float_3_3
Parameters: 1 -5.72053e-05 -0.000363155 5.63221e-05 0.999991 -0.00411541 0.00036282 0.00411593 0.999992 -0.0550062 0.275618 -0.531572
FixedParameters: 0 0 0

#Transform 106
Transform: AffineTransform_float_3_3
Parameters: 1 -0.000304223 -3.86279e-06 0.000304043 0.999996 -0.00306694 4.61606e-06 0.00306695 0.999996 -0.0507562 0.120688 -0.395239
FixedParameters: 0 0 0

#Transform 107
Transform: AffineTransform_float_3_3
Parameters: 0.999999 0.000334303 -0.000866495 -0.000337171 0.999992 -0.00390228 0.000865694 0.00390205 0.999992 -0.0844484 0.095017 -0.597165
FixedParameters: 0 0 0

#Transform 108
Transform: AffineTransform_float_3_3
Parameters: 1 -9.04754e-05 -0.000669757 8.73978e-05 0.999992 -0.00385135 0.00066967 0.00385179 0.999993 -0.0654621 0.232689 -0.571368
FixedParameters: 0 0 0

#Transform 109
Transform: AffineTransform_float_3_3
Parameters: 0.999998 0.000829058 -0.00141593 -0.000834828 0.999992 -0.00394873 0.00141285 0.00394974 0.999991 -0.133751 0.0685113 -0.573876
FixedParameters: 0 0 0

#Transform 110
Transform: AffineTransform_float_3_3
Parameters: 0.999999 0.000815269 -0.000975734 -0.000819155 0.999993 -0.0036117 0.000972942 0.00361245 0.999993 -0.126023 0.220071 -0.552642
FixedParameters: 0 0 0

#Transform 111
Transform: AffineTransform_float_3_3
Parameters: 0.999997 0.00117478 -0.00186235 -0.00118098 0.999994 -0.00309215 0.00185862 0.00309401 0.999994 -0.146392 0.093237 -0.558941
FixedParameters: 0 0 0

#Transform 112
Transform: AffineTransform_float_3_3
Parameters: 0.999997 0.00126064 -0.00178817 -0.00126879 0.999989 -0.00457485 0.00178236 0.00457719 0.999988 -0.157412 0.238311 -0.6093
FixedParameters: 0 0 0

#Transform 113
Transform: AffineTransform_float_3_3
Parameters: 0.999996 0.00141063 -0.00219907 -0.00141854 0.999992 -0.00387019 0.00219367 0.00387254 0.99999 -0.167519 0.111097 -0.590608
FixedParameters: 0 0 0

#Transform 114
Transform: AffineTransform_float_3_3
Parameters: 0.999997 0.00162389 -0.00173854 -0.00163329 0.999984 -0.00541169 0.00173041 0.00541376 0.999984 -0.175764 0.373128 -0.62018
FixedParameters: 0 0 0

#Transform 115
Transform: AffineTransform_float_3_3
Parameters: 0.999998 0.00128953 -0.00110976 -0.00129358 0.999994 -0.00337785 0.00110513 0.00337934 0.999994 -0.157277 0.0100229 -0.525018
FixedParameters: 0 0 0

#Transform 116
Transform: AffineTransform_float_3_3
Parameters: 0.999996 0.00143037 -0.00214438 -0.00143885 0.999991 -0.00386991 0.0021391 0.00387269 0.999991 -0.170732 0.138262 -0.631949
FixedParameters: 0 0 0

#Transform 117
Transform: AffineTransform_float_3_3
Parameters: 0.999997 0.00167504 -0.0018397 -0.00168523 0.999985 -0.00524681 0.00183062 0.00525078 0.999985 -0.182885 0.376976 -0.656498
FixedParameters: 0 0 0

#Transform 118
Transform: AffineTransform_float_3_3
Parameters: 0.999999 0.00133027 -0.00125391 -0.00133589 0.99999 -0.00423471 0.0012483 0.00423668 0.99999 -0.167622 0.0569285 -0.556241
FixedParameters: 0 0 0

#Transform 119
Transform: AffineTransform_float_3_3
Parameters: 0.999998 0.00119845 -0.00200386 -0.00120534 0.999993 -0.00360074 0.00199915 0.00360305 0.999992 -0.178558 0.0363867 -0.590587
FixedParameters: 0 0 0

#Transform 120
Transform: AffineTransform_float_3_3
Parameters: 0.999996 0.0018768 -0.00214667 -0.00188788 0.999986 -0.00505047 0.0021379 0.00505497 0.999985 -0.182206 0.355189 -0.642932
FixedParameters: 0 0 0

#Transform 121
Transform: AffineTransform_float_3_3
Parameters: 0.999998 0.00122542 -0.00160448 -0.00123097 0.999993 -0.00339752 0.0015997 0.00339926 0.999993 -0.175933 -0.01663 -0.513934
FixedParameters: 0 0 0

#Transform 122
Transform: AffineTransform_float_3_3
Parameters: 0.999997 0.00127402 -0.00212446 -0.00128325 0.99999 -0.00431931 0.00211893 0.00432224 0.999989 -0.168302 0.234778 -0.673634
FixedParameters: 0 0 0

#Transform 123
Transform: AffineTransform_float_3_3
Parameters: 0.999997 0.00120328 -0.00181911 -0.0012102 0.999991 -0.00407352 0.00181412 0.00407488 0.99999 -0.181335 0.163012 -0.603805
FixedParameters: 0 0 0

#Transform 124
Transform: AffineTransform_float_3_3
Parameters: 0.999995 0.00135105 -0.00261261 -0.00136004 0.999993 -0.00363775 0.00260806 0.0036415 0.99999 -0.19229 0.0568614 -0.567702
FixedParameters: 0 0 0

#Transform 125
Transform: AffineTransform_float_3_3
Parameters: 0.999996 0.00141323 -0.00265547 -0.00142181 0.999994 -0.00307386 0.00265174 0.00307803 0.999992 -0.19941 0.202061 -0.632659
FixedParameters: 0 0 0

#Transform 126
Transform: AffineTransform_float_3_3
Parameters: 0.999995 0.00159598 -0.00247567 -0.00160627 0.99999 -0.00416572 0.00246854 0.0041703 0.999989 -0.194327 0.207379 -0.607668
FixedParameters: 0 0 0

#Transform 127
Transform: AffineTransform_float_3_3
Parameters: 0.999994 0.00153594 -0.00308673 -0.00154491 0.999995 -0.00286151 0.00308262 0.00286596 0.999991 -0.208404 0.0641457 -0.548845
FixedParameters: 0 0 0

#Transform 128
Transform: AffineTransform_float_3_3
Parameters: 0.999993 0.0018664 -0.00326928 -0.0018802 0.99999 -0.00410417 0.00326247 0.00411052 0.999986 -0.231012 0.260557 -0.709609
FixedParameters: 0 0 0

#Transform 129
Transform: AffineTransform_float_3_3
Parameters: 0.999989 0.00254275 -0.00383722 -0.00256295 0.999982 -0.00535856 0.00382332 0.00536784 0.999979 -0.260791 0.262537 -0.714914
FixedParameters: 0 0 0

#Transform 130
Transform: AffineTransform_float_3_3
Parameters: 0.999992 0.00189604 -0.00371238 -0.00190861 0.999993 -0.00332822 0.00370548 0.00333476 0.999988 -0.224964 0.0569709 -0.564939
FixedParameters: 0 0 0

#Transform 131
Transform: AffineTransform_float_3_3
Parameters: 0.999991 0.00206376 -0.00354494 -0.00207541 0.999993 -0.00322365 0.00353762 0.0032302 0.999989 -0.235429 0.152563 -0.63851
FixedParameters: 0 0 0

#Transform 132
Transform: AffineTransform_float_3_3
Parameters: 0.999991 0.00203793 -0.00374252 -0.00205328 0.99999 -0.00404856 0.00373397 0.00405629 0.999985 -0.225645 0.205853 -0.632711
FixedParameters: 0 0 0

#Transform 133
Transform: AffineTransform_float_3_3
Parameters: 0.999991 0.00178981 -0.00385765 -0.001802 0.999993 -0.00314876 0.00385211 0.00315556 0.999988 -0.220061 0.128611 -0.587033
FixedParameters: 0 0 0

#Transform 134
Transform: AffineTransform_float_3_3
Parameters: 0.999989 0.00227071 -0.00427814 -0.00229193 0.999985 -0.00480841 0.00426687 0.00481835 0.99998 -0.219939 0.246195 -0.680541
FixedParameters: 0 0 0

#Transform 135
Transform: AffineTransform_float_3_3
Parameters: 0.999992 0.00193402 -0.00328451 -0.00195049 0.999986 -0.00488517 0.00327538 0.00489153 0.999982 -0.224541 0.285402 -0.637319
FixedParameters: 0 0 0

#Transform 136
Transform: AffineTransform_float_3_3
Parameters: 0.99999 0.00231755 -0.00399489 -0.00233556 0.999988 -0.00431737 0.00398445 0.00432615 0.999982 -0.222681 0.0787182 -0.620114
FixedParameters: 0 0 0

#Transform 137
Transform: AffineTransform_float_3_3
Parameters: 0.999993 0.00195688 -0.00323344 -0.00197072 0.999989 -0.00430976 0.00322477 0.00431658 0.999986 -0.207169 0.256486 -0.645446
FixedParameters: 0 0 0

#Transform 138
Transform: AffineTransform_float_3_3
Parameters: 0.999988 0.0021534 -0.00425431 -0.00217115 0.99999 -0.00401858 0.00424658 0.00402685 0.999983 -0.224343 0.0951133 -0.638443
FixedParameters: 0 0 0

#Transform 139
Transform: AffineTransform_float_3_3
Parameters: 0.99999 0.00186782 -0.00394324 -0.00188315 0.99999 -0.00408358 0.00393536 0.00409051 0.999984 -0.206395 0.245067 -0.625319
FixedParameters: 0 0 0

#Transform 140
Transform: AffineTransform_float_3_3
Parameters: 0.999988 0.00215402 -0.00437997 -0.00216612 0.999994 -0.00286835 0.00437308 0.00287766 0.999987 -0.22418 0.0513604 -0.523531
FixedParameters: 0 0 0

#Transform 141
Transform: AffineTransform_float_3_3
Parameters: 0.999987 0.00206379 -0.00469499 -0.00207634 0.999993 -0.00284847 0.00468938 0.0028585 0.999985 -0.214728 0.139553 -0.525351
FixedParameters: 0 0 0

#Transform 142
Transform: AffineTransform_float_3_3
Parameters: 0.999983 0.0021848 -0.00542597 -0.00219996 0.999993 -0.00290407 0.0054198 0.00291558 0.999981 -0.227052 0.138969 -0.50469
FixedParameters: 0 0 0

#Transform 143
Transform: AffineTransform_float_3_3
Parameters: 0.999983 0.00245386 -0.00533216 -0.00247155 0.999991 -0.00333859 0.00532392 0.00335153 0.99998 -0.256234 0.20964 -0.568441
FixedParameters: 0 0 0

#Transform 144
Transform: AffineTransform_float_3_3
Parameters: 0.999985 0.0024375 -0.00506582 -0.00246456 0.999984 -0.00519489 0.00505248 0.00520679 0.999974 -0.254651 0.349536 -0.648686
FixedParameters: 0 0 0

#Transform 145
Transform: AffineTransform_float_3_3
Parameters: 0.999981 0.00241727 -0.00569293 -0.00243465 0.999992 -0.00317946 0.00568542 0.00319311 0.999979 -0.258244 0.0509802 -0.4416
FixedParameters: 0 0 0

#Transform 146
Transform: AffineTransform_float_3_3
Parameters: 0.999977 0.00274465 -0.00609712 -0.00276575 0.99999 -0.00339553 0.00608794 0.0034126 0.999976 -0.26301 0.0988464 -0.49458
FixedParameters: 0 0 0

#Transform 147
Transform: AffineTransform_float_3_3
Parameters: 0.999978 0.00277303 -0.0060342 -0.00279535 0.999989 -0.003637 0.00602417 0.00365355 0.999975 -0.260355 0.176034 -0.62392
FixedParameters: 0 0 0

#Transform 148
Transform: AffineTransform_float_3_3
Parameters: 0.999985 0.00252094 -0.00492142 -0.00254522 0.999985 -0.0048397 0.00490864 0.00485167 0.999977 -0.254116 0.20866 -0.626501
FixedParameters: 0 0 0

#Transform 149
Transform: AffineTransform_float_3_3
Parameters: 0.99998 0.00234629 -0.00577152 -0.00236678 0.999991 -0.00359785 0.00576288 0.00361196 0.999976 -0.272368 0.0583278 -0.504867
FixedParameters: 0 0 0
