#Insight Transform File V1.0
#Transform 0
Transform: AffineTransform_float_3_3
Parameters: 0.999999 -0.000453103 0.000625534 0.000452383 0.999999 0.000576115 -0.000626055 -0.000575548 0.999999 0.00579812 -0.101535 0.0606899
FixedParameters: 0 0 0

#Transform 1
Transform: AffineTransform_float_3_3
Parameters: 1 -0.000633354 0.000272619 0.000633274 1 0.000146895 -0.000272805 -0.000146549 1 0.00784857 -0.0558003 0.0315449
FixedParameters: 0 0 0

#Transform 2
Transform: AffineTransform_float_3_3
Parameters: 0.999999 -0.000779034 0.000390948 0.000779016 0.999999 2.38311e-05 -0.000390985 -2.3222e-05 1 0.00948869 -0.048571 0.051014
FixedParameters: 0 0 0

#Transform 3
Transform: AffineTransform_float_3_3
Parameters: 0.999999 -0.00064973 0.000290387 0.000649151 0.999999 0.00102362 -0.000291692 -0.00102415 1 0.00578878 -0.0477394 0.0468132
FixedParameters: 0 0 0

#Transform 4
Transform: AffineTransform_float_3_3
Parameters: 1 -0.000692488 9.46439e-05 0.000692537 0.999999 0.00106576 -9.51065e-05 -0.00106565 1 0.0141223 -0.0509547 0.0355171
FixedParameters: 0 0 0

#Transform 5
Transform: AffineTransform_float_3_3
Parameters: 1 -0.000362221 -0.000108896 0.00036236 0.999999 0.00064082 0.000108431 -0.000640898 1 0.0078704 -0.0445026 0.0265865
FixedParameters: 0 0 0

#Transform 6
Transform: AffineTransform_float_3_3
Parameters: 1 -0.000642947 0.000283022 0.000642573 0.999999 0.000660705 -0.000283872 -0.00066034 0.999999 0.00852005 -0.0321347 0.0418344
FixedParameters: 0 0 0

#Transform 7
Transform: AffineTransform_float_3_3
Parameters: 0.999999 -0.000859798 0.00033517 0.00085937 0.999999 0.00101286 -0.000335897 -0.00101231 1 0.0187006 0.0198185 0.0619446
FixedParameters: 0 0 0

#Transform 8
Transform: AffineTransform_float_3_3
Parameters: 1 -0.00109307 0.000455897 0.00109277 1 0.0003158 -0.00045663 -0.000315213 1 0.0377489 -0.0272403 0.0310576
FixedParameters: 0 0 0

#Transform 9
Transform: AffineTransform_float_3_3
Parameters: 0.999999 -0.000628913 0.000743002 0.000628347 0.999999 0.00120684 -0.000743715 -0.00120594 0.999999 0.0171534 -0.0907222 0.0474456
FixedParameters: 0 0 0

#Transform 10
Transform: AffineTransform_float_3_3
Parameters: 1 -0.000494826 0.000439561 0.000495139 1 0.000791024 -0.000440562 -0.000791013 0.999999 0.0249405 -0.00886141 0.0387878
FixedParameters: 0 0 0

#Transform 11
Transform: AffineTransform_float_3_3
Parameters: 1 -0.000118485 0.000509314 0.000118716 0.999999 0.000731515 -0.000509698 -0.000731408 0.999999 0.0103263 -0.0289219 0.0426879
FixedParameters: 0 0 0

#Transform 12
Transform: AffineTransform_float_3_3
Parameters: 1 -0.000443282 0.000552538 0.000442469 1 0.000931754 -0.000552405 -0.000932612 0.999999 0.0157493 -0.0153932 0.00928747
FixedParameters: 0 0 0

#Transform 13
Transform: AffineTransform_float_3_3
Parameters: 0.999999 -0.000523798 0.000725034 0.000522691 1 0.000791919 -0.000725826 -0.00079116 1 0.0083002 -0.0103379 0.035062
FixedParameters: 0 0 0

#Transform 14
Transform: AffineTransform_float_3_3
Parameters: 0.999999 -0.000522442 0.00072355 0.0005214 0.999999 0.000719944 -0.000724301 -0.000719188 0.999999 0.0144928 -0.0724862 0.0470371
FixedParameters: 0 0 0

#Transform 15
Transform: AffineTransform_float_3_3
Parameters: 1 -4.17586e-05 -5.82198e-05 4.18452e-05 0.999999 0.000744732 5.81575e-05 -0.000744737 0.999999 -0.01218 -0.0138914 0.0538776
FixedParameters: 0 0 0

#Transform 16
Transform: AffineTransform_float_3_3
Parameters: 1 -5.50866e-05 0.000199649 5.48786e-05 1 0.000521032 -0.000199706 -0.00052101 1 -0.00177901 -0.0227855 0.0326352
FixedParameters: 0 0 0

#Transform 17
Transform: AffineTransform_float_3_3
Parameters: 0.999999 -9.77805e-05 0.000801963 9.69566e-05 1 0.000513737 -0.000802064 -0.00051358 0.999999 -0.00917618 -0.0358187 0.0365292
FixedParameters: 0 0 0

#Transform 18
Transform: AffineTransform_float_3_3
Parameters: 1 4.24701e-06 0.00045577 -4.54663e-06 1 0.000328687 -0.000455767 -0.000328691 1 -0.02337 -0.0232417 0.0135648
FixedParameters: 0 0 0

#Transform 19
Transform: AffineTransform_float_3_3
Parameters: 1 -0.000215144 -3.41785e-05 0.000215141 1 -3.92625e-05 3.41954e-05 3.92477e-05 1 0.0202414 0.0358238 -0.00696373
FixedParameters: 0 0 0

#Transform 20
Transform: AffineTransform_float_3_3
Parameters: 1 -0.000151319 -0.000302705 0.00015133 1 1.7502e-05 0.0003027 -1.75936e-05 1 0.0162523 -0.019936 0.00549492
FixedParameters: 0 0 0

#Transform 21
Transform: AffineTransform_float_3_3
Parameters: 1 -0.000411906 1.53622e-05 0.000411894 1 0.000397266 -1.56894e-05 -0.000397253 1 0.0225246 -0.016 0.0112165
FixedParameters: 0 0 0

#Transform 22
Transform: AffineTransform_float_3_3
Parameters: 1 0.000181422 0.000651167 -0.000181585 0.999999 0.000882159 -0.000651013 -0.000881999 1 -0.0456459 0.02458 0.0441161
FixedParameters: 0 0 0

#Transform 23
Transform: AffineTransform_float_3_3
Parameters: 1 0.000500656 0.000261153 -0.000500033 0.999999 0.000678871 -0.000260684 -0.000679146 0.999999 -0.0324216 -0.0691156 0.0499858
FixedParameters: 0 0 0

#Transform 24
Transform: AffineTransform_float_3_3
Parameters: 1 0.000585999 0.000230696 -0.000585991 1 -1.71907e-05 -0.000230716 1.69203e-05 1 -0.0229458 0.0517409 -0.0419854
FixedParameters: 0 0 0

#Transform 25
Transform: AffineTransform_float_3_3
Parameters: 0.999999 0.000202899 0.000834543 -0.000203748 1 0.000508336 -0.000834336 -0.000508675 0.999999 -0.0224248 -0.00107891 0.0210079
FixedParameters: 0 0 0

#Transform 26
Transform: AffineTransform_float_3_3
Parameters: 1 0.000525274 0.00088147 -0.000525431 1 6.48079e-05 -0.000881438 -6.57333e-05 0.999999 -0.0315926 -0.0666605 0.0363474
FixedParameters: 0 0 0

#Transform 27
Transform: AffineTransform_float_3_3
Parameters: 0.999999 0.000202647 0.000752636 -0.000202313 1 -0.000222237 -0.000752726 0.000221932 0.999999 -0.021596 -0.00825751 -0.0148585
FixedParameters: 0 0 0

#Transform 28
Transform: AffineTransform_float_3_3
Parameters: 1 7.13538e-05 0.000528296 -7.16363e-05 1 0.000267346 -0.000528258 -0.000267422 1 -0.0265268 0.0485541 -0.0194208
FixedParameters: 0 0 0

#Transform 29
Transform: AffineTransform_float_3_3
Parameters: 1 0.000486173 0.00027749 -0.000486515 0.999999 0.000616252 -0.000276891 -0.000616522 1 -0.0269873 0.0157854 0.0224048
FixedParameters: 0 0 0

#Transform 30
Transform: AffineTransform_float_3_3
Parameters: 1 0.000215232 0.000494635 -0.000215336 1 0.000105561 -0.000494589 -0.000105774 1 -0.0195668 -0.00993145 -0.00119637
FixedParameters: 0 0 0

#Transform 31
Transform: AffineTransform_float_3_3
Parameters: 1 0.000157865 0.000493471 -0.000158162 1 -0.00068874 -0.000493478 0.000688598 0.999999 -0.0160654 0.0291897 -0.0395388
FixedParameters: 0 0 0

#Transform 32
Transform: AffineTransform_float_3_3
Parameters: 1 0.000141783 0.000511397 -0.00014195 1 0.000162917 -0.00051135 -0.000163063 1 -0.0156458 -0.00699323 -0.0138353
FixedParameters: 0 0 0

#Transform 33
Transform: AffineTransform_float_3_3
Parameters: 0.999999 0.000605081 0.00038754 -0.000604853 0.999999 -0.0012297 -0.000387804 0.00122921 0.999999 -0.035374 0.0766449 -0.0831922
FixedParameters: 0 0 0

#Transform 34
Transform: AffineTransform_float_3_3
Parameters: 0.999999 0.00186867 9.87265e-05 -0.0018683 0.999996 -0.00204924 -0.000102269 0.00204887 0.999998 -0.0837148 0.0417185 -0.0560473
FixedParameters: 0 0 0

#Transform 35
Transform: AffineTransform_float_3_3
Parameters: 0.999998 0.00209096 4.75494e-05 -0.00209016 0.999994 -0.00301144 -5.39617e-05 0.00301118 0.999996 -0.0986332 0.130407 -0.0958214
FixedParameters: 0 0 0

#Transform 36
Transform: AffineTransform_float_3_3
Parameters: 0.999998 0.00196804 0.000534977 -0.00196664 0.999995 -0.00225028 -0.000539459 0.00224859 0.999997 -0.113483 0.0443741 -0.0640612
FixedParameters: 0 0 0

#Transform 37
Transform: AffineTransform_float_3_3
Parameters: 0.999997 0.00213678 0.000252132 -0.0021361 0.999994 -0.00276219 -0.000258557 0.00276109 0.999996 -0.112924 0.0516471 -0.0745481
FixedParameters: 0 0 0

#Transform 38
Transform: AffineTransform_float_3_3
Parameters: 0.999997 0.00215697 -2.02322e-05 -0.0021563 0.999991 -0.00366395 1.1657e-05 0.00366395 0.999993 -0.087991 0.0635373 -0.0926965
FixedParameters: 0 0 0

#Transform 39
Transform: AffineTransform_float_3_3
Parameters: 0.999998 0.00199769 0.000499119 -0.00199498 0.999991 -0.00381766 -0.000506656 0.00381693 0.999993 -0.0863387 0.104655 -0.102958
FixedParameters: 0 0 0

#Transform 40
Transform: AffineTransform_float_3_3
Parameters: 0.999998 0.00213812 0.000123592 -0.00213802 0.99999 -0.00396372 -0.000131877 0.0039631 0.999992 -0.0970304 0.0530662 -0.102248
FixedParameters: 0 0 0

#Transform 41
Transform: AffineTransform_float_3_3
Parameters: 0.999999 0.0018926 -2.38874e-05 -0.00189189 0.99999 -0.00421495 1.5238e-05 0.00421495 0.999991 -0.0899309 0.0675293 -0.120069
FixedParameters: 0 0 0

#Transform 42
Transform: AffineTransform_float_3_3
Parameters: 0.999998 0.00230173 5.10553e-05 -0.00230205 0.99999 -0.00384601 -5.9158e-05 0.00384566 0.999993 -0.112792 0.0709843 -0.077845
FixedParameters: 0 0 0

#Transform 43
Transform: AffineTransform_float_3_3
Parameters: 0.999997 0.00241285 0.000331155 -0.00241098 0.999986 -0.00473496 -0.000343046 0.00473414 0.999989 -0.118496 0.108442 -0.105594
FixedParameters: 0 0 0

#Transform 44
Transform: AffineTransform_float_3_3
Parameters: 0.999996 0.00258928 0.000298126 -0.00258807 0.999981 -0.00565241 -0.000311929 0.00565156 0.999984 -0.123192 0.0557476 -0.139552
FixedParameters: 0 0 0

#Transform 45
Transform: AffineTransform_float_3_3
Parameters: 0.999997 0.00270497 0.000481119 -0.00270209 0.999975 -0.00656906 -0.000498615 0.00656712 0.999979 -0.124282 0.146729 -0.18237
FixedParameters: 0 0 0

#Transform 46
Transform: AffineTransform_float_3_3
Parameters: 0.999996 0.00284102 0.000709605 -0.00283556 0.999973 -0.00675321 -0.000728681 0.00675073 0.999977 -0.132982 0.0875312 -0.145787
FixedParameters: 0 0 0

#Transform 47
Transform: AffineTransform_float_3_3
Parameters: 0.999995 0.00297384 0.000558776 -0.00296947 0.999967 -0.00760891 -0.000581376 0.00760757 0.999971 -0.134723 0.0747654 -0.195058
FixedParameters: 0 0 0

#Transform 48
Transform: AffineTransform_float_3_3
Parameters: 0.999995 0.00293284 0.000466743 -0.00292943 0.999973 -0.00676002 -0.000486355 0.00675839 0.999977 -0.132487 0.0473698 -0.150799
FixedParameters: 0 0 0

#Transform 49
Transform: AffineTransform_float_3_3
Parameters: 0.999996 0.00285097 0.000146561 -0.00284968 0.999976 -0.00630363 -0.000165188 0.006303 0.999981 -0.126071 0.073274 -0.156094
FixedParameters: 0 0 0

#Transform 50
Transform: AffineTransform_float_3_3
Parameters: 0.999995 0.00295903 0.000583668 -0.00295499 0.999973 -0.00677039 -0.00060347 0.00676896 0.999977 -0.134404 0.0998904 -0.209185
FixedParameters: 0 0 0

#Transform 51
Transform: AffineTransform_float_3_3
Parameters: 0.999995 0.00302562 0.000900681 -0.0030198 0.999974 -0.00662072 -0.000921091 0.00661735 0.999977 -0.13886 0.108098 -0.16372
FixedParameters: 0 0 0

#Transform 52
Transform: AffineTransform_float_3_3
Parameters: 0.999994 0.00339849 0.000818046 -0.00339312 0.999973 -0.0066125 -0.000840443 0.00660943 0.999977 -0.136842 0.105385 -0.150267
FixedParameters: 0 0 0

#Transform 53
Transform: AffineTransform_float_3_3
Parameters: 0.999993 0.00398387 0.000250248 -0.00398161 0.999968 -0.00687471 -0.000277296 0.00687325 0.999977 -0.150362 0.0527069 -0.193372
FixedParameters: 0 0 0

#Transform 54
Transform: AffineTransform_float_3_3
Parameters: 0.999993 0.00371383 0.000745009 -0.00370849 0.999971 -0.00676135 -0.000769705 0.00675913 0.999977 -0.150274 0.102422 -0.171841
FixedParameters: 0 0 0

#Transform 55
Transform: AffineTransform_float_3_3
Parameters: 0.999994 0.00347974 0.000780339 -0.00347432 0.999965 -0.00759061 -0.000807004 0.00758761 0.99997 -0.136726 0.156882 -0.231672
FixedParameters: 0 0 0

#Transform 56
Transform: AffineTransform_float_3_3
Parameters: 0.999994 0.00351967 0.000612933 -0.00351515 0.99996 -0.00823408 -0.000641635 0.0082312 0.999966 -0.130008 0.0954121 -0.248505
FixedParameters: 0 0 0

#Transform 57
Transform: AffineTransform_float_3_3
Parameters: 0.999994 0.00348069 0.000779136 -0.003475 0.999965 -0.00764039 -0.000805141 0.00763778 0.999971 -0.128954 0.124138 -0.24457
FixedParameters: 0 0 0

#Transform 58
Transform: AffineTransform_float_3_3
Parameters: 0.999993 0.0035561 0.000917803 -0.00354704 0.99995 -0.00943736 -0.000951373 0.00943445 0.999955 -0.131338 0.130755 -0.254185
FixedParameters: 0 0 0

#Transform 59
Transform: AffineTransform_float_3_3
Parameters: 0.999992 0.004006 0.000752766 -0.00399861 0.999945 -0.00964599 -0.000791678 0.0096426 0.999953 -0.159242 0.0800484 -0.318521
FixedParameters: 0 0 0

#Transform 60
Transform: AffineTransform_float_3_3
Parameters: 0.999993 0.0035237 0.000740644 -0.00351624 0.999947 -0.00973789 -0.000774913 0.00973492 0.999952 -0.148415 0.152335 -0.337429
FixedParameters: 0 0 0

#Transform 61
Transform: AffineTransform_float_3_3
Parameters: 0.999992 0.00366047 0.00138595 -0.00364758 0.999949 -0.00940885 -0.0014202 0.00940372 0.999955 -0.147202 0.153581 -0.30221
FixedParameters: 0 0 0

#Transform 62
Transform: AffineTransform_float_3_3
Parameters: 0.999993 0.00355412 0.00100166 -0.00354501 0.999957 -0.00860201 -0.00103173 0.00859765 0.999963 -0.136348 0.0902848 -0.263499
FixedParameters: 0 0 0

#Transform 63
Transform: AffineTransform_float_3_3
Parameters: 0.999993 0.00355635 0.000930026 -0.00354749 0.999951 -0.0093366 -0.0009639 0.00933363 0.999956 -0.130585 0.132494 -0.282929
FixedParameters: 0 0 0

#Transform 64
Transform: AffineTransform_float_3_3
Parameters: 0.999993 0.00358087 0.00110308 -0.00357156 0.999955 -0.00876493 -0.0011343 0.00876113 0.999961 -0.128218 0.153624 -0.308368
FixedParameters: 0 0 0

#Transform 65
Transform: AffineTransform_float_3_3
Parameters: 0.999994 0.00324924 0.00122964 -0.00323929 0.999958 -0.00851132 -0.00125733 0.00850797 0.999963 -0.118188 0.109022 -0.296043
FixedParameters: 0 0 0

#Transform 66
Transform: AffineTransform_float_3_3
Parameters: 0.999995 0.00318238 0.00127066 -0.00317085 0.999957 -0.00875052 -0.00129767 0.00874614 0.999961 -0.116237 0.133867 -0.322066
FixedParameters: 0 0 0

#Transform 67
Transform: AffineTransform_float_3_3
Parameters: 0.999994 0.00321947 0.00128786 -0.00320742 0.999957 -0.00880759 -0.00131589 0.0088035 0.99996 -0.127281 0.130194 -0.299532
FixedParameters: 0 0 0

#Transform 68
Transform: AffineTransform_float_3_3
Parameters: 0.999993 0.00334656 0.00165708 -0.00333292 0.99996 -0.00833995 -0.00168469 0.00833355 0.999964 -0.136477 0.105358 -0.244584
FixedParameters: 0 0 0

#Transform 69
Transform: AffineTransform_float_3_3
Parameters: 0.999993 0.00342784 0.00133762 -0.0034146 0.999945 -0.00988356 -0.00137151 0.00987893 0.999951 -0.132174 0.13757 -0.318256
FixedParameters: 0 0 0

#Transform 70
Transform: AffineTransform_float_3_3
Parameters: 0.999994 0.00310167 0.00172679 -0.00308638 0.999958 -0.00857558 -0.00175359 0.00857002 0.999962 -0.12991 0.161776 -0.281056
FixedParameters: 0 0 0

#Transform 71
Transform: AffineTransform_float_3_3
Parameters: 0.999994 0.00331964 0.00113077 -0.0033104 0.999961 -0.00815273 -0.00115787 0.00814852 0.999966 -0.139624 0.142807 -0.269848
FixedParameters: 0 0 0

#Transform 72
Transform: AffineTransform_float_3_3
Parameters: 0.999993 0.00331911 0.00135632 -0.00330691 0.999956 -0.00877754 -0.00138568 0.00877275 0.99996 -0.128655 0.169039 -0.263911
FixedParameters: 0 0 0

#Transform 73
Transform: AffineTransform_float_3_3
Parameters: 0.999993 0.00326241 0.00152301 -0.00324797 0.999955 -0.00887036 -0.00155171 0.00886507 0.999959 -0.138046 0.118443 -0.296926
FixedParameters: 0 0 0

#Transform 74
Transform: AffineTransform_float_3_3
Parameters: 0.999994 0.00321202 0.00129868 -0.00319962 0.999956 -0.0088638 -0.00132689 0.00886007 0.99996 -0.126779 0.140115 -0.28446
FixedParameters: 0 0 0

#Transform 75
Transform: AffineTransform_float_3_3
Parameters: 0.999994 0.00325419 0.00144481 -0.0032409 0.999952 -0.00923875 -0.00147545 0.009234 0.999956 -0.147292 0.120173 -0.275897
FixedParameters: 0 0 0

#Transform 76
Transform: AffineTransform_float_3_3
Parameters: 0.999994 0.00325716 0.00144123 -0.0032432 0.999951 -0.00938771 -0.00147183 0.00938294 0.999955 -0.13078 0.115163 -0.311109
FixedParameters: 0 0 0

#Transform 77
Transform: AffineTransform_float_3_3
Parameters: 0.999994 0.00320698 0.00127625 -0.00319519 0.999956 -0.00886333 -0.00130534 0.00885979 0.99996 -0.126899 0.145952 -0.315776
FixedParameters: 0 0 0

#Transform 78
Transform: AffineTransform_float_3_3
Parameters: 0.999994 0.00323408 0.00146932 -0.0032214 0.999961 -0.00822425 -0.0014969 0.00821944 0.999966 -0.130577 0.112647 -0.298009
FixedParameters: 0 0 0

#Transform 79
Transform: AffineTransform_float_3_3
Parameters: 0.999994 0.00325995 0.00143781 -0.00324559 0.999949 -0.00952864 -0.00146935 0.00952388 0.999953 -0.131335 0.119318 -0.343788
FixedParameters: 0 0 0

#Transform 80
Transform: AffineTransform_float_3_3
Parameters: 0.999994 0.00327248 0.00142252 -0.00325786 0.999943 -0.0101613 -0.00145583 0.0101566 0.999947 -0.130422 0.160049 -0.34719
FixedParameters: 0 0 0

#Transform 81
Transform: AffineTransform_float_3_3
Parameters: 0.999994 0.00325304 0.00144625 -0.00323891 0.999953 -0.00917981 -0.00147668 0.00917503 0.999957 -0.130962 0.132391 -0.340783
FixedParameters: 0 0 0

#Transform 82
Transform: AffineTransform_float_3_3
Parameters: 0.999994 0.00306759 0.00165881 -0.00305191 0.999951 -0.00940587 -0.00168747 0.00940082 0.999954 -0.128749 0.157457 -0.298998
FixedParameters: 0 0 0

#Transform 83
Transform: AffineTransform_float_3_3
Parameters: 0.999994 0.00324608 0.00174143 -0.00322975 0.999951 -0.00936594 -0.00177202 0.00936066 0.999954 -0.142242 0.15827 -0.228243
FixedParameters: 0 0 0

#Transform 84
Transform: AffineTransform_float_3_3
Parameters: 0.999994 0.00328023 0.00167754 -0.00326597 0.999961 -0.00821132 -0.00170439 0.00820635 0.999965 -0.13973 0.111878 -0.180765
FixedParameters: 0 0 0

#Transform 85
Transform: AffineTransform_float_3_3
Parameters: 0.999994 0.00324734 0.00145316 -0.00323427 0.999955 -0.00889292 -0.00148273 0.00888815 0.999959 -0.12907 0.134784 -0.249322
FixedParameters: 0 0 0

#Transform 86
Transform: AffineTransform_float_3_3
Parameters: 0.999994 0.00319294 0.00131209 -0.00318163 0.999964 -0.00798324 -0.001338 0.00797913 0.999967 -0.142244 0.122648 -0.231962
FixedParameters: 0 0 0

#Transform 87
Transform: AffineTransform_float_3_3
Parameters: 0.999992 0.00356666 0.00160224 -0.00355262 0.999957 -0.00856817 -0.00163309 0.00856319 0.999962 -0.154146 0.131522 -0.242374
FixedParameters: 0 0 0

#Transform 88
Transform: AffineTransform_float_3_3
Parameters: 0.999994 0.00323366 0.00144248 -0.0032213 0.999959 -0.00844569 -0.00146929 0.00844102 0.999963 -0.162639 0.0935585 -0.273176
FixedParameters: 0 0 0

#Transform 89
Transform: AffineTransform_float_3_3
Parameters: 0.999993 0.00342673 0.00152825 -0.0034128 0.999954 -0.00891777 -0.001559 0.00891192 0.999959 -0.149829 0.135332 -0.252227
FixedParameters: 0 0 0

#Transform 90
Transform: AffineTransform_float_3_3
Parameters: 0.999993 0.00327428 0.0016017 -0.00325944 0.999957 -0.008643 -0.00163017 0.0086381 0.999961 -0.151323 0.0481632 -0.239211
FixedParameters: 0 0 0

#Transform 91
Transform: AffineTransform_float_3_3
Parameters: 0.999994 0.0032859 0.0016335 -0.00327068 0.999956 -0.00882162 -0.00166211 0.00881555 0.99996 -0.150064 0.117735 -0.233913
FixedParameters: 0 0 0

#Transform 92
Transform: AffineTransform_float_3_3
Parameters: 0.999994 0.00329227 0.00163077 -0.00327707 0.999953 -0.00909636 -0.00166097 0.0090907 0.999958 -0.14984 0.144124 -0.250327
FixedParameters: 0 0 0

#Transform 93
Transform: AffineTransform_float_3_3
Parameters: 0.999993 0.00349461 0.00148316 -0.00348075 0.999951 -0.00928396 -0.0015154 0.00927867 0.999956 -0.153381 0.112055 -0.295763
FixedParameters: 0 0 0

#Transform 94
Transform: AffineTransform_float_3_3
Parameters: 0.999993 0.00357522 0.00141785 -0.00356196 0.999954 -0.00887583 -0.00144925 0.00887074 0.999959 -0.153569 0.122067 -0.275964
FixedParameters: 0 0 0

#Transform 95
Transform: AffineTransform_float_3_3
Parameters: 0.999991 0.00385359 0.00155348 -0.00383929 0.999953 -0.00891358 -0.00158771 0.00890753 0.999959 -0.15938 0.177914 -0.277065
FixedParameters: 0 0 0

#Transform 96
Transform: AffineTransform_float_3_3
Parameters: 0.99999 0.00417098 0.0014734 -0.00415737 0.999947 -0.0094418 -0.00151322 0.00943582 0.999954 -0.166569 0.117175 -0.308544
FixedParameters: 0 0 0

#Transform 97
Transform: AffineTransform_float_3_3
Parameters: 0.999991 0.00407908 0.00101955 -0.00406861 0.999943 -0.00988255 -0.00106003 0.00987779 0.99995 -0.159042 0.127636 -0.341618
FixedParameters: 0 0 0

#Transform 98
Transform: AffineTransform_float_3_3
Parameters: 0.999989 0.00441067 0.00126633 -0.00439921 0.999949 -0.00916485 -0.0013059 0.00915906 0.999957 -0.167593 0.149659 -0.311862
FixedParameters: 0 0 0

#Transform 99
Transform: AffineTransform_float_3_3
Parameters: 0.999989 0.00443844 0.00123304 -0.00442535 0.999935 -0.0105572 -0.00127942 0.0105506 0.999944 -0.168484 0.162681 -0.367728
FixedParameters: 0 0 0

#Transform 100
Transform: AffineTransform_float_3_3
Parameters: 0.999989 0.00443141 0.00124212 -0.00441863 0.999938 -0.0101984 -0.00128749 0.0101927 0.999947 -0.169211 0.101232 -0.327151
FixedParameters: 0 0 0

#Transform 101
Transform: AffineTransform_float_3_3
Parameters: 0.999989 0.0044447 0.00122492 -0.00443161 0.999931 -0.010877 -0.00127298 0.0108704 0.99994 -0.184714 0.222 -0.355415
FixedParameters: 0 0 0

#Transform 102
Transform: AffineTransform_float_3_3
Parameters: 0.999989 0.0044457 0.00122369 -0.00443243 0.999931 -0.010926 -0.00127216 0.0109204 0.99994 -0.177779 0.0904285 -0.32181
FixedParameters: 0 0 0

#Transform 103
Transform: AffineTransform_float_3_3
Parameters: 0.999989 0.00445416 0.00156316 -0.00443658 0.999923 -0.0116214 -0.00161539 0.0116145 0.999932 -0.174694 0.179635 -0.35101
FixedParameters: 0 0 0

#Transform 104
Transform: AffineTransform_float_3_3
Parameters: 0.999989 0.00444775 0.00122102 -0.00443423 0.99993 -0.011031 -0.00127043 0.0110254 0.999938 -0.170202 0.121409 -0.285937
FixedParameters: 0 0 0

#Transform 105
Transform: AffineTransform_float_3_3
Parameters: 0.99999 0.00422161 0.00161026 -0.00420447 0.99994 -0.0100577 -0.00165264 0.0100513 0.999948 -0.170229 0.140962 -0.262677
FixedParameters: 0 0 0

#Transform 106
Transform: AffineTransform_float_3_3
Parameters: 0.99999 0.00417748 0.00150068 -0.00415994 0.999926 -0.0113833 -0.00154814 0.0113769 0.999934 -0.172415 0.14157 -0.342739
FixedParameters: 0 0 0

#Transform 107
Transform: AffineTransform_float_3_3
Parameters: 0.99999 0.00412585 0.0015214 -0.00410887 0.999931 -0.0109453 -0.00156639 0.0109394 0.999939 -0.168516 0.115294 -0.295668
FixedParameters: 0 0 0

#Transform 108
Transform: AffineTransform_float_3_3
Parameters: 0.999991 0.00391273 0.00181112 -0.0038917 0.999925 -0.0116341 -0.0018564 0.0116261 0.999931 -0.168069 0.128617 -0.30303
FixedParameters: 0 0 0

#Transform 109
Transform: AffineTransform_float_3_3
Parameters: 0.99999 0.00428497 0.00132887 -0.004269 0.999924 -0.0116165 -0.00137802 0.0116098 0.999932 -0.161446 0.154412 -0.312518
FixedParameters: 0 0 0

#Transform 110
Transform: AffineTransform_float_3_3
Parameters: 0.999989 0.00428553 0.00132206 -0.0042694 0.999919 -0.0119403 -0.00137261 0.011935 0.999928 -0.167398 0.181275 -0.304799
FixedParameters: 0 0 0

#Transform 111
Transform: AffineTransform_float_3_3
Parameters: 0.99999 0.00396538 0.0019449 -0.00394181 0.999914 -0.0124917 -0.00199474 0.0124839 0.99992 -0.155977 0.13907 -0.302913
FixedParameters: 0 0 0

#Transform 112
Transform: AffineTransform_float_3_3
Parameters: 0.999989 0.00423345 0.00206568 -0.00420729 0.999913 -0.0124727 -0.00211894 0.0124632 0.99992 -0.160692 0.128341 -0.296526
FixedParameters: 0 0 0

#Transform 113
Transform: AffineTransform_float_3_3
Parameters: 0.99999 0.00411833 0.00190739 -0.00409228 0.999907 -0.0130211 -0.0019603 0.0130129 0.999913 -0.15267 0.117412 -0.298166
FixedParameters: 0 0 0

#Transform 114
Transform: AffineTransform_float_3_3
Parameters: 0.99999 0.00399885 0.00212461 -0.00397316 0.999918 -0.0122066 -0.00217291 0.0121981 0.999924 -0.165011 0.142338 -0.284295
FixedParameters: 0 0 0

#Transform 115
Transform: AffineTransform_float_3_3
Parameters: 0.99999 0.00398256 0.00214432 -0.00395798 0.999927 -0.011414 -0.00218987 0.0114054 0.999932 -0.155062 0.0981758 -0.281965
FixedParameters: 0 0 0

#Transform 116
Transform: AffineTransform_float_3_3
Parameters: 0.99999 0.0042238 0.00161094 -0.00420302 0.999905 -0.0130919 -0.00166668 0.0130848 0.999913 -0.168424 0.120855 -0.348368
FixedParameters: 0 0 0

#Transform 117
Transform: AffineTransform_float_3_3
Parameters: 0.99999 0.00424481 0.00196501 -0.00422096 0.999923 -0.0117018 -0.00201425 0.0116927 0.999929 -0.171284 0.106506 -0.227495
FixedParameters: 0 0 0

#Transform 118
Transform: AffineTransform_float_3_3
Parameters: 0.99999 0.00396824 0.00206843 -0.00394485 0.999926 -0.0115236 -0.0021145 0.0115153 0.999931 -0.162295 0.190529 -0.221903
FixedParameters: 0 0 0

#Transform 119
Transform: AffineTransform_float_3_3
Parameters: 0.999987 0.00464477 0.00211094 -0.00461982 0.999918 -0.0120003 -0.00216622 0.01199 0.999926 -0.174979 0.144946 -0.239818
FixedParameters: 0 0 0

#Transform 120
Transform: AffineTransform_float_3_3
Parameters: 0.999988 0.00463121 0.002104 -0.00460489 0.999911 -0.0124814 -0.00216196 0.0124716 0.99992 -0.186437 0.111094 -0.31972
FixedParameters: 0 0 0

#Transform 121
Transform: AffineTransform_float_3_3
Parameters: 0.99999 0.00404888 0.00229542 -0.00401935 0.999912 -0.0126311 -0.00234553 0.0126223 0.999918 -0.162304 0.160049 -0.321729
FixedParameters: 0 0 0

#Transform 122
Transform: AffineTransform_float_3_3
Parameters: 0.999989 0.00403114 0.00224224 -0.00400347 0.999914 -0.0124179 -0.00229246 0.0124088 0.999921 -0.175722 0.157374 -0.317556
FixedParameters: 0 0 0

#Transform 123
Transform: AffineTransform_float_3_3
Parameters: 0.999988 0.00435429 0.00212625 -0.0043228 0.999886 -0.0144752 -0.00218929 0.0144667 0.999893 -0.168836 0.169304 -0.381367
FixedParameters: 0 0 0

#Transform 124
Transform: AffineTransform_float_3_3
Parameters: 0.999989 0.00379274 0.00278353 -0.00374825 0.999868 -0.0158022 -0.00284346 0.015791 0.999871 -0.163952 0.157982 -0.389961
FixedParameters: 0 0 0

#Transform 125
Transform: AffineTransform_float_3_3
Parameters: 0.999988 0.00404418 0.00254859 -0.00401574 0.999931 -0.0110187 -0.00259278 0.0110081 0.999936 -0.179513 0.131567 -0.254855
FixedParameters: 0 0 0

#Transform 126
Transform: AffineTransform_float_3_3
Parameters: 0.999987 0.00442959 0.00230071 -0.00440355 0.999923 -0.0115419 -0.00235178 0.0115318 0.999931 -0.183884 0.143766 -0.282411
FixedParameters: 0 0 0

#Transform 127
Transform: AffineTransform_float_3_3
Parameters: 0.999985 0.00512636 0.00190717 -0.00510177 0.999907 -0.0126112 -0.00197221 0.0126016 0.999918 -0.214788 0.140829 -0.316384
FixedParameters: 0 0 0

#Transform 128
Transform: AffineTransform_float_3_3
Parameters: 0.999984 0.0049799 0.00256396 -0.00494394 0.999892 -0.0138485 -0.00263209 0.0138353 0.9999 -0.212078 0.135741 -0.331847
FixedParameters: 0 0 0

#Transform 129
Transform: AffineTransform_float_3_3
Parameters: 0.999984 0.00511635 0.00237103 -0.005084 0.999894 -0.0135815 -0.00244007 0.013569 0.999905 -0.211425 0.13499 -0.29795
FixedParameters: 0 0 0

#Transform 130
Transform: AffineTransform_float_3_3
Parameters: 0.999984 0.00515201 0.00238752 -0.00511726 0.999884 -0.0143508 -0.00246146 0.0143388 0.999894 -0.214141 0.113266 -0.363942
FixedParameters: 0 0 0

#Transform 131
Transform: AffineTransform_float_3_3
Parameters: 0.999985 0.00492684 0.00245511 -0.00489274 0.999896 -0.0136024 -0.00252208 0.0135906 0.999905 -0.209287 0.118617 -0.298835
FixedParameters: 0 0 0

#Transform 132
Transform: AffineTransform_float_3_3
Parameters: 0.999985 0.00488589 0.002385 -0.00485388 0.9999 -0.0132843 -0.00245032 0.013272 0.999909 -0.211491 0.131978 -0.294277
FixedParameters: 0 0 0

#Transform 133
Transform: AffineTransform_float_3_3
Parameters: 0.999984 0.00517221 0.00236618 -0.00513486 0.999873 -0.0151353 -0.00244398 0.0151234 0.999883 -0.214792 0.08728 -0.357781
FixedParameters: 0 0 0

#Transform 134
Transform: AffineTransform_float_3_3
Parameters: 0.999983 0.00545031 0.0022762 -0.00541216 0.999852 -0.0163295 -0.00236487 0.0163175 0.999864 -0.209012 0.125364 -0.42832
FixedParameters: 0 0 0

#Transform 135
Transform: AffineTransform_float_3_3
Parameters: 0.999985 0.00501905 0.00239278 -0.00498081 0.999866 -0.0155514 -0.00247039 0.0155395 0.999876 -0.212127 0.122091 -0.394679
FixedParameters: 0 0 0

#Transform 136
Transform: AffineTransform_float_3_3
Parameters: 0.999985 0.00497874 0.00242318 -0.00494234 0.999881 -0.0145512 -0.00249594 0.0145384 0.999891 -0.21132 0.10488 -0.351158
FixedParameters: 0 0 0

#Transform 137
Transform: AffineTransform_float_3_3
Parameters: 0.999984 0.00493051 0.0024043 -0.00489145 0.99986 -0.0159792 -0.00248265 0.0159667 0.99987 -0.209939 0.180354 -0.432049
FixedParameters: 0 0 0

#Transform 138
Transform: AffineTransform_float_3_3
Parameters: 0.999985 0.00493777 0.00238152 -0.00489587 0.999844 -0.0169838 -0.00246476 0.0169728 0.999853 -0.20971 0.172496 -0.423696
FixedParameters: 0 0 0

#Transform 139
Transform: AffineTransform_float_3_3
Parameters: 0.999983 0.00521266 0.00243097 -0.00517458 0.999864 -0.0157037 -0.00251255 0.0156909 0.999874 -0.215234 0.147987 -0.374434
FixedParameters: 0 0 0

#Transform 140
Transform: AffineTransform_float_3_3
Parameters: 0.999987 0.00487637 0.00147979 -0.00485712 0.999909 -0.0126213 -0.00154193 0.0126137 0.999919 -0.207396 0.163037 -0.296271
FixedParameters: 0 0 0

#Transform 141
Transform: AffineTransform_float_3_3
Parameters: 0.999976 0.00629604 0.00292895 -0.00622041 0.999663 -0.0251954 -0.0030868 0.0251767 0.999678 -0.228518 0.166508 -0.495198
FixedParameters: 0 0 0

#Transform 142
Transform: AffineTransform_float_3_3
Parameters: 0.999983 0.00496233 0.00287223 -0.00493055 0.99993 -0.0107511 -0.00292546 0.0107365 0.999938 -0.220425 0.103645 -0.204843
FixedParameters: 0 0 0

#Transform 143
Transform: AffineTransform_float_3_3
Parameters: 0.999982 0.00510651 0.00297963 -0.00506001 0.999873 -0.0151457 -0.00305636 0.0151302 0.999881 -0.215886 0.160213 -0.340671
FixedParameters: 0 0 0

#Transform 144
Transform: AffineTransform_float_3_3
Parameters: 0.999981 0.00536558 0.00291799 -0.00532047 0.999869 -0.0152295 -0.00299935 0.0152135 0.999879 -0.212135 0.157765 -0.35823
FixedParameters: 0 0 0

#Transform 145
Transform: AffineTransform_float_3_3
Parameters: 0.999981 0.00515897 0.00329953 -0.00510224 0.999846 -0.0167857 -0.00338588 0.0167684 0.999854 -0.211712 0.192088 -0.389471
FixedParameters: 0 0 0

#Transform 146
Transform: AffineTransform_float_3_3
Parameters: 0.999983 0.00513 0.00305649 -0.00507937 0.99985 -0.0165519 -0.0031416 0.0165368 0.999858 -0.217695 0.113988 -0.358093
FixedParameters: 0 0 0

#Transform 147
Transform: AffineTransform_float_3_3
Parameters: 0.999982 0.00521062 0.00303222 -0.0051593 0.999846 -0.0168134 -0.00311941 0.0167975 0.999854 -0.224368 0.0925526 -0.358926
FixedParameters: 0 0 0

#Transform 148
Transform: AffineTransform_float_3_3
Parameters: 0.999982 0.00541568 0.00243291 -0.00536835 0.999804 -0.0190693 -0.0025363 0.0190561 0.999815 -0.222518 0.14515 -0.418772
FixedParameters: 0 0 0

#Transform 149
Transform: AffineTransform_float_3_3
Parameters: 0.999979 0.0055053 0.00335752 -0.00544246 0.999814 -0.0185213 -0.00345906 0.0185022 0.999823 -0.227257 0.131401 -0.392838
FixedParameters: 0 0 0
