# transform file /out/sourcedata/freesurfer/sub-v1s17x0050243_ses-1/mri/transforms/cc_up.lta
# created by oesteban on Mon Mar  9 02:55:26 2026

type      = 0 # LINEAR_VOX_TO_VOX
nxforms   = 1
mean      = 128.0000 108.0000 109.0000
sigma     = 10000.0000
1 4 4
9.983232617378235e-01 7.696256216149777e-05 -5.788648501038551e-02 6.043930530548096e+00 
-7.683350850129500e-05 1.000000000000000e+00 4.455091584532056e-06 4.000939559936523e+01 
5.788648501038551e-02 0.000000000000000e+00 9.983232617378235e-01 1.475088500976562e+01 
0.000000000000000e+00 0.000000000000000e+00 0.000000000000000e+00 1.000000000000000e+00 
src volume info
valid = 1  # volume info valid
filename = /out/sourcedata/freesurfer/sub-v1s17x0050243_ses-1/mri/norm.mgz
volume = 256 256 256
voxelsize = 1.000000000000000e+00 1.000000000000000e+00 1.000000000000000e+00
xras   = -1.000000119209290e+00 2.149135980289429e-09 1.862645149230957e-09
yras   = -1.862645149230957e-09 0.000000000000000e+00 -1.000000119209290e+00
zras   = 1.576154318172485e-09 1.000000000000000e+00 -1.164153218269348e-10
cras   = 1.542442321777344e+00 4.948730468750000e-01 -1.480809020996094e+01
dst volume info
valid = 1  # volume info valid
filename = /out/sourcedata/freesurfer/sub-v1s17x0050243_ses-1/mri/norm.mgz
volume = 256 256 256
voxelsize = 1.000000000000000e+00 1.000000000000000e+00 1.000000000000000e+00
xras   = -1.000000119209290e+00 2.149135980289429e-09 1.862645149230957e-09
yras   = -1.862645149230957e-09 0.000000000000000e+00 -1.000000119209290e+00
zras   = 1.576154318172485e-09 1.000000000000000e+00 -1.164153218269348e-10
cras   = 1.542442321777344e+00 4.948730468750000e-01 -1.480809020996094e+01
