type      = 0 # LINEAR_VOX_TO_VOX
nxforms   = 1
mean      = 0.0000 0.0000 0.0000
sigma     = 1.0000
1 4 4
1.026510119438171e+00 -1.476700045168400e-02 -5.996600165963173e-02 3.580863952636719e+00 
2.953400276601315e-02 1.060009121894836e+00 1.469949930906296e-01 -9.317062377929688e+00 
3.978400677442551e-02 -1.552570164203644e-01 9.949409961700439e-01 1.247810363769531e+01 
0.000000000000000e+00 0.000000000000000e+00 0.000000000000000e+00 1.000000000000000e+00 
src volume info
valid = 1  # volume info valid
filename = /out/sourcedata/freesurfer/sub-v1s17x0050243_ses-1/mri/orig.mgz
volume = 256 256 256
voxelsize = 1.000000000000000e+00 1.000000000000000e+00 1.000000000000000e+00
xras   = -1.000000119209290e+00 2.149135980289429e-09 1.862645149230957e-09
yras   = -1.862645149230957e-09 0.000000000000000e+00 -1.000000119209290e+00
zras   = 1.576154318172485e-09 1.000000000000000e+00 -1.164153218269348e-10
cras   = 1.542442321777344e+00 4.948730468750000e-01 -1.480809020996094e+01
dst volume info
valid = 1  # volume info valid
filename = /opt/freesurfer/average/mni305.cor.mgz
volume = 256 256 256
voxelsize = 1.000000000000000e+00 1.000000000000000e+00 1.000000000000000e+00
xras   = -1.000000000000000e+00 0.000000000000000e+00 0.000000000000000e+00
yras   = 0.000000000000000e+00 0.000000000000000e+00 -1.000000000000000e+00
zras   = 0.000000000000000e+00 1.000000000000000e+00 0.000000000000000e+00
cras   = 0.000000000000000e+00 0.000000000000000e+00 0.000000000000000e+00
subject fsaverage
fscale 0.100000
