# transform file transforms/talairach.lta
# created by oesteban on Mon Mar  9 01:34:52 2026

type      = 0 # LINEAR_VOX_TO_VOX
nxforms   = 1
mean      = 129.0000 108.0000 109.0000
sigma     = 10000.0000
1 4 4
9.933552742004395e-01 3.000153787434101e-02 -2.002621255815029e-02 -3.684965372085571e+00 
-2.048010192811489e-02 1.079919099807739e+00 1.822313219308853e-01 -1.014648914337158e+01 
2.427181415259838e-02 -1.746351718902588e-01 9.695267677307129e-01 1.981781959533691e+01 
0.000000000000000e+00 0.000000000000000e+00 0.000000000000000e+00 1.000000000000000e+00 
src volume info
valid = 1  # volume info valid
filename = nu.mgz
volume = 256 256 256
voxelsize = 1.000000000000000e+00 1.000000000000000e+00 1.000000000000000e+00
xras   = -1.000000119209290e+00 2.149135980289429e-09 1.862645149230957e-09
yras   = -1.862645149230957e-09 0.000000000000000e+00 -1.000000119209290e+00
zras   = 1.576154318172485e-09 1.000000000000000e+00 -1.164153218269348e-10
cras   = 1.542442321777344e+00 4.948730468750000e-01 -1.480809020996094e+01
dst volume info
valid = 1  # volume info valid
filename = /opt/freesurfer/average/RB_all_2020-01-02.gca
volume = 256 256 256
voxelsize = 1.000000000000000e+00 1.000000000000000e+00 1.000000000000000e+00
xras   = -1.000000000000000e+00 0.000000000000000e+00 0.000000000000000e+00
yras   = 0.000000000000000e+00 0.000000000000000e+00 -1.000000000000000e+00
zras   = 0.000000000000000e+00 1.000000000000000e+00 0.000000000000000e+00
cras   = 0.000000000000000e+00 0.000000000000000e+00 0.000000000000000e+00
