# transform file /out/sourcedata/freesurfer/sub-v1s17x0050239_ses-1/mri/transforms/cc_up.lta
# created by oesteban on Mon Mar  9 02:54:18 2026

type      = 0 # LINEAR_VOX_TO_VOX
nxforms   = 1
mean      = 128.0000 106.0000 122.0000
sigma     = 10000.0000
1 4 4
9.992759823799133e-01 -1.839903369545937e-02 3.330275043845177e-02 -9.743329286575317e-01 
1.838882453739643e-02 9.998307824134827e-01 6.128422101028264e-04 3.661153030395508e+01 
-3.330839052796364e-02 -5.820766091346741e-11 9.994451403617859e-01 1.428811168670654e+01 
0.000000000000000e+00 0.000000000000000e+00 0.000000000000000e+00 1.000000000000000e+00 
src volume info
valid = 1  # volume info valid
filename = /out/sourcedata/freesurfer/sub-v1s17x0050239_ses-1/mri/norm.mgz
volume = 256 256 256
voxelsize = 1.000000000000000e+00 1.000000000000000e+00 1.000000000000000e+00
xras   = -1.000000000000000e+00 1.484295353293419e-09 0.000000000000000e+00
yras   = 0.000000000000000e+00 -1.862645149230957e-09 -1.000000119209290e+00
zras   = -1.484295353293419e-09 1.000000000000000e+00 0.000000000000000e+00
cras   = -2.113426208496094e+00 -1.476669311523438e+01 -1.526273345947266e+01
dst volume info
valid = 1  # volume info valid
filename = /out/sourcedata/freesurfer/sub-v1s17x0050239_ses-1/mri/norm.mgz
volume = 256 256 256
voxelsize = 1.000000000000000e+00 1.000000000000000e+00 1.000000000000000e+00
xras   = -1.000000000000000e+00 1.484295353293419e-09 0.000000000000000e+00
yras   = 0.000000000000000e+00 -1.862645149230957e-09 -1.000000119209290e+00
zras   = -1.484295353293419e-09 1.000000000000000e+00 0.000000000000000e+00
cras   = -2.113426208496094e+00 -1.476669311523438e+01 -1.526273345947266e+01
