type      = 1 # LINEAR_RAS_TO_RAS
nxforms   = 1
mean      = 0.0000 0.0000 0.0000
sigma     = 1.0000
1 4 4
1.132634043693542e+00 -3.789800032973289e-02 -4.348700121045113e-02 1.649062991142273e+00 
5.721199885010719e-02 9.842100143432617e-01 1.095509976148605e-01 9.800419807434082e-01 
4.462400078773499e-02 -1.458420008420944e-01 1.104696035385132e+00 -7.932266235351562e+00 
0.000000000000000e+00 0.000000000000000e+00 0.000000000000000e+00 1.000000000000000e+00 
src volume info
valid = 1  # volume info valid
filename = /out/sourcedata/freesurfer/sub-v1s17x0050239_ses-1/mri/orig_nu.mgz
volume = 256 256 256
voxelsize = 1.000000000000000e+00 1.000000000000000e+00 1.000000000000000e+00
xras   = -1.000000000000000e+00 1.484295353293419e-09 0.000000000000000e+00
yras   = 0.000000000000000e+00 -1.862645149230957e-09 -1.000000119209290e+00
zras   = -1.484295353293419e-09 1.000000000000000e+00 0.000000000000000e+00
cras   = -2.113426208496094e+00 -1.476669311523438e+01 -1.526273345947266e+01
dst volume info
valid = 1  # volume info valid
filename = /opt/freesurfer/average/mni305.cor.mgz
volume = 256 256 256
voxelsize = 1.000000000000000e+00 1.000000000000000e+00 1.000000000000000e+00
xras   = -1.000000000000000e+00 0.000000000000000e+00 0.000000000000000e+00
yras   = 0.000000000000000e+00 0.000000000000000e+00 -1.000000000000000e+00
zras   = 0.000000000000000e+00 1.000000000000000e+00 0.000000000000000e+00
cras   = 0.000000000000000e+00 0.000000000000000e+00 0.000000000000000e+00
subject fsaverage
fscale 0.100000
