# transform file transforms/talairach.lta
# created by oesteban on Mon Mar  9 01:28:08 2026

type      = 0 # LINEAR_VOX_TO_VOX
nxforms   = 1
mean      = 128.0000 107.0000 122.0000
sigma     = 10000.0000
1 4 4
1.046561241149902e+00 -6.131165102124214e-02 5.662174522876740e-02 -8.772942543029785e+00 
5.641026049852371e-02 1.056135296821594e+00 4.038330540060997e-02 -1.790144205093384e+00 
-7.107533514499664e-02 -4.361426085233688e-02 9.142061471939087e-01 1.053493881225586e+01 
0.000000000000000e+00 0.000000000000000e+00 0.000000000000000e+00 1.000000000000000e+00 
src volume info
valid = 1  # volume info valid
filename = nu.mgz
volume = 256 256 256
voxelsize = 1.000000000000000e+00 1.000000000000000e+00 1.000000000000000e+00
xras   = -1.000000000000000e+00 1.484295353293419e-09 0.000000000000000e+00
yras   = 0.000000000000000e+00 -1.862645149230957e-09 -1.000000119209290e+00
zras   = -1.484295353293419e-09 1.000000000000000e+00 0.000000000000000e+00
cras   = -2.113426208496094e+00 -1.476669311523438e+01 -1.526273345947266e+01
dst volume info
valid = 1  # volume info valid
filename = /opt/freesurfer/average/RB_all_2020-01-02.gca
volume = 256 256 256
voxelsize = 1.000000000000000e+00 1.000000000000000e+00 1.000000000000000e+00
xras   = -1.000000000000000e+00 0.000000000000000e+00 0.000000000000000e+00
yras   = 0.000000000000000e+00 0.000000000000000e+00 -1.000000000000000e+00
zras   = 0.000000000000000e+00 1.000000000000000e+00 0.000000000000000e+00
cras   = 0.000000000000000e+00 0.000000000000000e+00 0.000000000000000e+00
