# transform file /out/sourcedata/freesurfer/sub-v1s17x0051142_ses-1/mri/transforms/cc_up.lta
# created by oesteban on Mon Mar  9 04:52:58 2026

type      = 0 # LINEAR_VOX_TO_VOX
nxforms   = 1
mean      = 130.0000 98.0000 109.0000
sigma     = 10000.0000
1 4 4
9.947484731674194e-01 -8.311888575553894e-02 5.972356349229813e-02 1.668998956680298e+00 
8.296948671340942e-02 9.965397119522095e-01 4.981393460184336e-03 3.810533142089844e+01 
-5.993094667792320e-02 -4.656613428188905e-10 9.982026219367981e-01 2.586888504028320e+01 
0.000000000000000e+00 0.000000000000000e+00 0.000000000000000e+00 1.000000000000000e+00 
src volume info
valid = 1  # volume info valid
filename = /out/sourcedata/freesurfer/sub-v1s17x0051142_ses-1/mri/norm.mgz
volume = 256 256 256
voxelsize = 1.000000000000000e+00 1.000000000000000e+00 1.000000000000000e+00
xras   = -1.000000000000000e+00 5.456968210637569e-09 0.000000000000000e+00
yras   = 0.000000000000000e+00 -2.328306436538696e-10 -9.999999403953552e-01
zras   = 1.993612386286259e-09 9.999999403953552e-01 -2.328306436538696e-10
cras   = 7.714843750000000e-02 -6.180038452148438e-01 -1.820368194580078e+01
dst volume info
valid = 1  # volume info valid
filename = /out/sourcedata/freesurfer/sub-v1s17x0051142_ses-1/mri/norm.mgz
volume = 256 256 256
voxelsize = 1.000000000000000e+00 1.000000000000000e+00 1.000000000000000e+00
xras   = -1.000000000000000e+00 5.456968210637569e-09 0.000000000000000e+00
yras   = 0.000000000000000e+00 -2.328306436538696e-10 -9.999999403953552e-01
zras   = 1.993612386286259e-09 9.999999403953552e-01 -2.328306436538696e-10
cras   = 7.714843750000000e-02 -6.180038452148438e-01 -1.820368194580078e+01
