type      = 1 # LINEAR_RAS_TO_RAS
nxforms   = 1
mean      = 0.0000 0.0000 0.0000
sigma     = 1.0000
1 4 4
1.090921998023987e+00 -4.875300079584122e-02 -8.593799918889999e-02 1.277145028114319e+00 
4.452399909496307e-02 1.010864019393921e+00 -6.094599887728691e-02 -1.492770016193390e-01 
8.713500201702118e-02 5.014299973845482e-02 1.089571952819824e+00 -5.145050048828125e+00 
0.000000000000000e+00 0.000000000000000e+00 0.000000000000000e+00 1.000000000000000e+00 
src volume info
valid = 1  # volume info valid
filename = /out/sourcedata/freesurfer/sub-v1s17x0051142_ses-1/mri/orig_nu.mgz
volume = 256 256 256
voxelsize = 1.000000000000000e+00 1.000000000000000e+00 1.000000000000000e+00
xras   = -1.000000000000000e+00 5.456968210637569e-09 0.000000000000000e+00
yras   = 0.000000000000000e+00 -2.328306436538696e-10 -9.999999403953552e-01
zras   = 1.993612386286259e-09 9.999999403953552e-01 -2.328306436538696e-10
cras   = 7.714843750000000e-02 -6.180038452148438e-01 -1.820368194580078e+01
dst volume info
valid = 1  # volume info valid
filename = /opt/freesurfer/average/mni305.cor.mgz
volume = 256 256 256
voxelsize = 1.000000000000000e+00 1.000000000000000e+00 1.000000000000000e+00
xras   = -1.000000000000000e+00 0.000000000000000e+00 0.000000000000000e+00
yras   = 0.000000000000000e+00 0.000000000000000e+00 -1.000000000000000e+00
zras   = 0.000000000000000e+00 1.000000000000000e+00 0.000000000000000e+00
cras   = 0.000000000000000e+00 0.000000000000000e+00 0.000000000000000e+00
subject fsaverage
fscale 0.100000
