type      = 0 # LINEAR_VOX_TO_VOX
nxforms   = 1
mean      = 0.0000 0.0000 0.0000
sigma     = 1.0000
1 4 4
1.090921998023987e+00 -8.593799173831940e-02 4.875299334526062e-02 -9.834167480468750e+00 
8.713500201702118e-02 1.089571833610535e+00 -5.014299601316452e-02 8.803359985351562e+00 
-4.452399536967278e-02 6.094599515199661e-02 1.010863900184631e+00 -3.153717041015625e+00 
0.000000000000000e+00 0.000000000000000e+00 0.000000000000000e+00 1.000000000000000e+00 
src volume info
valid = 1  # volume info valid
filename = /out/sourcedata/freesurfer/sub-v1s17x0051142_ses-1/mri/orig.mgz
volume = 256 256 256
voxelsize = 1.000000000000000e+00 1.000000000000000e+00 1.000000000000000e+00
xras   = -1.000000000000000e+00 5.456968210637569e-09 0.000000000000000e+00
yras   = 0.000000000000000e+00 -2.328306436538696e-10 -9.999999403953552e-01
zras   = 1.993612386286259e-09 9.999999403953552e-01 -2.328306436538696e-10
cras   = 7.714843750000000e-02 -6.180038452148438e-01 -1.820368194580078e+01
dst volume info
valid = 1  # volume info valid
filename = /opt/freesurfer/average/mni305.cor.mgz
volume = 256 256 256
voxelsize = 1.000000000000000e+00 1.000000000000000e+00 1.000000000000000e+00
xras   = -1.000000000000000e+00 0.000000000000000e+00 0.000000000000000e+00
yras   = 0.000000000000000e+00 0.000000000000000e+00 -1.000000000000000e+00
zras   = 0.000000000000000e+00 1.000000000000000e+00 0.000000000000000e+00
cras   = 0.000000000000000e+00 0.000000000000000e+00 0.000000000000000e+00
subject fsaverage
fscale 0.100000
