# transform file transforms/talairach.lta
# created by oesteban on Mon Mar  9 03:29:30 2026

type      = 0 # LINEAR_VOX_TO_VOX
nxforms   = 1
mean      = 130.0000 98.0000 109.0000
sigma     = 10000.0000
1 4 4
1.023655891418457e+00 -1.188495308160782e-01 6.135111674666405e-02 -1.497887492179871e+00 
1.317241936922073e-01 1.059065818786621e+00 -6.507012248039246e-02 6.550143241882324e+00 
-5.915398895740509e-02 4.419303685426712e-02 9.422149062156677e-01 8.547052383422852e+00 
0.000000000000000e+00 0.000000000000000e+00 0.000000000000000e+00 1.000000000000000e+00 
src volume info
valid = 1  # volume info valid
filename = nu.mgz
volume = 256 256 256
voxelsize = 1.000000000000000e+00 1.000000000000000e+00 1.000000000000000e+00
xras   = -1.000000000000000e+00 5.456968210637569e-09 0.000000000000000e+00
yras   = 0.000000000000000e+00 -2.328306436538696e-10 -9.999999403953552e-01
zras   = 1.993612386286259e-09 9.999999403953552e-01 -2.328306436538696e-10
cras   = 7.714843750000000e-02 -6.180038452148438e-01 -1.820368194580078e+01
dst volume info
valid = 1  # volume info valid
filename = /opt/freesurfer/average/RB_all_2020-01-02.gca
volume = 256 256 256
voxelsize = 1.000000000000000e+00 1.000000000000000e+00 1.000000000000000e+00
xras   = -1.000000000000000e+00 0.000000000000000e+00 0.000000000000000e+00
yras   = 0.000000000000000e+00 0.000000000000000e+00 -1.000000000000000e+00
zras   = 0.000000000000000e+00 1.000000000000000e+00 0.000000000000000e+00
cras   = 0.000000000000000e+00 0.000000000000000e+00 0.000000000000000e+00
