#Insight Transform File V1.0
#Transform 0
Transform: AffineTransform_float_3_3
Parameters: 1 0.00119357 -0.000343337 -0.00119449 0.999996 -0.00258689 0.000340319 0.00258756 0.999997 -0.0509955 -0.0159366 -0.154022
FixedParameters: 0 0 0

#Transform 1
Transform: AffineTransform_float_3_3
Parameters: 0.999999 0.00156113 -0.000495503 -0.00156182 0.999994 -0.00309817 0.000490789 0.00309903 0.999995 -0.0342909 0.0382689 -0.186933
FixedParameters: 0 0 0

#Transform 2
Transform: AffineTransform_float_3_3
Parameters: 1 0.00118786 0.000137198 -0.00118765 0.999997 -0.00224212 -0.000140205 0.00224172 0.999998 -0.0275552 0.0183061 -0.150367
FixedParameters: 0 0 0

#Transform 3
Transform: AffineTransform_float_3_3
Parameters: 1 0.00113352 -3.38689e-05 -0.00113413 0.999997 -0.00188613 3.18303e-05 0.00188614 0.999998 -0.0349617 -0.0183801 -0.120816
FixedParameters: 0 0 0

#Transform 4
Transform: AffineTransform_float_3_3
Parameters: 0.999999 0.000850904 0.000349455 -0.000849313 0.999996 -0.00264332 -0.00035147 0.00264265 0.999997 -0.0140738 0.0534387 -0.183898
FixedParameters: 0 0 0

#Transform 5
Transform: AffineTransform_float_3_3
Parameters: 0.999999 0.0006546 0.00035781 -0.00065388 0.999999 -0.00179415 -0.000358795 0.00179457 0.999998 0.00764714 -0.0113957 -0.113035
FixedParameters: 0 0 0

#Transform 6
Transform: AffineTransform_float_3_3
Parameters: 0.999999 0.000513319 0.000734012 -0.000511426 0.999998 -0.00185007 -0.000735535 0.00184934 0.999998 -0.000500485 0.047035 -0.089492
FixedParameters: 0 0 0

#Transform 7
Transform: AffineTransform_float_3_3
Parameters: 1 0.000620121 0.000309222 -0.000618658 0.999998 -0.00178664 -0.000310301 0.00178621 0.999999 0.00437356 0.0285166 -0.0985222
FixedParameters: 0 0 0

#Transform 8
Transform: AffineTransform_float_3_3
Parameters: 0.999999 0.0006363 0.000358714 -0.000635553 0.999998 -0.00189902 -0.000359784 0.00189854 0.999998 0.00912633 0.00370055 -0.102024
FixedParameters: 0 0 0

#Transform 9
Transform: AffineTransform_float_3_3
Parameters: 1 0.00063635 0.000790081 -0.000635573 0.999998 -0.0017109 -0.000791742 0.00171037 0.999998 -0.0107845 0.0121474 -0.0967612
FixedParameters: 0 0 0

#Transform 10
Transform: AffineTransform_float_3_3
Parameters: 0.999999 0.000611398 0.000366804 -0.000610329 0.999999 -0.0013525 -0.000368376 0.00135205 0.999999 -0.00990429 0.0351818 -0.0777202
FixedParameters: 0 0 0

#Transform 11
Transform: AffineTransform_float_3_3
Parameters: 1 0.000541613 0.000123118 -0.000541085 1 -0.000997484 -0.000123145 0.000997303 1 -0.0111381 0.00534057 -0.0935059
FixedParameters: 0 0 0

#Transform 12
Transform: AffineTransform_float_3_3
Parameters: 1 0.000525517 0.000212329 -0.000525402 1 -0.000270387 -0.000212613 0.000270164 1 -0.0280288 -0.0496432 -0.0338535
FixedParameters: 0 0 0

#Transform 13
Transform: AffineTransform_float_3_3
Parameters: 0.999999 0.000998612 -0.000250239 -0.000998964 0.999998 -0.0012693 0.000248757 0.00126975 0.999999 -0.0326451 0.0445161 -0.0785989
FixedParameters: 0 0 0

#Transform 14
Transform: AffineTransform_float_3_3
Parameters: 1 0.000618092 0.000113056 -0.000617741 0.999999 -0.000634487 -0.000112866 0.000634303 1 -0.0274998 0.00410255 -0.0459413
FixedParameters: 0 0 0

#Transform 15
Transform: AffineTransform_float_3_3
Parameters: 1 0.000381877 -0.000338923 -0.000381703 1 0.000257504 0.00033912 -0.000257245 1 -0.0379976 -0.00603433 0.0261221
FixedParameters: 0 0 0

#Transform 16
Transform: AffineTransform_float_3_3
Parameters: 1 0.000395604 -0.000392046 -0.000394683 1 -0.000267726 0.000392578 0.000267049 1 -0.0297816 0.00826147 -0.0144731
FixedParameters: 0 0 0

#Transform 17
Transform: AffineTransform_float_3_3
Parameters: 1 -8.54533e-06 -5.35615e-05 8.56385e-06 1 0.000172919 5.35585e-05 -0.00017292 1 -0.0099586 -0.0257758 0.00131069
FixedParameters: 0 0 0

#Transform 18
Transform: AffineTransform_float_3_3
Parameters: 1 -7.25479e-05 -0.000408234 7.24844e-05 1 -7.77921e-05 0.000408245 7.77329e-05 1 -0.00367709 0.012801 -0.0107863
FixedParameters: 0 0 0

#Transform 19
Transform: AffineTransform_float_3_3
Parameters: 1 -2.60552e-05 -0.000183961 2.60389e-05 1 -4.42382e-05 0.000183963 4.42286e-05 1 -0.00637644 0.036424 -0.0143704
FixedParameters: 0 0 0

#Transform 20
Transform: AffineTransform_float_3_3
Parameters: 1 7.51343e-05 0.000263977 -7.5055e-05 1 -0.000150104 -0.000263999 0.000150064 1 -0.000511771 -0.00143348 -0.00399043
FixedParameters: 0 0 0

#Transform 21
Transform: AffineTransform_float_3_3
Parameters: 1 -0.000502953 -7.25111e-05 0.00050299 1 0.000256884 7.22527e-05 -0.000256957 1 0.00603031 0.0522269 0.0184612
FixedParameters: 0 0 0

#Transform 22
Transform: AffineTransform_float_3_3
Parameters: 1 -0.000135761 -0.00016161 0.000135731 1 -9.05598e-05 0.000161635 9.0516e-05 1 0.0148916 0.0425669 -0.0147255
FixedParameters: 0 0 0

#Transform 23
Transform: AffineTransform_float_3_3
Parameters: 1 -0.000575838 -4.7533e-05 0.000575893 0.999999 0.000585522 4.68586e-05 -0.000585576 1 0.0217555 0.00833201 0.00803845
FixedParameters: 0 0 0

#Transform 24
Transform: AffineTransform_float_3_3
Parameters: 1 -0.000492745 -8.19167e-05 0.000492745 1 2.26341e-06 8.19144e-05 -2.34414e-06 1 0.0041345 0.0433958 -0.0118993
FixedParameters: 0 0 0

#Transform 25
Transform: AffineTransform_float_3_3
Parameters: 1 -0.000459579 0.000168584 0.000459435 1 0.000427982 -0.000168977 -0.000427827 1 0.0159528 0.0111431 -0.0141718
FixedParameters: 0 0 0

#Transform 26
Transform: AffineTransform_float_3_3
Parameters: 1 -0.000556302 -6.96162e-05 0.000556295 1 -4.7818e-05 6.96693e-05 4.77406e-05 1 0.010939 0.0641948 -0.0241221
FixedParameters: 0 0 0

#Transform 27
Transform: AffineTransform_float_3_3
Parameters: 1 -0.00104019 5.46523e-05 0.0010403 0.999999 0.000669063 -5.51633e-05 -0.000669403 1 0.00404007 -0.0286181 0.0155929
FixedParameters: 0 0 0

#Transform 28
Transform: AffineTransform_float_3_3
Parameters: 0.999999 -0.000561645 -0.000672545 0.000562218 1 0.00109588 0.000671605 -0.0010966 0.999999 -0.00913151 0.0210043 0.0139312
FixedParameters: 0 0 0

#Transform 29
Transform: AffineTransform_float_3_3
Parameters: 0.999999 -0.000769581 -0.000431773 0.000770096 0.999999 0.00133988 0.000430993 -0.00133965 0.999999 -0.00805575 -0.0236613 0.0143605
FixedParameters: 0 0 0

#Transform 30
Transform: AffineTransform_float_3_3
Parameters: 1 -0.000614476 -0.000812646 0.00061505 1 0.000952659 0.000811686 -0.000953626 0.999999 -0.0116282 0.0218417 0.0365889
FixedParameters: 0 0 0

#Transform 31
Transform: AffineTransform_float_3_3
Parameters: 0.999999 -0.000987143 -0.00075457 0.000987839 0.999999 0.000935205 0.000753925 -0.000935798 0.999999 0.0136219 0.0357557 -0.0175043
FixedParameters: 0 0 0

#Transform 32
Transform: AffineTransform_float_3_3
Parameters: 0.999999 -0.00122658 -0.000638976 0.00122685 0.999999 0.00147705 0.000636845 -0.00147769 0.999999 -0.00926779 -0.00602045 0.0579105
FixedParameters: 0 0 0

#Transform 33
Transform: AffineTransform_float_3_3
Parameters: 0.999999 -0.00108708 -0.00087736 0.00108801 0.999999 0.000935572 0.000876527 -0.000936582 0.999999 0.0169652 0.0128351 -0.00408268
FixedParameters: 0 0 0

#Transform 34
Transform: AffineTransform_float_3_3
Parameters: 0.999999 -0.00118606 -0.000473858 0.00118685 0.999998 0.00136353 0.000472798 -0.0013638 0.999999 0.0103055 0.0105945 0.04086
FixedParameters: 0 0 0

#Transform 35
Transform: AffineTransform_float_3_3
Parameters: 0.999999 -0.00126189 -0.000827643 0.0012627 0.999998 0.00137347 0.000826654 -0.00137426 0.999999 0.0154978 0.0529082 0.0422302
FixedParameters: 0 0 0

#Transform 36
Transform: AffineTransform_float_3_3
Parameters: 0.999998 0.000536052 0.0019145 -0.00052216 0.999973 -0.00731758 -0.00191861 0.0073173 0.999972 0.112479 -0.311525 -0.321507
FixedParameters: 0 0 0

#Transform 37
Transform: AffineTransform_float_3_3
Parameters: 0.999991 0.00299175 -0.00302172 -0.0031186 0.999072 -0.0429613 0.00289009 0.0429699 0.999072 0.107132 -0.453691 -1.78686
FixedParameters: 0 0 0

#Transform 38
Transform: AffineTransform_float_3_3
Parameters: 0.999994 0.00239256 -0.00267481 -0.00240066 0.999993 -0.00293246 0.00266818 0.00293838 0.999992 -0.0526588 -0.060936 -0.26728
FixedParameters: 0 0 0

#Transform 39
Transform: AffineTransform_float_3_3
Parameters: 0.999995 0.00126856 -0.00292952 -0.00128285 0.999988 -0.00481594 0.0029233 0.00481941 0.999984 0.0231231 -0.00478093 -0.302654
FixedParameters: 0 0 0

#Transform 40
Transform: AffineTransform_float_3_3
Parameters: 0.999998 0.000293262 -0.00184727 -0.000299525 0.999993 -0.00348846 0.00184644 0.00348917 0.999992 0.0448811 0.00103671 -0.282291
FixedParameters: 0 0 0

#Transform 41
Transform: AffineTransform_float_3_3
Parameters: 1 2.1095e-06 -0.00113996 -5.99346e-06 0.999995 -0.00312577 0.00113971 0.00312608 0.999995 0.053513 0.0367792 -0.253119
FixedParameters: 0 0 0

#Transform 42
Transform: AffineTransform_float_3_3
Parameters: 1 -0.000417331 -0.00102433 0.000413875 0.999995 -0.00319144 0.00102581 0.00319185 0.999995 0.0666801 0.0155787 -0.244415
FixedParameters: 0 0 0

#Transform 43
Transform: AffineTransform_float_3_3
Parameters: 0.999999 -0.000754281 -0.00037956 0.000753784 0.999995 -0.00332132 0.000382697 0.00332166 0.999995 0.0882177 -0.0223645 -0.234999
FixedParameters: 0 0 0

#Transform 44
Transform: AffineTransform_float_3_3
Parameters: 0.999999 -0.00065695 0.000173704 0.000657611 0.999996 -0.00284193 -0.000172568 0.00284228 0.999996 0.0595995 0.0205127 -0.194118
FixedParameters: 0 0 0

#Transform 45
Transform: AffineTransform_float_3_3
Parameters: 0.999999 -0.000794526 -0.000259332 0.000793514 0.999993 -0.00347549 0.0002622 0.00347516 0.999994 0.0905197 0.0617364 -0.247528
FixedParameters: 0 0 0

#Transform 46
Transform: AffineTransform_float_3_3
Parameters: 0.999999 -0.000675638 0.00019075 0.000676351 0.999997 -0.00237863 -0.00018924 0.00237896 0.999997 0.0595337 0.0030174 -0.180203
FixedParameters: 0 0 0

#Transform 47
Transform: AffineTransform_float_3_3
Parameters: 0.999999 -0.000839626 -0.000355024 0.000838641 0.999997 -0.00256067 0.00035739 0.00255971 0.999996 0.0543082 -0.0113154 -0.155771
FixedParameters: 0 0 0

#Transform 48
Transform: AffineTransform_float_3_3
Parameters: 0.999999 -0.000745797 0.000196439 0.00074654 0.999996 -0.00272414 -0.000194973 0.00272455 0.999997 0.0631967 0.0607127 -0.174827
FixedParameters: 0 0 0

#Transform 49
Transform: AffineTransform_float_3_3
Parameters: 1 -0.00101868 0.000284042 0.00101928 0.999998 -0.0017089 -0.000282518 0.00170916 0.999998 0.0690062 0.00618206 -0.113603
FixedParameters: 0 0 0

#Transform 50
Transform: AffineTransform_float_3_3
Parameters: 1 -0.00111711 0.000243816 0.00111752 0.999998 -0.00127151 -0.000241948 0.0012721 0.999999 0.0741874 0.0444052 -0.0850426
FixedParameters: 0 0 0

#Transform 51
Transform: AffineTransform_float_3_3
Parameters: 1 -0.00107577 0.000335407 0.00107574 1 -0.000297963 -0.000335831 0.000298321 1 0.0731696 0.0319662 -0.0341214
FixedParameters: 0 0 0

#Transform 52
Transform: AffineTransform_float_3_3
Parameters: 0.999999 -0.0015057 0.000439032 0.0015056 0.999999 9.6794e-05 -0.000439414 -9.58804e-05 1 0.0667542 0.0330966 -0.0107647
FixedParameters: 0 0 0

#Transform 53
Transform: AffineTransform_float_3_3
Parameters: 1 -0.000528247 0.000239995 0.000528001 0.999999 0.000512734 -0.000240536 -0.00051248 1 0.0294361 0.0264147 0.0212124
FixedParameters: 0 0 0

#Transform 54
Transform: AffineTransform_float_3_3
Parameters: 1 -0.00111373 0.000368781 0.00111326 0.999999 0.000614657 -0.000370242 -0.000614244 1 0.0556383 0.0282525 -0.0109975
FixedParameters: 0 0 0

#Transform 55
Transform: AffineTransform_float_3_3
Parameters: 1 -0.00116027 0.000410462 0.00115931 0.999998 0.00176218 -0.000412522 -0.00176132 0.999999 0.0386797 -0.0480656 0.046645
FixedParameters: 0 0 0

#Transform 56
Transform: AffineTransform_float_3_3
Parameters: 0.999999 -0.00077024 -0.000179093 0.00076975 0.999999 0.0011514 0.000177612 -0.00115164 1 0.0182494 0.0148182 0.0284579
FixedParameters: 0 0 0

#Transform 57
Transform: AffineTransform_float_3_3
Parameters: 0.999998 -0.00095001 0.00141246 0.000998397 0.999404 -0.0344954 -0.00137835 0.0344968 0.999403 0.22438 -0.742802 -1.46521
FixedParameters: 0 0 0

#Transform 58
Transform: AffineTransform_float_3_3
Parameters: 0.999991 0.00156624 -0.00382432 -0.00159452 0.999972 -0.00737178 0.00381262 0.00737812 0.999966 -0.0657776 0.0641383 -0.317495
FixedParameters: 0 0 0

#Transform 59
Transform: AffineTransform_float_3_3
Parameters: 0.999997 -0.000158094 -0.00261836 0.000146741 0.999991 -0.0043557 0.00261915 0.00435481 0.999987 0.0121277 0.0141199 -0.243512
FixedParameters: 0 0 0

#Transform 60
Transform: AffineTransform_float_3_3
Parameters: 0.999998 -0.000546375 -0.00200451 0.000540133 0.999994 -0.00328937 0.00200616 0.00328915 0.999993 0.0311837 -0.0350527 -0.182619
FixedParameters: 0 0 0

#Transform 61
Transform: AffineTransform_float_3_3
Parameters: 0.999998 -0.000744297 -0.00143725 0.000740596 0.999997 -0.00221923 0.00143822 0.0022175 0.999997 0.0217834 -0.0369064 -0.141489
FixedParameters: 0 0 0

#Transform 62
Transform: AffineTransform_float_3_3
Parameters: 0.999998 -0.00113519 -0.00161215 0.00113021 0.999993 -0.00361728 0.00161646 0.00361575 0.999992 0.0603039 0.00248438 -0.233938
FixedParameters: 0 0 0

#Transform 63
Transform: AffineTransform_float_3_3
Parameters: 0.999996 -0.00285471 -0.000124018 0.00285384 0.999988 -0.00387453 0.000135153 0.00387438 0.999992 0.148447 -0.0137645 -0.222962
FixedParameters: 0 0 0

#Transform 64
Transform: AffineTransform_float_3_3
Parameters: 0.999995 -0.00307358 0.00099829 0.00307601 0.999992 -0.00246691 -0.000990048 0.00246949 0.999997 0.134678 -0.038535 -0.134328
FixedParameters: 0 0 0

#Transform 65
Transform: AffineTransform_float_3_3
Parameters: 0.999995 -0.00311515 0.000819419 0.00311645 0.999992 -0.00240934 -0.000812289 0.00241185 0.999997 0.13882 -0.0151027 -0.120135
FixedParameters: 0 0 0

#Transform 66
Transform: AffineTransform_float_3_3
Parameters: 0.999995 -0.00307941 0.00100315 0.00308161 0.999993 -0.00232435 -0.000995835 0.00232748 0.999996 0.135589 -0.0181826 -0.128846
FixedParameters: 0 0 0

#Transform 67
Transform: AffineTransform_float_3_3
Parameters: 0.999995 -0.00304614 0.00121782 0.00304781 0.999993 -0.00205277 -0.00121113 0.00205663 0.999997 0.116049 -0.0180551 -0.110256
FixedParameters: 0 0 0

#Transform 68
Transform: AffineTransform_float_3_3
Parameters: 0.999995 -0.00307575 0.00100011 0.00307808 0.999992 -0.00241398 -0.000992187 0.00241658 0.999997 0.118126 0.0129356 -0.126898
FixedParameters: 0 0 0

#Transform 69
Transform: AffineTransform_float_3_3
Parameters: 0.999994 -0.00296841 0.00152476 0.00297186 0.999993 -0.00228162 -0.00151793 0.00228625 0.999997 0.128918 -0.0188404 -0.0931754
FixedParameters: 0 0 0

#Transform 70
Transform: AffineTransform_float_3_3
Parameters: 0.999995 -0.00306884 0.000898322 0.00307058 0.999994 -0.00144698 -0.0008937 0.00145061 0.999998 0.0945543 -0.0441608 -0.0305821
FixedParameters: 0 0 0

#Transform 71
Transform: AffineTransform_float_3_3
Parameters: 0.999994 -0.00329926 0.000810263 0.00330085 0.999994 -0.00152331 -0.000804564 0.00152636 0.999998 0.0986215 0.00393179 -0.0651408
FixedParameters: 0 0 0

#Transform 72
Transform: AffineTransform_float_3_3
Parameters: 0.999994 -0.00330548 0.00108128 0.00330731 0.999994 -0.00118128 -0.00107686 0.00118518 0.999999 0.115203 0.00356534 -0.0694574
FixedParameters: 0 0 0

#Transform 73
Transform: AffineTransform_float_3_3
Parameters: 0.999992 -0.00381233 0.0011871 0.00381451 0.999992 -0.00134619 -0.0011814 0.0013503 0.999999 0.104603 -0.0188023 -0.0576029
FixedParameters: 0 0 0

#Transform 74
Transform: AffineTransform_float_3_3
Parameters: 0.999994 -0.00342459 0.00110033 0.00342673 0.999993 -0.0014499 -0.00109487 0.00145332 0.999999 0.0959798 0.0281852 -0.0301161
FixedParameters: 0 0 0

#Transform 75
Transform: AffineTransform_float_3_3
Parameters: 0.999993 -0.00342102 0.00136961 0.00342215 0.999993 -0.00117144 -0.00136587 0.00117582 0.999999 0.0988564 -0.0326995 -0.0290651
FixedParameters: 0 0 0

#Transform 76
Transform: AffineTransform_float_3_3
Parameters: 0.999993 -0.00372668 0.00120567 0.00372651 0.999994 0.000155553 -0.00120562 -0.000150839 0.999999 0.0774998 -0.0536263 0.0327653
FixedParameters: 0 0 0

#Transform 77
Transform: AffineTransform_float_3_3
Parameters: 0.999993 -0.00370843 0.000572356 0.00370888 0.999992 -0.000833642 -0.000568737 0.000836011 0.999999 0.0973038 -0.0019463 0.0120914
FixedParameters: 0 0 0

#Transform 78
Transform: AffineTransform_float_3_3
Parameters: 0.999992 -0.00369374 0.00137829 0.00369394 0.999993 -0.000686019 -0.00137572 0.00069031 0.999999 0.093856 -0.0238485 0.0462439
FixedParameters: 0 0 0

#Transform 79
Transform: AffineTransform_float_3_3
Parameters: 0.999992 -0.00380952 0.00125297 0.00380973 0.999993 -0.00018568 -0.00125231 0.000190132 0.999999 0.0983278 -0.0598783 0.0935653
FixedParameters: 0 0 0

#Transform 80
Transform: AffineTransform_float_3_3
Parameters: 0.999993 -0.00375597 0.000982377 0.00375639 0.999993 -0.000396878 -0.000981088 0.000401026 0.999999 0.0989923 -0.0509993 0.0649697
FixedParameters: 0 0 0

#Transform 81
Transform: AffineTransform_float_3_3
Parameters: 0.999992 -0.00370438 0.00139135 0.00370613 0.999993 -0.000871219 -0.00138759 0.000876513 0.999998 0.0466603 -0.0430417 0.124823
FixedParameters: 0 0 0

#Transform 82
Transform: AffineTransform_float_3_3
Parameters: 0.999993 -0.00375676 0.000993724 0.00375768 0.999993 -0.000647644 -0.000990551 0.000651872 0.999999 0.062644 -0.0509622 0.130286
FixedParameters: 0 0 0

#Transform 83
Transform: AffineTransform_float_3_3
Parameters: 0.999992 -0.00385141 0.000798118 0.00385219 0.999992 -0.0011084 -0.000794197 0.00111144 0.999999 0.0648588 -0.0346154 0.102188
FixedParameters: 0 0 0

#Transform 84
Transform: AffineTransform_float_3_3
Parameters: 0.999991 -0.00407011 0.00136267 0.00407045 0.999992 -0.00030082 -0.00136203 0.000306454 0.999999 0.078867 -0.0636383 0.0944107
FixedParameters: 0 0 0

#Transform 85
Transform: AffineTransform_float_3_3
Parameters: 0.999991 -0.00397528 0.00109367 0.00397516 0.999993 7.93162e-05 -0.00109408 -7.52589e-05 0.999999 0.062228 -0.100123 0.111235
FixedParameters: 0 0 0

#Transform 86
Transform: AffineTransform_float_3_3
Parameters: 0.999992 -0.00392707 0.000816517 0.00392782 0.999992 -0.00102808 -0.000813071 0.00103098 0.999999 0.0645815 0.0104994 0.093143
FixedParameters: 0 0 0

#Transform 87
Transform: AffineTransform_float_3_3
Parameters: 0.999991 -0.00413871 0.000860207 0.00413967 0.999991 -0.00111617 -0.000855686 0.00111936 0.999999 0.0710577 -0.0447302 0.10292
FixedParameters: 0 0 0

#Transform 88
Transform: AffineTransform_float_3_3
Parameters: 0.999991 -0.00415481 0.00136576 0.0041557 0.999992 -0.000587805 -0.00136375 0.000593326 0.999999 0.066429 -0.0501306 0.116715
FixedParameters: 0 0 0

#Transform 89
Transform: AffineTransform_float_3_3
Parameters: 0.999992 -0.0038387 0.000762982 0.00384057 0.99999 -0.00242152 -0.000753631 0.00242446 0.999997 0.0588404 0.0145116 -0.106221
FixedParameters: 0 0 0

#Transform 90
Transform: AffineTransform_float_3_3
Parameters: 0.999993 -0.00370173 0.00074252 0.00370303 0.999991 -0.00204071 -0.000735748 0.00204368 0.999998 0.0594696 0.0291679 -0.0194762
FixedParameters: 0 0 0

#Transform 91
Transform: AffineTransform_float_3_3
Parameters: 0.999992 -0.0037015 0.000754857 0.00370251 0.999992 -0.00154344 -0.000749822 0.00154641 0.999999 0.055315 0.00969419 0.0570999
FixedParameters: 0 0 0

#Transform 92
Transform: AffineTransform_float_3_3
Parameters: 0.999992 -0.00370276 0.000755903 0.00370374 0.999992 -0.00151248 -0.000751094 0.00151547 0.999999 0.0513277 0.0128156 0.0734842
FixedParameters: 0 0 0

#Transform 93
Transform: AffineTransform_float_3_3
Parameters: 0.999992 -0.00367689 0.00100745 0.00367799 0.999993 -0.000925316 -0.00100422 0.000928663 0.999999 0.0570659 0.0108812 0.0389249
FixedParameters: 0 0 0

#Transform 94
Transform: AffineTransform_float_3_3
Parameters: 0.999992 -0.00378319 0.000822073 0.00378278 0.999993 0.000451611 -0.000824188 -0.000448749 0.999999 0.0462809 -0.0461993 0.109753
FixedParameters: 0 0 0

#Transform 95
Transform: AffineTransform_float_3_3
Parameters: 0.999992 -0.003901 0.000796955 0.0039022 0.999991 -0.00159297 -0.000791008 0.00159616 0.999998 0.0739392 0.0686399 0.0144621
FixedParameters: 0 0 0

#Transform 96
Transform: AffineTransform_float_3_3
Parameters: 0.99999 -0.00417061 0.00116182 0.00417059 0.999991 -0.00011078 -0.00116174 0.000114968 0.999999 0.0820049 -0.0304137 0.0513953
FixedParameters: 0 0 0

#Transform 97
Transform: AffineTransform_float_3_3
Parameters: 0.99999 -0.00420199 0.000884205 0.00420242 0.99999 -0.000694665 -0.000882098 0.000698541 0.999999 0.0829815 0.0327838 0.0241017
FixedParameters: 0 0 0

#Transform 98
Transform: AffineTransform_float_3_3
Parameters: 0.999989 -0.00473358 0.00102873 0.00473284 0.999989 0.000547818 -0.00103208 -0.000543107 0.999999 0.0968394 -0.0269753 0.0514923
FixedParameters: 0 0 0

#Transform 99
Transform: AffineTransform_float_3_3
Parameters: 0.999989 -0.00469903 0.0010013 0.00469917 0.999989 -0.000291058 -0.00100062 0.000295602 1 0.0915301 0.0396541 0.0184733
FixedParameters: 0 0 0

#Transform 100
Transform: AffineTransform_float_3_3
Parameters: 0.999991 -0.00414185 0.000842685 0.00414148 0.999991 0.000358497 -0.000844522 -0.00035528 0.999999 0.0688966 -0.0405753 0.0670305
FixedParameters: 0 0 0

#Transform 101
Transform: AffineTransform_float_3_3
Parameters: 0.999991 -0.00404434 0.000659052 0.00404309 0.999992 0.000815262 -0.000662167 -0.000812433 1 0.069666 -0.00888632 0.0824385
FixedParameters: 0 0 0

#Transform 102
Transform: AffineTransform_float_3_3
Parameters: 0.999992 -0.00389272 0.000839649 0.00389242 0.999992 0.00021039 -0.000841037 -0.000207165 1 0.0639281 0.0261937 0.0400566
FixedParameters: 0 0 0

#Transform 103
Transform: AffineTransform_float_3_3
Parameters: 0.999992 -0.00390369 0.000847432 0.00390322 0.999992 0.000429998 -0.000849565 -0.000426736 0.999999 0.0642985 0.0138974 0.0582443
FixedParameters: 0 0 0

#Transform 104
Transform: AffineTransform_float_3_3
Parameters: 0.999992 -0.00399918 0.000551007 0.00399804 0.999992 0.00110099 -0.000555343 -0.00109822 0.999999 0.0704743 0.0184761 0.0835414
FixedParameters: 0 0 0

#Transform 105
Transform: AffineTransform_float_3_3
Parameters: 0.999992 -0.00384353 0.000501626 0.00384349 0.999992 0.00111499 -0.000505849 -0.00111239 0.999999 0.0666134 0.0170237 0.0756731
FixedParameters: 0 0 0

#Transform 106
Transform: AffineTransform_float_3_3
Parameters: 0.999995 -0.00279917 0.0011024 0.00279809 0.999995 0.0012796 -0.00110618 -0.00127618 0.999998 0.0233782 0.023481 0.0907737
FixedParameters: 0 0 0

#Transform 107
Transform: AffineTransform_float_3_3
Parameters: 0.999997 -0.00250393 0.000626879 0.0025028 0.999996 0.0016314 -0.000631265 -0.00162967 0.999999 -0.00859761 0.0267244 0.143323
FixedParameters: 0 0 0

#Transform 108
Transform: AffineTransform_float_3_3
Parameters: 0.999997 -0.00253087 0.000512291 0.00253026 0.999996 0.00168439 -0.000516062 -0.00168325 0.999999 0.00352462 0.0222332 0.127442
FixedParameters: 0 0 0

#Transform 109
Transform: AffineTransform_float_3_3
Parameters: 0.999997 -0.002491 0.000606515 0.00249009 0.999996 0.00127312 -0.000610128 -0.00127145 0.999999 0.00701514 0.0175552 0.0770061
FixedParameters: 0 0 0

#Transform 110
Transform: AffineTransform_float_3_3
Parameters: 0.999997 -0.00252066 0.000535894 0.00251986 0.999996 0.00157662 -0.000540153 -0.00157573 0.999998 0.00870892 -0.0112683 0.111604
FixedParameters: 0 0 0

#Transform 111
Transform: AffineTransform_float_3_3
Parameters: 0.999997 -0.00250623 0.000518899 0.00250561 0.999996 0.00120146 -0.000522193 -0.00120022 0.999999 0.00903904 0.046806 0.0695027
FixedParameters: 0 0 0

#Transform 112
Transform: AffineTransform_float_3_3
Parameters: 0.999996 -0.00278926 0.000644368 0.00278808 0.999995 0.0017675 -0.000649562 -0.00176576 0.999998 0.0135976 -0.0209137 0.104439
FixedParameters: 0 0 0

#Transform 113
Transform: AffineTransform_float_3_3
Parameters: 0.999996 -0.00261211 0.000384704 0.00261186 0.999996 0.00114785 -0.000387975 -0.0011472 1 0.0127342 0.015687 0.087888
FixedParameters: 0 0 0

#Transform 114
Transform: AffineTransform_float_3_3
Parameters: 0.999997 -0.0026771 0.000606507 0.00267635 0.999996 0.00107748 -0.000609626 -0.00107558 0.999999 0.0117843 0.0263821 0.0649237
FixedParameters: 0 0 0

#Transform 115
Transform: AffineTransform_float_3_3
Parameters: 0.999997 -0.00265104 0.000836077 0.0026501 0.999995 0.00174049 -0.000840857 -0.00173844 0.999998 0.00926251 0.0100607 0.103832
FixedParameters: 0 0 0

#Transform 116
Transform: AffineTransform_float_3_3
Parameters: 0.999995 -0.00294075 0.00062865 0.00293991 0.999995 0.0015285 -0.000633068 -0.00152707 0.999998 0.0128573 0.0316066 0.123106
FixedParameters: 0 0 0

#Transform 117
Transform: AffineTransform_float_3_3
Parameters: 0.999995 -0.00291962 0.000701991 0.00291866 0.999994 0.00141386 -0.00070566 -0.00141161 0.999998 0.0250961 -0.00625023 0.0757075
FixedParameters: 0 0 0

#Transform 118
Transform: AffineTransform_float_3_3
Parameters: 0.999995 -0.00291548 0.000905033 0.00291278 0.999993 0.00222123 -0.000912276 -0.00221876 0.999997 0.0103574 -0.0135736 0.12666
FixedParameters: 0 0 0

#Transform 119
Transform: AffineTransform_float_3_3
Parameters: 0.999996 -0.00264663 0.000479966 0.00264477 0.999994 0.00216164 -0.000486359 -0.00216051 0.999998 0.0136091 0.0297167 0.115066
FixedParameters: 0 0 0

#Transform 120
Transform: AffineTransform_float_3_3
Parameters: 0.999995 -0.00293768 0.000791113 0.00293581 0.999993 0.00218116 -0.00079723 -0.00217845 0.999998 0.0277744 -0.0104507 0.124088
FixedParameters: 0 0 0

#Transform 121
Transform: AffineTransform_float_3_3
Parameters: 0.999996 -0.00251436 0.000819649 0.00251184 0.999994 0.00222818 -0.00082603 -0.00222641 0.999998 0.00808035 0.0339817 0.14312
FixedParameters: 0 0 0

#Transform 122
Transform: AffineTransform_float_3_3
Parameters: 0.999997 -0.00247138 0.000804862 0.00247018 0.999994 0.00201504 -0.000810294 -0.00201345 0.999997 0.00622884 0.000297368 0.145658
FixedParameters: 0 0 0

#Transform 123
Transform: AffineTransform_float_3_3
Parameters: 0.999996 -0.00262755 0.000853551 0.00262478 0.999993 0.00260202 -0.000860352 -0.00259907 0.999996 0.00912142 -0.0141438 0.154176
FixedParameters: 0 0 0

#Transform 124
Transform: AffineTransform_float_3_3
Parameters: 0.999995 -0.00292794 0.000915521 0.00292492 0.999993 0.0025248 -0.000923542 -0.00252229 0.999997 0.00669269 -0.011982 0.160338
FixedParameters: 0 0 0

#Transform 125
Transform: AffineTransform_float_3_3
Parameters: 0.999996 -0.00258859 0.000609474 0.00258791 0.999996 0.00125111 -0.000612248 -0.00124936 0.999999 0.0120994 0.0245363 0.135924
FixedParameters: 0 0 0

#Transform 126
Transform: AffineTransform_float_3_3
Parameters: 0.999997 -0.00208522 0.000934547 0.00208326 0.999996 0.001375 -0.000937476 -0.00137296 0.999998 -0.0179498 0.036758 0.175544
FixedParameters: 0 0 0

#Transform 127
Transform: AffineTransform_float_3_3
Parameters: 0.999998 -0.00186595 0.00066113 0.00186439 0.999997 0.00147745 -0.000664815 -0.0014768 0.999999 -0.0405363 -0.00648933 0.213988
FixedParameters: 0 0 0

#Transform 128
Transform: AffineTransform_float_3_3
Parameters: 0.999999 -0.00169467 0.000889364 0.00169304 0.999997 0.00181675 -0.000892837 -0.00181522 0.999998 -0.0243682 0.0276406 0.112719
FixedParameters: 0 0 0

#Transform 129
Transform: AffineTransform_float_3_3
Parameters: 0.999996 -0.00245643 0.00110613 0.00245346 0.999994 0.00239166 -0.00111229 -0.00238866 0.999996 -0.0121867 -0.0136078 0.134149
FixedParameters: 0 0 0

#Transform 130
Transform: AffineTransform_float_3_3
Parameters: 0.999996 -0.00264814 0.000500849 0.00264749 0.999995 0.00153973 -0.000505315 -0.00153889 0.999998 -0.00631444 -0.000875649 0.149231
FixedParameters: 0 0 0

#Transform 131
Transform: AffineTransform_float_3_3
Parameters: 0.999996 -0.00261493 0.000682967 0.00261358 0.999995 0.0016551 -0.000687837 -0.00165293 0.999999 0.0110653 0.0281015 0.118215
FixedParameters: 0 0 0

#Transform 132
Transform: AffineTransform_float_3_3
Parameters: 0.999996 -0.00263097 0.000713972 0.00262934 0.999994 0.00212405 -0.000719335 -0.00212178 0.999998 -0.000925283 -0.0282536 0.141731
FixedParameters: 0 0 0

#Transform 133
Transform: AffineTransform_float_3_3
Parameters: 0.999996 -0.00263576 0.000490275 0.00263519 0.999995 0.00123537 -0.000494059 -0.00123414 0.999999 0.00861393 0.0251231 0.123195
FixedParameters: 0 0 0

#Transform 134
Transform: AffineTransform_float_3_3
Parameters: 0.999996 -0.00264334 0.000436603 0.00264296 0.999996 0.00115482 -0.000439981 -0.00115387 0.999999 0.0117704 0.00600069 0.0665443
FixedParameters: 0 0 0

#Transform 135
Transform: AffineTransform_float_3_3
Parameters: 0.999995 -0.00297125 0.00102681 0.00296974 0.999995 0.0012032 -0.00102948 -0.00120027 0.999999 0.0151072 -0.0129832 0.109754
FixedParameters: 0 0 0

#Transform 136
Transform: AffineTransform_float_3_3
Parameters: 0.999996 -0.0026354 0.000939875 0.00263471 0.999996 0.000628746 -0.000940648 -0.000626472 0.999999 0.00831522 0.0320898 0.0789453
FixedParameters: 0 0 0

#Transform 137
Transform: AffineTransform_float_3_3
Parameters: 0.999996 -0.00289007 0.00100942 0.00288855 0.999995 0.00120418 -0.00101188 -0.00120111 0.999999 0.0140945 -0.0256191 0.140703
FixedParameters: 0 0 0

#Transform 138
Transform: AffineTransform_float_3_3
Parameters: 0.999996 -0.00252698 0.000646558 0.00252592 0.999996 0.00168688 -0.000650326 -0.00168506 0.999999 -0.0131563 0.00497633 0.122791
FixedParameters: 0 0 0

#Transform 139
Transform: AffineTransform_float_3_3
Parameters: 0.999995 -0.002954 0.00101233 0.00295288 0.999995 0.000783784 -0.00101451 -0.000780888 0.999999 0.0159047 0.045655 0.0799427
FixedParameters: 0 0 0

#Transform 140
Transform: AffineTransform_float_3_3
Parameters: 0.999995 -0.00293935 0.00100008 0.00293876 0.999996 0.000428276 -0.00100112 -0.00042544 0.999999 0.00737854 0.00243157 0.0831806
FixedParameters: 0 0 0

#Transform 141
Transform: AffineTransform_float_3_3
Parameters: 0.999997 -0.00230142 0.000846623 0.00230163 0.999997 -0.000187852 -0.000846047 0.000189611 1 0.00392818 0.0705002 0.0348859
FixedParameters: 0 0 0

#Transform 142
Transform: AffineTransform_float_3_3
Parameters: 0.999997 -0.00230415 0.00097621 0.00230342 0.999997 0.00117642 -0.000979131 -0.00117422 0.999999 -0.00417885 0.0303653 0.0616021
FixedParameters: 0 0 0

#Transform 143
Transform: AffineTransform_float_3_3
Parameters: 0.999997 -0.00235025 0.000799309 0.00234986 0.999996 0.00134905 -0.000802178 -0.00134763 0.999999 0.000714271 0.0414032 0.0393008
FixedParameters: 0 0 0

#Transform 144
Transform: AffineTransform_float_3_3
Parameters: 0.999996 -0.00246271 0.000765735 0.00246149 0.999996 0.00117759 -0.000768823 -0.00117609 0.999999 -0.0217682 0.00903657 0.0424654
FixedParameters: 0 0 0

#Transform 145
Transform: AffineTransform_float_3_3
Parameters: 0.999996 -0.00276141 0.000971883 0.00276018 0.999995 0.00153095 -0.000976953 -0.00152833 0.999998 -0.00774558 0.00676291 0.00394426
FixedParameters: 0 0 0

#Transform 146
Transform: AffineTransform_float_3_3
Parameters: 0.999994 -0.00317306 0.000964196 0.00317161 0.999994 0.00114236 -0.000967939 -0.00113937 0.999999 -0.0065274 0.0292122 0.0241789
FixedParameters: 0 0 0

#Transform 147
Transform: AffineTransform_float_3_3
Parameters: 0.999994 -0.00309425 0.00118204 0.00309339 0.999995 0.000478049 -0.00118351 -0.000473776 0.999999 0.00273259 0.101485 -0.0927233
FixedParameters: 0 0 0

#Transform 148
Transform: AffineTransform_float_3_3
Parameters: 0.999993 -0.00361738 0.0016095 0.00361573 0.999993 0.00104769 -0.00161309 -0.00104188 0.999998 0.0148173 0.0338102 -0.0732092
FixedParameters: 0 0 0

#Transform 149
Transform: AffineTransform_float_3_3
Parameters: 0.999991 -0.00385541 0.00157884 0.00385373 0.999992 0.0010934 -0.0015833 -0.00108747 0.999998 0.0195921 0.0511819 -0.0719445
FixedParameters: 0 0 0
