# transform file /out/sourcedata/freesurfer/sub-v1s17x0050262_ses-1/mri/transforms/cc_up.lta
# created by oesteban on Mon Mar  9 04:10:43 2026

type      = 0 # LINEAR_VOX_TO_VOX
nxforms   = 1
mean      = 130.0000 97.0000 120.0000
sigma     = 10000.0000
1 4 4
9.990897178649902e-01 3.434419259428978e-02 -2.530257403850555e-02 -2.152190685272217e+00 
-3.433318436145782e-02 9.994100332260132e-01 8.695094147697091e-04 5.542715454101562e+01 
2.531751058995724e-02 5.820766091346741e-11 9.996795058250427e-01 3.730080842971802e+00 
0.000000000000000e+00 0.000000000000000e+00 0.000000000000000e+00 1.000000000000000e+00 
src volume info
valid = 1  # volume info valid
filename = /out/sourcedata/freesurfer/sub-v1s17x0050262_ses-1/mri/norm.mgz
volume = 256 256 256
voxelsize = 1.000000000000000e+00 1.000000000000000e+00 1.000000000000000e+00
xras   = -1.000000000000000e+00 2.910383045673370e-11 0.000000000000000e+00
yras   = 0.000000000000000e+00 0.000000000000000e+00 -1.000000119209290e+00
zras   = -5.820766091346741e-11 1.000000119209290e+00 0.000000000000000e+00
cras   = 2.098815917968750e+00 -1.442568206787109e+01 -2.669233703613281e+01
dst volume info
valid = 1  # volume info valid
filename = /out/sourcedata/freesurfer/sub-v1s17x0050262_ses-1/mri/norm.mgz
volume = 256 256 256
voxelsize = 1.000000000000000e+00 1.000000000000000e+00 1.000000000000000e+00
xras   = -1.000000000000000e+00 2.910383045673370e-11 0.000000000000000e+00
yras   = 0.000000000000000e+00 0.000000000000000e+00 -1.000000119209290e+00
zras   = -5.820766091346741e-11 1.000000119209290e+00 0.000000000000000e+00
cras   = 2.098815917968750e+00 -1.442568206787109e+01 -2.669233703613281e+01
