# transform file transforms/talairach.lta
# created by oesteban on Mon Mar  9 02:51:50 2026

type      = 0 # LINEAR_VOX_TO_VOX
nxforms   = 1
mean      = 130.0000 98.0000 120.0000
sigma     = 10000.0000
1 4 4
1.086269259452820e+00 4.329475760459900e-02 -2.439548820257187e-02 -1.669885826110840e+01 
-3.563487529754639e-02 1.099935293197632e+00 5.360779166221619e-02 1.391287136077881e+01 
2.556463330984116e-02 -8.778066188097000e-02 8.780025243759155e-01 6.783914089202881e+00 
0.000000000000000e+00 0.000000000000000e+00 0.000000000000000e+00 1.000000000000000e+00 
src volume info
valid = 1  # volume info valid
filename = nu.mgz
volume = 256 256 256
voxelsize = 1.000000000000000e+00 1.000000000000000e+00 1.000000000000000e+00
xras   = -1.000000000000000e+00 2.910383045673370e-11 0.000000000000000e+00
yras   = 0.000000000000000e+00 0.000000000000000e+00 -1.000000119209290e+00
zras   = -5.820766091346741e-11 1.000000119209290e+00 0.000000000000000e+00
cras   = 2.098815917968750e+00 -1.442568206787109e+01 -2.669233703613281e+01
dst volume info
valid = 1  # volume info valid
filename = /opt/freesurfer/average/RB_all_2020-01-02.gca
volume = 256 256 256
voxelsize = 1.000000000000000e+00 1.000000000000000e+00 1.000000000000000e+00
xras   = -1.000000000000000e+00 0.000000000000000e+00 0.000000000000000e+00
yras   = 0.000000000000000e+00 0.000000000000000e+00 -1.000000000000000e+00
zras   = 0.000000000000000e+00 1.000000000000000e+00 0.000000000000000e+00
cras   = 0.000000000000000e+00 0.000000000000000e+00 0.000000000000000e+00
