#Insight Transform File V1.0
#Transform 0
Transform: AffineTransform_float_3_3
Parameters: 0.999999 -0.000451084 0.000586042 0.000451606 0.999998 -0.00148157 -0.000585359 0.00148137 0.999999 0.00190871 -0.0709146 -0.0700096
FixedParameters: 0 0 0

#Transform 1
Transform: AffineTransform_float_3_3
Parameters: 1 -0.000577402 0.000259103 0.000578267 0.999996 -0.00252873 -0.000258149 0.00252911 0.999997 0.0223934 -0.000134414 -0.152879
FixedParameters: 0 0 0

#Transform 2
Transform: AffineTransform_float_3_3
Parameters: 0.999999 -0.000396012 0.000727083 0.000397562 0.999999 -0.00182557 -0.000726277 0.00182615 0.999998 0.00103574 -0.0396369 -0.079969
FixedParameters: 0 0 0

#Transform 3
Transform: AffineTransform_float_3_3
Parameters: 1 -0.000490907 0.000201153 0.000491307 0.999998 -0.00166159 -0.000200487 0.00166183 0.999998 0.0138042 0.0108436 -0.100992
FixedParameters: 0 0 0

#Transform 4
Transform: AffineTransform_float_3_3
Parameters: 0.999999 -0.000403476 0.000707685 0.000405045 0.999998 -0.0019025 -0.000706836 0.00190234 0.999998 0.00374173 -0.0109323 -0.150417
FixedParameters: 0 0 0

#Transform 5
Transform: AffineTransform_float_3_3
Parameters: 0.999999 -0.000406347 0.000699905 0.000408125 0.999997 -0.0020723 -0.000698906 0.00207213 0.999998 0.00391008 0.00429027 -0.118013
FixedParameters: 0 0 0

#Transform 6
Transform: AffineTransform_float_3_3
Parameters: 1 -0.000147339 0.000558312 0.000149602 0.999996 -0.00284959 -0.000558179 0.00284976 0.999996 0.0016697 0.0295966 -0.214449
FixedParameters: 0 0 0

#Transform 7
Transform: AffineTransform_float_3_3
Parameters: 0.999999 -0.000394652 0.000731781 0.000395453 0.999999 -0.00137714 -0.000731347 0.00137699 0.999999 0.00546032 0.0286336 -0.144681
FixedParameters: 0 0 0

#Transform 8
Transform: AffineTransform_float_3_3
Parameters: 1 -0.000266447 0.00105753 0.000269033 0.999996 -0.00275813 -0.001057 0.00275793 0.999996 0.00441071 0.042789 -0.132413
FixedParameters: 0 0 0

#Transform 9
Transform: AffineTransform_float_3_3
Parameters: 1 -0.000439328 0.000778424 0.000441128 0.999998 -0.00192524 -0.000777337 0.00192593 0.999998 0.0103132 0.0326688 -0.137129
FixedParameters: 0 0 0

#Transform 10
Transform: AffineTransform_float_3_3
Parameters: 0.999999 -0.000401584 0.000712811 0.000403033 0.999999 -0.00179077 -0.000712013 0.00179135 0.999998 0.0113096 0.0462296 -0.115234
FixedParameters: 0 0 0

#Transform 11
Transform: AffineTransform_float_3_3
Parameters: 1 -0.000308985 0.000410764 0.000309178 0.999999 -0.00125496 -0.000409664 0.00125519 0.999999 -0.00517899 0.00123101 -0.0679414
FixedParameters: 0 0 0

#Transform 12
Transform: AffineTransform_float_3_3
Parameters: 1 -0.00071659 0.000832611 0.000718095 0.999998 -0.00183851 -0.000831512 0.00183975 0.999998 0.0232451 0.0154911 -0.145731
FixedParameters: 0 0 0

#Transform 13
Transform: AffineTransform_float_3_3
Parameters: 0.999999 -0.00062338 0.00105073 0.00062462 0.999998 -0.00178099 -0.00104974 0.00178157 0.999998 0.0169449 0.00257559 -0.120282
FixedParameters: 0 0 0

#Transform 14
Transform: AffineTransform_float_3_3
Parameters: 0.999999 -0.000237091 0.000659083 0.000237983 0.999998 -0.00159795 -0.000658978 0.00159753 0.999998 -0.00216126 0.0129987 -0.0908515
FixedParameters: 0 0 0

#Transform 15
Transform: AffineTransform_float_3_3
Parameters: 1 -0.00080359 0.000847978 0.000805824 0.999997 -0.00219289 -0.000846069 0.00219356 0.999998 0.0148811 0.0448744 -0.149886
FixedParameters: 0 0 0

#Transform 16
Transform: AffineTransform_float_3_3
Parameters: 1 -0.000121689 0.000619465 0.000122353 0.999999 -0.00150024 -0.000619707 0.0015004 0.999998 -0.00310151 0.018077 -0.116267
FixedParameters: 0 0 0

#Transform 17
Transform: AffineTransform_float_3_3
Parameters: 1 -0.000125202 0.000899672 0.000127325 0.999998 -0.00185438 -0.000899858 0.00185387 0.999998 0.0288424 0.110841 -0.269947
FixedParameters: 0 0 0

#Transform 18
Transform: AffineTransform_float_3_3
Parameters: 1 -0.000791888 0.000882461 0.000792661 1 -0.000448943 -0.000881796 0.000448929 0.999999 0.0145184 0.100217 -0.0871221
FixedParameters: 0 0 0

#Transform 19
Transform: AffineTransform_float_3_3
Parameters: 1 -0.000187312 0.000114737 0.000187267 1 0.000193233 -0.000114809 -0.00019319 1 -0.0113081 0.00643705 -0.0927186
FixedParameters: 0 0 0

#Transform 20
Transform: AffineTransform_float_3_3
Parameters: 1 0.000162998 0.000502145 -0.000162823 1 -0.000192241 -0.000502253 0.000191338 1 -0.0148935 0.0120009 -0.0148557
FixedParameters: 0 0 0

#Transform 21
Transform: AffineTransform_float_3_3
Parameters: 1 -0.000210138 5.72155e-05 0.000210352 1 -0.00106324 -5.68034e-05 0.00106327 1 -0.00183488 0.00297505 -0.0836712
FixedParameters: 0 0 0

#Transform 22
Transform: AffineTransform_float_3_3
Parameters: 1 -0.000404568 0.000475803 0.000404506 1 -0.000312088 -0.000476482 0.00031251 1 -0.00441883 0.0153096 -0.128556
FixedParameters: 0 0 0

#Transform 23
Transform: AffineTransform_float_3_3
Parameters: 1 -0.000208681 8.37088e-05 0.000208773 1 -0.000550864 -8.34788e-05 0.000550898 1 0.00458271 0.0245247 -0.115513
FixedParameters: 0 0 0

#Transform 24
Transform: AffineTransform_float_3_3
Parameters: 1 -0.000461198 0.000131333 0.000461325 0.999999 -0.00150374 -0.000130912 0.0015039 0.999999 0.0109874 0.0581048 -0.14602
FixedParameters: 0 0 0

#Transform 25
Transform: AffineTransform_float_3_3
Parameters: 1 5.09939e-05 0.000398148 -5.17658e-05 1 -0.000196565 -0.00039781 0.000196491 1 -0.00341613 0.00771493 -0.145234
FixedParameters: 0 0 0

#Transform 26
Transform: AffineTransform_float_3_3
Parameters: 1 -5.91123e-06 0.000475597 6.08909e-06 0.999999 -0.00146253 -0.000476233 0.00146181 0.999999 -0.000614993 0.0687611 -0.162302
FixedParameters: 0 0 0

#Transform 27
Transform: AffineTransform_float_3_3
Parameters: 1 -0.000459748 4.65256e-05 0.00045963 0.999998 -0.00161502 -4.60074e-05 0.0016151 0.999998 0.0178799 0.010258 -0.200983
FixedParameters: 0 0 0

#Transform 28
Transform: AffineTransform_float_3_3
Parameters: 0.999999 -8.6963e-05 0.000755739 8.75638e-05 1 -0.0006351 -0.00075656 0.000635269 0.999999 0.00401397 0.000128881 -0.131379
FixedParameters: 0 0 0

#Transform 29
Transform: AffineTransform_float_3_3
Parameters: 1 -0.000130216 0.000116466 0.000130631 0.999999 -0.00138777 -0.000116139 0.0013878 0.999999 0.0287145 0.012587 -0.141004
FixedParameters: 0 0 0

#Transform 30
Transform: AffineTransform_float_3_3
Parameters: 1 -0.000159099 0.000138121 0.000158515 0.999998 -0.00188088 -0.000138167 0.00188093 0.999998 0.0238747 0.0968591 -0.148112
FixedParameters: 0 0 0

#Transform 31
Transform: AffineTransform_float_3_3
Parameters: 1 -0.000314808 9.75679e-05 0.000314928 1 -0.000618712 -9.71783e-05 0.000618773 1 0.0190065 0.048084 -0.106022
FixedParameters: 0 0 0

#Transform 32
Transform: AffineTransform_float_3_3
Parameters: 1 -0.000192967 1.55351e-06 0.000193064 0.999999 -0.00154356 -9.92605e-07 0.00154357 0.999999 0.0012107 0.0472079 -0.0896738
FixedParameters: 0 0 0

#Transform 33
Transform: AffineTransform_float_3_3
Parameters: 1 -0.000242733 8.46385e-06 0.000242946 0.999999 -0.00177829 -7.6701e-06 0.0017783 0.999999 0.0172528 0.0566644 -0.196619
FixedParameters: 0 0 0

#Transform 34
Transform: AffineTransform_float_3_3
Parameters: 1 -7.68858e-05 0.000292761 7.68447e-05 0.999999 -0.00135882 -0.000292228 0.00135884 0.999999 0.00227311 0.0577506 -0.150572
FixedParameters: 0 0 0

#Transform 35
Transform: AffineTransform_float_3_3
Parameters: 1 -0.000529202 -8.79893e-05 0.000529088 0.999999 -0.000641485 8.86682e-05 0.000641392 1 -0.00400476 0.032315 -0.129106
FixedParameters: 0 0 0

#Transform 36
Transform: AffineTransform_float_3_3
Parameters: 1 -0.000240042 0.000660843 0.00024006 1 -1.31884e-05 -0.000660837 1.35057e-05 1 -0.0093213 -0.000369968 -0.0348407
FixedParameters: 0 0 0

#Transform 37
Transform: AffineTransform_float_3_3
Parameters: 1 -0.000248596 0.000640318 0.000248044 0.999999 0.000697898 -0.000639779 -0.000698356 0.999999 -0.0179717 0.00520611 -0.0143335
FixedParameters: 0 0 0

#Transform 38
Transform: AffineTransform_float_3_3
Parameters: 0.999999 -0.000506456 0.0013805 0.000504954 1 0.00053754 -0.00138109 -0.000536883 0.999999 0.006991 -0.0132504 -0.0356593
FixedParameters: 0 0 0

#Transform 39
Transform: AffineTransform_float_3_3
Parameters: 0.999999 -8.29466e-05 0.000700723 8.2303e-05 1 -0.000203127 -0.000700331 0.00020321 0.999999 -0.0199567 0.0398488 -0.0790765
FixedParameters: 0 0 0

#Transform 40
Transform: AffineTransform_float_3_3
Parameters: 0.999999 -0.000403772 0.00140619 0.000403319 1 0.000122273 -0.0014063 -0.000121207 0.999999 -0.0101896 0.0387259 -0.143541
FixedParameters: 0 0 0

#Transform 41
Transform: AffineTransform_float_3_3
Parameters: 0.999999 -0.000157879 0.00121996 0.000158275 1 -0.000207529 -0.00121991 0.000207173 0.999999 -0.0089337 0.0513019 -0.13338
FixedParameters: 0 0 0

#Transform 42
Transform: AffineTransform_float_3_3
Parameters: 1 -0.00064924 0.00076946 0.00064955 1 -0.000260995 -0.000769086 0.000261993 0.999999 -0.00666867 0.0790111 -0.0648203
FixedParameters: 0 0 0

#Transform 43
Transform: AffineTransform_float_3_3
Parameters: 1 2.87408e-05 0.000173567 -2.85373e-05 1 -0.000586242 -0.000173601 0.000586232 1 0.0143645 0.0794071 -0.0984456
FixedParameters: 0 0 0

#Transform 44
Transform: AffineTransform_float_3_3
Parameters: 1 6.57559e-05 5.04302e-05 -6.57103e-05 1 -0.000452037 -5.04897e-05 0.000452031 1 -0.0445398 0.00927829 0.10964
FixedParameters: 0 0 0

#Transform 45
Transform: AffineTransform_float_3_3
Parameters: 1 0.000271237 -0.000460817 -0.000272119 1 -0.00105865 0.000460206 0.0010589 1 -0.0596894 0.0386474 -0.00464905
FixedParameters: 0 0 0

#Transform 46
Transform: AffineTransform_float_3_3
Parameters: 1 0.000295263 -0.000398821 -0.000296168 0.999999 -0.00125118 0.000398046 0.00125141 0.999999 -0.0356854 0.037483 -0.0470274
FixedParameters: 0 0 0

#Transform 47
Transform: AffineTransform_float_3_3
Parameters: 1 0.000247534 -0.000361238 -0.00024715 0.999999 -0.000753471 0.000360507 0.000753682 0.999999 -0.0474392 0.0570948 -0.0318111
FixedParameters: 0 0 0

#Transform 48
Transform: AffineTransform_float_3_3
Parameters: 1 -0.000128346 4.59833e-05 0.00012871 0.999998 -0.00195525 -4.55507e-05 0.00195526 0.999998 -0.0296307 0.0789632 -0.142496
FixedParameters: 0 0 0

#Transform 49
Transform: AffineTransform_float_3_3
Parameters: 1 0.000100701 0.000639305 -9.9842e-05 1 -0.000672181 -0.00063944 0.000672053 0.999999 -0.0463629 0.0349079 -0.11878
FixedParameters: 0 0 0

#Transform 50
Transform: AffineTransform_float_3_3
Parameters: 1 -0.000122921 6.03673e-05 0.000123211 0.999998 -0.00164362 -5.99977e-05 0.00164364 0.999998 -0.0377367 0.0613525 -0.090906
FixedParameters: 0 0 0

#Transform 51
Transform: AffineTransform_float_3_3
Parameters: 1 -0.000225551 0.000420819 0.000225985 0.999999 -0.00151023 -0.000419813 0.00151039 0.999999 -0.01565 0.0525843 -0.103155
FixedParameters: 0 0 0

#Transform 52
Transform: AffineTransform_float_3_3
Parameters: 0.999999 -0.000575188 0.00110269 0.000577208 0.999998 -0.00188837 -0.00110081 0.00188887 0.999998 -0.00766773 0.0542355 -0.110016
FixedParameters: 0 0 0

#Transform 53
Transform: AffineTransform_float_3_3
Parameters: 1 -0.000687159 0.000816635 0.000688362 1 -0.000956272 -0.00081625 0.000957431 0.999999 -0.00830228 0.11994 -0.194323
FixedParameters: 0 0 0

#Transform 54
Transform: AffineTransform_float_3_3
Parameters: 0.999999 -0.000312517 0.000634853 0.000312822 1 -0.000898754 -0.000633968 0.00089912 1 -0.00180115 0.0851142 -0.200218
FixedParameters: 0 0 0

#Transform 55
Transform: AffineTransform_float_3_3
Parameters: 1 -0.000167566 0.000500042 0.000168328 1 -0.000761669 -0.000499786 0.000762509 1 -0.0244398 0.0798844 -0.145428
FixedParameters: 0 0 0

#Transform 56
Transform: AffineTransform_float_3_3
Parameters: 0.999999 -0.000495013 0.000719306 0.000495189 1 -0.000121357 -0.000719185 0.000122069 0.999999 -0.0169204 0.0312784 -0.114687
FixedParameters: 0 0 0

#Transform 57
Transform: AffineTransform_float_3_3
Parameters: 1 -0.000197853 0.00102905 0.000198706 0.999999 -0.000642523 -0.00102974 0.000642226 0.999999 -0.0224101 0.0478868 -0.0995739
FixedParameters: 0 0 0

#Transform 58
Transform: AffineTransform_float_3_3
Parameters: 1 -0.000340655 0.000532224 0.000341392 0.999999 -0.000709164 -0.000531786 0.000708787 1 -0.0160893 0.0583387 -0.174719
FixedParameters: 0 0 0

#Transform 59
Transform: AffineTransform_float_3_3
Parameters: 1 7.13087e-05 0.000517867 -7.13542e-05 1 4.38408e-05 -0.000517861 -4.39147e-05 1 -0.0400783 0.0659607 -0.109458
FixedParameters: 0 0 0

#Transform 60
Transform: AffineTransform_float_3_3
Parameters: 1 0.000112932 0.000402255 -0.000112199 0.999999 -0.00183486 -0.000402379 0.00183474 0.999998 -0.0291592 0.135146 -0.205135
FixedParameters: 0 0 0

#Transform 61
Transform: AffineTransform_float_3_3
Parameters: 1 0.000281879 0.000198436 -0.000281569 0.999999 -0.000780119 -0.000198875 0.000780007 0.999999 -0.0551435 0.0517936 -0.0905499
FixedParameters: 0 0 0

#Transform 62
Transform: AffineTransform_float_3_3
Parameters: 1 -4.49539e-05 0.000526174 4.47087e-05 1 -0.000649302 -0.000525758 0.000649317 0.999999 -0.0339369 0.127585 -0.198208
FixedParameters: 0 0 0

#Transform 63
Transform: AffineTransform_float_3_3
Parameters: 0.999999 0.000257586 0.00087339 -0.000257573 1 -0.000538424 -0.000873308 0.000538614 1 -0.0443535 0.0316178 -0.115207
FixedParameters: 0 0 0

#Transform 64
Transform: AffineTransform_float_3_3
Parameters: 1 -4.98693e-05 0.000145075 5.00151e-05 1 -0.000502434 -0.000145025 0.000502448 1 -0.0293431 0.0807097 -0.135636
FixedParameters: 0 0 0

#Transform 65
Transform: AffineTransform_float_3_3
Parameters: 1 6.97106e-05 0.000607909 -6.92257e-05 1 -0.00108669 -0.000607736 0.00108657 0.999999 -0.0419399 0.0693414 -0.140532
FixedParameters: 0 0 0

#Transform 66
Transform: AffineTransform_float_3_3
Parameters: 1 0.000114449 0.000118974 -0.000114497 1 0.000202734 -0.000118928 -0.000202761 1 -0.0518417 0.0601273 -0.114577
FixedParameters: 0 0 0

#Transform 67
Transform: AffineTransform_float_3_3
Parameters: 1 -0.000183028 0.0002029 0.000183184 1 -0.000382596 -0.00020276 0.00038267 1 -0.0394108 0.0780254 -0.132391
FixedParameters: 0 0 0

#Transform 68
Transform: AffineTransform_float_3_3
Parameters: 0.999999 0.00019387 0.000718558 -0.000192507 0.999999 -0.00094755 -0.000718924 0.000947945 0.999999 -0.0399704 0.0800201 -0.156462
FixedParameters: 0 0 0

#Transform 69
Transform: AffineTransform_float_3_3
Parameters: 1 3.04773e-05 0.00045873 -3.02607e-05 1 -0.000236029 -0.000458744 0.000236001 1 -0.0442155 0.0817266 -0.123052
FixedParameters: 0 0 0

#Transform 70
Transform: AffineTransform_float_3_3
Parameters: 1 -2.3774e-05 0.000654148 2.41781e-05 1 -0.00122229 -0.000654698 0.00122233 0.999999 -0.0472887 0.0942772 -0.0952148
FixedParameters: 0 0 0

#Transform 71
Transform: AffineTransform_float_3_3
Parameters: 1 -6.46e-05 0.000621892 6.56083e-05 0.999999 -0.000810205 -0.000621786 0.000810958 1 -0.0394888 0.0612505 -0.154537
FixedParameters: 0 0 0

#Transform 72
Transform: AffineTransform_float_3_3
Parameters: 0.999999 -0.000469891 0.0013917 0.000466283 0.999997 0.00265376 -0.0013935 -0.00265242 0.999995 -0.0740804 0.0347996 0.0807631
FixedParameters: 0 0 0

#Transform 73
Transform: AffineTransform_float_3_3
Parameters: 0.999999 -0.000531194 0.00123041 0.000528386 0.999997 0.00225493 -0.00123177 -0.00225437 0.999997 -0.0591074 0.16045 -0.062246
FixedParameters: 0 0 0

#Transform 74
Transform: AffineTransform_float_3_3
Parameters: 1 -5.44802e-05 0.000256105 5.38925e-05 0.999997 0.00221283 -0.000255484 -0.00221283 0.999997 -0.0541954 -0.00854539 0.0377909
FixedParameters: 0 0 0

#Transform 75
Transform: AffineTransform_float_3_3
Parameters: 1 -0.00021681 -4.41792e-05 0.000216264 0.999997 0.00225188 4.34933e-05 -0.00225125 0.999998 -0.0388477 0.0197177 -0.0106871
FixedParameters: 0 0 0

#Transform 76
Transform: AffineTransform_float_3_3
Parameters: 1 -0.000366556 0.000145153 0.000366701 0.999999 0.000741661 -0.000144765 -0.000741591 0.999999 -0.0293214 0.090555 -0.0538561
FixedParameters: 0 0 0

#Transform 77
Transform: AffineTransform_float_3_3
Parameters: 1 -0.000250244 0.000144557 0.00025024 0.999998 0.00158065 -0.000144451 -0.00158062 0.999998 -0.0402027 0.0987939 -0.0961505
FixedParameters: 0 0 0

#Transform 78
Transform: AffineTransform_float_3_3
Parameters: 1 -0.000326877 -0.000269464 0.00032787 0.999998 0.00167311 0.000268333 -0.00167328 0.999998 -0.0402491 0.0530091 -0.058859
FixedParameters: 0 0 0

#Transform 79
Transform: AffineTransform_float_3_3
Parameters: 1 -0.000160224 8.48618e-05 0.000160565 1 0.000110037 -8.39653e-05 -0.000110047 1 -0.0512372 0.13457 -0.157475
FixedParameters: 0 0 0

#Transform 80
Transform: AffineTransform_float_3_3
Parameters: 1 -0.000331375 0.00046222 0.000331385 1 0.00109192 -0.000463337 -0.00109158 1 -0.0444364 0.0535163 -0.156444
FixedParameters: 0 0 0

#Transform 81
Transform: AffineTransform_float_3_3
Parameters: 1 -9.57979e-05 0.000255045 9.55578e-05 1 0.000470488 -0.000255135 -0.000470439 1 -0.049864 0.10843 -0.170822
FixedParameters: 0 0 0

#Transform 82
Transform: AffineTransform_float_3_3
Parameters: 1 -0.000219638 0.000382176 0.000220197 0.999999 -0.000732611 -0.000381854 0.000732779 0.999999 -0.0423205 0.132627 -0.244809
FixedParameters: 0 0 0

#Transform 83
Transform: AffineTransform_float_3_3
Parameters: 1 0.000138817 0.000688875 -0.000140138 0.999998 0.00170006 -0.000688794 -0.00169955 0.999998 -0.0692451 0.0300222 -0.124977
FixedParameters: 0 0 0

#Transform 84
Transform: AffineTransform_float_3_3
Parameters: 1 0.000283858 0.000152147 -0.000283864 1 1.79801e-05 -0.000152137 -1.80665e-05 1 -0.0656115 0.19712 -0.115857
FixedParameters: 0 0 0

#Transform 85
Transform: AffineTransform_float_3_3
Parameters: 1 0.000172566 0.000681468 -0.000173285 0.999999 0.00154127 -0.000680397 -0.00154151 0.999998 -0.0587198 0.0424839 -0.0712765
FixedParameters: 0 0 0

#Transform 86
Transform: AffineTransform_float_3_3
Parameters: 1 2.27818e-05 0.000661856 -2.16206e-05 0.999999 -0.000876719 -0.000661895 0.000877362 1 -0.0524752 0.199129 -0.210086
FixedParameters: 0 0 0

#Transform 87
Transform: AffineTransform_float_3_3
Parameters: 1 0.000596726 0.000167376 -0.000596037 1 0.000994979 -0.000166582 -0.000995143 1 -0.0839461 -0.0132883 -0.0407123
FixedParameters: 0 0 0

#Transform 88
Transform: AffineTransform_float_3_3
Parameters: 1 0.000106473 0.000359105 -0.000106515 1 5.85775e-05 -0.000359093 -5.8654e-05 1 -0.0515627 0.151848 -0.199029
FixedParameters: 0 0 0

#Transform 89
Transform: AffineTransform_float_3_3
Parameters: 1 -6.02305e-05 7.47576e-05 6.0182e-05 1 0.000323999 -7.47967e-05 -0.00032399 1 -0.0468853 0.0949354 -0.105221
FixedParameters: 0 0 0

#Transform 90
Transform: AffineTransform_float_3_3
Parameters: 1 8.71792e-05 0.000156329 -8.7173e-05 1 -1.97869e-05 -0.000156333 1.97596e-05 1 -0.0424978 0.0761546 -0.140374
FixedParameters: 0 0 0

#Transform 91
Transform: AffineTransform_float_3_3
Parameters: 1 -7.6906e-05 3.06089e-05 7.69508e-05 0.999999 -0.000732957 -3.04962e-05 0.000732962 0.999999 -0.0451473 0.142743 -0.0844051
FixedParameters: 0 0 0

#Transform 92
Transform: AffineTransform_float_3_3
Parameters: 1 0.000399618 -0.000355772 -0.000399342 1 0.000387066 0.000356081 -0.000386782 1 -0.0579395 0.00786627 -0.0824427
FixedParameters: 0 0 0

#Transform 93
Transform: AffineTransform_float_3_3
Parameters: 1 0.000353482 -1.1551e-05 -0.000353477 1 0.000209609 1.16991e-05 -0.000209601 1 -0.0549913 0.099209 -0.105353
FixedParameters: 0 0 0

#Transform 94
Transform: AffineTransform_float_3_3
Parameters: 1 0.000196896 -0.000123373 -0.000197006 1 -0.000445271 0.000123198 0.00044532 1 -0.0509264 0.090285 -0.148644
FixedParameters: 0 0 0

#Transform 95
Transform: AffineTransform_float_3_3
Parameters: 1 0.000539965 0.000208234 -0.000539215 0.999999 0.000427361 -0.000208131 -0.000427553 1 -0.0605075 0.0838028 -0.153968
FixedParameters: 0 0 0

#Transform 96
Transform: AffineTransform_float_3_3
Parameters: 0.999999 0.000734211 -3.31101e-05 -0.000734552 0.999999 0.000286054 3.25985e-05 -0.000285969 1 -0.0626907 0.0770923 -0.178962
FixedParameters: 0 0 0

#Transform 97
Transform: AffineTransform_float_3_3
Parameters: 1 0.000642746 0.000214737 -0.000642593 1 -0.000313832 -0.000215095 0.000314295 1 -0.0627643 0.0837559 -0.185628
FixedParameters: 0 0 0

#Transform 98
Transform: AffineTransform_float_3_3
Parameters: 1 0.000469124 0.000127827 -0.000469645 1 0.000700555 -0.000128055 -0.000699898 0.999999 -0.0643521 0.0644536 -0.134883
FixedParameters: 0 0 0

#Transform 99
Transform: AffineTransform_float_3_3
Parameters: 1 -5.34227e-05 0.000289295 5.43003e-05 1 8.77072e-05 -0.000289663 -8.76431e-05 1 -0.0477334 0.0856066 -0.202302
FixedParameters: 0 0 0

#Transform 100
Transform: AffineTransform_float_3_3
Parameters: 1 -0.000173189 -3.17285e-05 0.000173587 1 0.000591216 3.24552e-05 -0.000591264 1 -0.0450706 0.0407916 -0.154076
FixedParameters: 0 0 0

#Transform 101
Transform: AffineTransform_float_3_3
Parameters: 1 -0.000120402 -8.15092e-05 0.000120365 1 -0.000228414 8.15642e-05 0.000228394 1 -0.0434615 0.0939487 -0.18685
FixedParameters: 0 0 0

#Transform 102
Transform: AffineTransform_float_3_3
Parameters: 1 0.00014385 -0.000102459 -0.000143927 1 -0.000377233 0.000102351 0.000377263 1 -0.0485927 0.102871 -0.195564
FixedParameters: 0 0 0

#Transform 103
Transform: AffineTransform_float_3_3
Parameters: 1 0.000117356 0.000533899 -0.000117176 1 -0.000168991 -0.000533938 0.000168865 1 -0.0561068 0.128008 -0.151758
FixedParameters: 0 0 0

#Transform 104
Transform: AffineTransform_float_3_3
Parameters: 1 -8.45508e-05 1.15418e-05 8.45483e-05 1 0.000108079 -1.156e-05 -0.000108077 1 -0.0599736 0.10053 -0.106336
FixedParameters: 0 0 0

#Transform 105
Transform: AffineTransform_float_3_3
Parameters: 1 0.000111345 0.00051905 -0.000111504 1 0.000135305 -0.000519066 -0.000136161 1 -0.0570019 0.082798 -0.111264
FixedParameters: 0 0 0

#Transform 106
Transform: AffineTransform_float_3_3
Parameters: 1 -2.58722e-05 0.000164115 2.56885e-05 1 0.000559555 -0.000164144 -0.000559547 1 -0.0541921 0.0812405 -0.159603
FixedParameters: 0 0 0

#Transform 107
Transform: AffineTransform_float_3_3
Parameters: 1 -4.76243e-05 0.000106316 4.77712e-05 1 -0.000690914 -0.00010625 0.000690924 1 -0.046297 0.118029 -0.155062
FixedParameters: 0 0 0

#Transform 108
Transform: AffineTransform_float_3_3
Parameters: 1 -2.5093e-05 0.000166194 2.48921e-05 1 0.0006045 -0.000166224 -0.000604492 1 -0.0419301 0.0482485 -0.190309
FixedParameters: 0 0 0

#Transform 109
Transform: AffineTransform_float_3_3
Parameters: 1 0.000253684 0.000199091 -0.000253731 1 0.000116453 -0.000199032 -0.000116554 1 -0.0692886 0.0879532 -0.153517
FixedParameters: 0 0 0

#Transform 110
Transform: AffineTransform_float_3_3
Parameters: 1 -1.60727e-05 0.000187862 1.63298e-05 1 -0.000684228 -0.00018784 0.000684234 0.999999 -0.0484412 0.13292 -0.241707
FixedParameters: 0 0 0

#Transform 111
Transform: AffineTransform_float_3_3
Parameters: 1 0.000351216 0.000119427 -0.000350454 0.999999 0.000697169 -0.000119296 -0.00069722 0.999999 -0.0647762 0.116148 -0.192194
FixedParameters: 0 0 0

#Transform 112
Transform: AffineTransform_float_3_3
Parameters: 1 0.000158661 0.000641062 -0.000158566 1 -7.35879e-05 -0.000641085 7.33845e-05 1 -0.0576252 0.130363 -0.172166
FixedParameters: 0 0 0

#Transform 113
Transform: AffineTransform_float_3_3
Parameters: 1 -5.38107e-05 0.000147056 5.37254e-05 0.999994 0.0034003 -0.000146699 -0.00340032 0.999994 -0.0696819 0.0199053 0.00864751
FixedParameters: 0 0 0

#Transform 114
Transform: AffineTransform_float_3_3
Parameters: 1 -0.000281364 0.000102181 0.000281236 1 0.00107854 -0.000102823 -0.00107848 1 -0.0434243 0.197937 -0.131765
FixedParameters: 0 0 0

#Transform 115
Transform: AffineTransform_float_3_3
Parameters: 1 1.19325e-05 0.000443026 -1.23485e-05 0.999997 0.00213293 -0.000442471 -0.00213294 0.999997 -0.0563527 0.0677619 -0.0253109
FixedParameters: 0 0 0

#Transform 116
Transform: AffineTransform_float_3_3
Parameters: 1 0.000168659 0.00028244 -0.00016976 0.999997 0.00244294 -0.000281718 -0.00244303 0.999997 -0.0748702 0.109871 0.0193692
FixedParameters: 0 0 0

#Transform 117
Transform: AffineTransform_float_3_3
Parameters: 1 0.000100081 0.000267353 -9.95882e-05 0.999998 0.00166192 -0.000266483 -0.00166198 0.999998 -0.0610589 0.0905111 -0.085449
FixedParameters: 0 0 0

#Transform 118
Transform: AffineTransform_float_3_3
Parameters: 1 0.000258468 0.000219821 -0.000258195 0.999998 0.00191263 -0.000219261 -0.00191271 0.999998 -0.057865 0.0944247 -0.112791
FixedParameters: 0 0 0

#Transform 119
Transform: AffineTransform_float_3_3
Parameters: 1 -1.03354e-05 0.000335142 9.93361e-06 1 0.000599428 -0.000335154 -0.000599421 1 -0.0459239 0.120762 -0.0966803
FixedParameters: 0 0 0

#Transform 120
Transform: AffineTransform_float_3_3
Parameters: 1 -1.2914e-05 0.00017596 1.25909e-05 0.999999 0.000918216 -0.000175983 -0.000918211 0.999999 -0.0517295 0.09889 -0.141146
FixedParameters: 0 0 0

#Transform 121
Transform: AffineTransform_float_3_3
Parameters: 1 0.000247241 0.000544543 -0.000248099 0.999998 0.00172584 -0.000544081 -0.0017254 0.999999 -0.0589805 0.121569 -0.116327
FixedParameters: 0 0 0

#Transform 122
Transform: AffineTransform_float_3_3
Parameters: 1 -0.000303082 0.000376718 0.000302843 0.999999 0.000794974 -0.000376268 -0.000794783 0.999999 -0.0358505 0.124515 -0.142918
FixedParameters: 0 0 0

#Transform 123
Transform: AffineTransform_float_3_3
Parameters: 1 -0.000495987 0.000420341 0.000496171 1 0.000208725 -0.000419616 -0.000208345 1 -0.0420802 0.113267 -0.196352
FixedParameters: 0 0 0

#Transform 124
Transform: AffineTransform_float_3_3
Parameters: 1 1.52369e-05 0.000456861 -1.57034e-05 0.999999 0.000490342 -0.000456892 -0.000491096 1 -0.0533895 0.103671 -0.212498
FixedParameters: 0 0 0

#Transform 125
Transform: AffineTransform_float_3_3
Parameters: 1 0.000104462 0.000216107 -0.000104776 0.999999 0.000727052 -0.000215955 -0.000727097 0.999999 -0.0504574 0.0974394 -0.188467
FixedParameters: 0 0 0

#Transform 126
Transform: AffineTransform_float_3_3
Parameters: 1 0.000165249 0.000181651 -0.000164509 1 0.000519337 -0.000181838 -0.000519364 1 -0.0541934 0.102371 -0.226478
FixedParameters: 0 0 0

#Transform 127
Transform: AffineTransform_float_3_3
Parameters: 1 0.00018279 0.000331398 -0.000182647 0.999999 0.00132507 -0.000331307 -0.00132515 0.999999 -0.0566031 0.0961076 -0.15848
FixedParameters: 0 0 0

#Transform 128
Transform: AffineTransform_float_3_3
Parameters: 1 0.000123934 8.75881e-05 -0.00012391 1 -0.000137396 -8.76221e-05 0.000137374 1 -0.0527571 0.109952 -0.224096
FixedParameters: 0 0 0

#Transform 129
Transform: AffineTransform_float_3_3
Parameters: 1 0.000123913 0.000216772 -0.000123367 0.999999 0.000880882 -0.000216913 -0.000880902 0.999999 -0.0489462 0.101883 -0.201978
FixedParameters: 0 0 0

#Transform 130
Transform: AffineTransform_float_3_3
Parameters: 1 0.000274646 0.000111602 -0.000274645 1 -3.99986e-06 -0.000111604 3.93856e-06 1 -0.066233 0.131929 -0.164037
FixedParameters: 0 0 0

#Transform 131
Transform: AffineTransform_float_3_3
Parameters: 1 0.000214673 0.000312442 -0.000214942 1 0.000431268 -0.000312256 -0.000431402 1 -0.0590791 0.11765 -0.180879
FixedParameters: 0 0 0

#Transform 132
Transform: AffineTransform_float_3_3
Parameters: 1 0.00037444 0.000110158 -0.000373663 0.999999 0.000691185 -0.000109999 -0.000691234 1 -0.0597252 0.0903098 -0.158584
FixedParameters: 0 0 0

#Transform 133
Transform: AffineTransform_float_3_3
Parameters: 1 0.000310424 0.000124505 -0.000310548 1 0.000497388 -0.000124196 -0.000497465 1 -0.0771709 0.103828 -0.167416
FixedParameters: 0 0 0

#Transform 134
Transform: AffineTransform_float_3_3
Parameters: 1 0.000238607 7.25047e-05 -0.000238103 0.999999 -0.000999768 -7.20495e-05 0.000999697 0.999999 -0.0630594 0.13067 -0.200814
FixedParameters: 0 0 0

#Transform 135
Transform: AffineTransform_float_3_3
Parameters: 1 0.000229566 8.16863e-05 -0.000229661 1 0.0005789 -8.14205e-05 -0.000578938 1 -0.0557811 0.0837399 -0.214037
FixedParameters: 0 0 0

#Transform 136
Transform: AffineTransform_float_3_3
Parameters: 1 0.00033079 0.000124743 -0.000330952 0.999999 0.000649206 -0.000124314 -0.000649288 1 -0.0698208 0.0947198 -0.0965304
FixedParameters: 0 0 0

#Transform 137
Transform: AffineTransform_float_3_3
Parameters: 1 0.000213506 9.38161e-05 -0.000213 0.999999 -0.000782047 -9.32179e-05 0.00078197 0.999999 -0.0542523 0.157975 -0.1474
FixedParameters: 0 0 0

#Transform 138
Transform: AffineTransform_float_3_3
Parameters: 1 6.63465e-05 0.000199773 -6.64032e-05 1 0.000141768 -0.000199754 -0.000141795 1 -0.0571653 0.095946 -0.17686
FixedParameters: 0 0 0

#Transform 139
Transform: AffineTransform_float_3_3
Parameters: 1 0.000111866 0.000192389 -0.000111831 1 -9.09801e-05 -0.000192409 9.09371e-05 1 -0.0889733 0.118308 -0.141687
FixedParameters: 0 0 0

#Transform 140
Transform: AffineTransform_float_3_3
Parameters: 1 4.7263e-06 -1.83702e-05 -4.72959e-06 1 -8.93431e-05 1.83694e-05 8.93432e-05 1 -0.0587436 0.134421 -0.187375
FixedParameters: 0 0 0

#Transform 141
Transform: AffineTransform_float_3_3
Parameters: 1 0.000458001 0.000434201 -0.000458164 1 0.000187954 -0.000434028 -0.000188352 1 -0.0708111 0.100139 -0.165893
FixedParameters: 0 0 0

#Transform 142
Transform: AffineTransform_float_3_3
Parameters: 1 0.000147233 -0.000126546 -0.000147166 1 0.000263612 0.000126624 -0.000263575 1 -0.0728607 0.134704 -0.14505
FixedParameters: 0 0 0

#Transform 143
Transform: AffineTransform_float_3_3
Parameters: 1 -0.00026301 -0.000145322 0.000263009 1 -7.2045e-07 0.000145322 6.44008e-07 1 -0.050092 0.142523 -0.213982
FixedParameters: 0 0 0

#Transform 144
Transform: AffineTransform_float_3_3
Parameters: 1 0.00025489 -0.000214109 -0.000254699 1 0.000447038 0.000214337 -0.000446929 1 -0.0580126 0.102723 -0.113969
FixedParameters: 0 0 0

#Transform 145
Transform: AffineTransform_float_3_3
Parameters: 1 -3.18437e-05 -0.000135547 3.16531e-05 1 -0.000703043 0.000135592 0.000703034 0.999999 -0.0518575 0.15666 -0.216571
FixedParameters: 0 0 0

#Transform 146
Transform: AffineTransform_float_3_3
Parameters: 1 7.6668e-05 0.000110994 -7.68315e-05 1 0.00115293 -0.000110852 -0.00115295 1 -0.0630549 0.0616849 -0.148637
FixedParameters: 0 0 0

#Transform 147
Transform: AffineTransform_float_3_3
Parameters: 1 -4.73557e-05 -0.000314173 4.76399e-05 0.999999 -0.00102557 0.000313912 0.00102625 1 -0.0474568 0.228034 -0.288678
FixedParameters: 0 0 0

#Transform 148
Transform: AffineTransform_float_3_3
Parameters: 1 0.000406071 -0.00032225 -0.000405664 0.999999 0.000658861 0.000322739 -0.000659339 1 -0.0782647 0.0911058 -0.111911
FixedParameters: 0 0 0

#Transform 149
Transform: AffineTransform_float_3_3
Parameters: 1 -9.24948e-05 -0.000239467 9.31549e-05 1 0.00118611 0.000239212 -0.00118615 1 -0.0383647 0.0419385 -0.0923504
FixedParameters: 0 0 0
