# transform file /out/sourcedata/freesurfer/sub-v1s17x0050244_ses-1/mri/transforms/cc_up.lta
# created by oesteban on Mon Mar  9 02:55:41 2026

type      = 0 # LINEAR_VOX_TO_VOX
nxforms   = 1
mean      = 129.0000 115.0000 109.0000
sigma     = 10000.0000
1 4 4
9.987842440605164e-01 -3.356958925724030e-02 3.610096126794815e-02 -1.040094852447510e+00 
3.354768455028534e-02 9.994364380836487e-01 1.212577917613089e-03 2.260877799987793e+01 
-3.612131997942924e-02 0.000000000000000e+00 9.993474483489990e-01 3.772735214233398e+01 
0.000000000000000e+00 0.000000000000000e+00 0.000000000000000e+00 1.000000000000000e+00 
src volume info
valid = 1  # volume info valid
filename = /out/sourcedata/freesurfer/sub-v1s17x0050244_ses-1/mri/norm.mgz
volume = 256 256 256
voxelsize = 1.000000000000000e+00 1.000000000000000e+00 1.000000000000000e+00
xras   = -1.000000000000000e+00 5.529727786779404e-10 9.313225746154785e-10
yras   = 0.000000000000000e+00 0.000000000000000e+00 -1.000000000000000e+00
zras   = 1.302396412938833e-09 1.000000000000000e+00 0.000000000000000e+00
cras   = 4.799957275390625e-01 -1.106964111328125e+00 -1.000598144531250e+01
dst volume info
valid = 1  # volume info valid
filename = /out/sourcedata/freesurfer/sub-v1s17x0050244_ses-1/mri/norm.mgz
volume = 256 256 256
voxelsize = 1.000000000000000e+00 1.000000000000000e+00 1.000000000000000e+00
xras   = -1.000000000000000e+00 5.529727786779404e-10 9.313225746154785e-10
yras   = 0.000000000000000e+00 0.000000000000000e+00 -1.000000000000000e+00
zras   = 1.302396412938833e-09 1.000000000000000e+00 0.000000000000000e+00
cras   = 4.799957275390625e-01 -1.106964111328125e+00 -1.000598144531250e+01
