# transform file transforms/talairach.lta
# created by oesteban on Mon Mar  9 01:40:01 2026

type      = 0 # LINEAR_VOX_TO_VOX
nxforms   = 1
mean      = 130.0000 114.0000 109.0000
sigma     = 10000.0000
1 4 4
1.016031026840210e+00 -7.492107804864645e-03 5.148608237504959e-02 -9.279314994812012e+00 
-1.929217576980591e-02 9.667120575904846e-01 3.327247202396393e-01 -2.274483680725098e+01 
-6.906485557556152e-02 -3.625886440277100e-01 8.406583070755005e-01 7.123416900634766e+01 
0.000000000000000e+00 0.000000000000000e+00 0.000000000000000e+00 1.000000000000000e+00 
src volume info
valid = 1  # volume info valid
filename = nu.mgz
volume = 256 256 256
voxelsize = 1.000000000000000e+00 1.000000000000000e+00 1.000000000000000e+00
xras   = -1.000000000000000e+00 5.529727786779404e-10 9.313225746154785e-10
yras   = 0.000000000000000e+00 0.000000000000000e+00 -1.000000000000000e+00
zras   = 1.302396412938833e-09 1.000000000000000e+00 0.000000000000000e+00
cras   = 4.799957275390625e-01 -1.106964111328125e+00 -1.000598144531250e+01
dst volume info
valid = 1  # volume info valid
filename = /opt/freesurfer/average/RB_all_2020-01-02.gca
volume = 256 256 256
voxelsize = 1.000000000000000e+00 1.000000000000000e+00 1.000000000000000e+00
xras   = -1.000000000000000e+00 0.000000000000000e+00 0.000000000000000e+00
yras   = 0.000000000000000e+00 0.000000000000000e+00 -1.000000000000000e+00
zras   = 0.000000000000000e+00 1.000000000000000e+00 0.000000000000000e+00
cras   = 0.000000000000000e+00 0.000000000000000e+00 0.000000000000000e+00
