#Insight Transform File V1.0
#Transform 0
Transform: AffineTransform_float_3_3
Parameters: 0.999998 -0.000379349 -0.00161199 0.00039684 0.999939 0.0109918 0.00160783 -0.0109922 0.999938 -0.0676353 -0.0468658 0.276535
FixedParameters: 0 0 0

#Transform 1
Transform: AffineTransform_float_3_3
Parameters: 0.999998 -0.000203357 -0.00158042 0.000219094 0.999949 0.0100501 0.00157801 -0.0100501 0.999948 -0.0748062 0.00329416 0.26445
FixedParameters: 0 0 0

#Transform 2
Transform: AffineTransform_float_3_3
Parameters: 0.999998 -0.000360468 -0.00153747 0.000375415 0.999951 0.00989734 0.00153393 -0.00989805 0.99995 -0.0709376 -0.00274408 0.25914
FixedParameters: 0 0 0

#Transform 3
Transform: AffineTransform_float_3_3
Parameters: 0.999999 0.000422311 -0.00118981 -0.000410263 0.999946 0.0103462 0.00119445 -0.0103454 0.999946 -0.117216 -0.0212968 0.272628
FixedParameters: 0 0 0

#Transform 4
Transform: AffineTransform_float_3_3
Parameters: 0.999999 0.000695882 -0.00142932 -0.00068093 0.999948 0.0101099 0.00143553 -0.0101092 0.999948 -0.121144 0.018607 0.285444
FixedParameters: 0 0 0

#Transform 5
Transform: AffineTransform_float_3_3
Parameters: 0.999999 0.000784034 -0.00111902 -0.000772258 0.999949 0.0100391 0.00112718 -0.0100378 0.999949 -0.115029 -0.0205266 0.274355
FixedParameters: 0 0 0

#Transform 6
Transform: AffineTransform_float_3_3
Parameters: 0.999999 -1.25802e-05 -0.000952519 2.25016e-05 0.99995 0.00998191 0.00095251 -0.00998187 0.999949 -0.0887164 0.0181924 0.269258
FixedParameters: 0 0 0

#Transform 7
Transform: AffineTransform_float_3_3
Parameters: 0.999999 -0.000237704 -0.000929171 0.000247733 0.999947 0.010297 0.000926577 -0.0102972 0.999946 -0.0823748 -0.00586056 0.25742
FixedParameters: 0 0 0

#Transform 8
Transform: AffineTransform_float_3_3
Parameters: 1 -0.000224229 -0.00087805 0.000232834 0.999954 0.00954485 0.000875828 -0.00954507 0.999954 -0.0673838 0.0113044 0.244267
FixedParameters: 0 0 0

#Transform 9
Transform: AffineTransform_float_3_3
Parameters: 0.999999 0.000234946 -0.000953625 -0.000225917 0.999957 0.00928767 0.000956063 -0.00928772 0.999956 -0.0981461 0.0151661 0.24692
FixedParameters: 0 0 0

#Transform 10
Transform: AffineTransform_float_3_3
Parameters: 0.999999 0.000285482 -0.00109047 -0.000274391 0.999947 0.0103192 0.00109304 -0.0103187 0.999946 -0.085712 0.0285895 0.274348
FixedParameters: 0 0 0

#Transform 11
Transform: AffineTransform_float_3_3
Parameters: 0.999999 0.000354712 -0.000934272 -0.000346318 0.999955 0.00943384 0.000937139 -0.00943338 0.999955 -0.0855866 0.0585039 0.268353
FixedParameters: 0 0 0

#Transform 12
Transform: AffineTransform_float_3_3
Parameters: 0.999999 0.000232111 -0.000929977 -0.000223164 0.999948 0.0101716 0.000932099 -0.0101713 0.999948 -0.098636 0.0134535 0.2902
FixedParameters: 0 0 0

#Transform 13
Transform: AffineTransform_float_3_3
Parameters: 0.999999 0.000705837 -0.00161946 -0.000687884 0.999942 0.0107319 0.00162738 -0.0107308 0.999942 -0.134304 0.0680242 0.343429
FixedParameters: 0 0 0

#Transform 14
Transform: AffineTransform_float_3_3
Parameters: 0.999998 0.000980284 -0.00152322 -0.000964611 0.999947 0.0102573 0.00153372 -0.0102552 0.999946 -0.147891 -0.033563 0.382627
FixedParameters: 0 0 0

#Transform 15
Transform: AffineTransform_float_3_3
Parameters: 0.999999 0.00103745 -0.00130452 -0.00102831 0.999975 0.00697925 0.00131199 -0.00697823 0.999975 -0.100495 -0.0446102 0.207621
FixedParameters: 0 0 0

#Transform 16
Transform: AffineTransform_float_3_3
Parameters: 1 -0.000305804 0.0010446 0.000305798 1 7.23566e-05 -0.00104462 -7.263e-05 0.999999 0.00737606 0.0505109 0.017075
FixedParameters: 0 0 0

#Transform 17
Transform: AffineTransform_float_3_3
Parameters: 0.999999 0.000121311 0.00127972 -0.000120314 1 -0.000336049 -0.00127983 0.000336148 0.999999 -0.0441066 0.210204 0.037891
FixedParameters: 0 0 0

#Transform 18
Transform: AffineTransform_float_3_3
Parameters: 0.999999 8.76497e-05 0.000873113 -8.90597e-05 0.999999 0.00128471 -0.000873056 -0.0012849 0.999999 -0.0345761 -0.0109425 0.0814448
FixedParameters: 0 0 0

#Transform 19
Transform: AffineTransform_float_3_3
Parameters: 1 0.000510696 1.68751e-05 -0.000510713 0.999999 0.000513989 -1.63501e-05 -0.000514006 1 -0.051107 0.0333684 0.0862145
FixedParameters: 0 0 0

#Transform 20
Transform: AffineTransform_float_3_3
Parameters: 1 0.000402117 0.000184108 -0.000402076 1 -0.000110339 -0.000184197 0.000110191 1 -0.0149269 0.0142265 -0.00958466
FixedParameters: 0 0 0

#Transform 21
Transform: AffineTransform_float_3_3
Parameters: 1 0.00103355 -0.000202109 -0.00103355 1 1.38315e-05 0.000202129 -1.38242e-05 1 -0.0672978 0.0269933 0.0188576
FixedParameters: 0 0 0

#Transform 22
Transform: AffineTransform_float_3_3
Parameters: 0.999999 0.000730551 -0.000205127 -0.000730498 0.999999 0.000639583 0.000205086 -0.000639345 1 -0.0626562 0.0160968 0.05158
FixedParameters: 0 0 0

#Transform 23
Transform: AffineTransform_float_3_3
Parameters: 1 0.00049466 -9.07428e-05 -0.000494779 0.999999 0.00123823 9.10302e-05 -0.0012382 0.999999 -0.0816239 0.00721923 0.145926
FixedParameters: 0 0 0

#Transform 24
Transform: AffineTransform_float_3_3
Parameters: 1 0.00106987 -0.000544036 -0.00106993 0.999998 0.00121889 0.0005449 -0.00121781 0.999999 -0.0927241 0.00319756 0.125985
FixedParameters: 0 0 0

#Transform 25
Transform: AffineTransform_float_3_3
Parameters: 1 0.000951655 -0.000707289 -0.000950903 0.999998 0.00160846 0.000708634 -0.00160761 0.999998 -0.105261 -0.00312537 0.136475
FixedParameters: 0 0 0

#Transform 26
Transform: AffineTransform_float_3_3
Parameters: 0.999999 0.00079381 -0.000557598 -0.000793099 0.999997 0.00224112 0.000559523 -0.00224031 0.999998 -0.110411 0.00462321 0.162655
FixedParameters: 0 0 0

#Transform 27
Transform: AffineTransform_float_3_3
Parameters: 0.999999 0.000903673 -0.0010149 -0.000900591 0.999997 0.00239393 0.00101765 -0.0023935 0.999997 -0.113691 0.0154127 0.205359
FixedParameters: 0 0 0

#Transform 28
Transform: AffineTransform_float_3_3
Parameters: 0.999998 0.00135013 -0.00147232 -0.00134672 0.999997 0.00219095 0.00147488 -0.00218848 0.999996 -0.139357 0.0380011 0.23818
FixedParameters: 0 0 0

#Transform 29
Transform: AffineTransform_float_3_3
Parameters: 0.999999 0.00110215 -0.000953709 -0.0010997 0.999995 0.00308156 0.000957256 -0.00308095 0.999995 -0.138325 -0.00980634 0.243081
FixedParameters: 0 0 0

#Transform 30
Transform: AffineTransform_float_3_3
Parameters: 0.999999 0.00100288 -0.000930883 -0.00100028 0.999994 0.00305527 0.000934711 -0.00305443 0.999995 -0.136708 0.00640078 0.239041
FixedParameters: 0 0 0

#Transform 31
Transform: AffineTransform_float_3_3
Parameters: 0.999998 0.00111233 -0.0013752 -0.0011091 0.999996 0.00272194 0.00137825 -0.00272125 0.999995 -0.135765 0.00329728 0.273594
FixedParameters: 0 0 0

#Transform 32
Transform: AffineTransform_float_3_3
Parameters: 0.999998 0.00133935 -0.00145092 -0.00133401 0.999994 0.00311738 0.0014541 -0.00311602 0.999994 -0.146112 -0.0253509 0.255538
FixedParameters: 0 0 0

#Transform 33
Transform: AffineTransform_float_3_3
Parameters: 0.999997 0.0016756 -0.00192085 -0.00167074 0.999995 0.00269724 0.00192517 -0.00269418 0.999995 -0.153208 0.0517893 0.232409
FixedParameters: 0 0 0

#Transform 34
Transform: AffineTransform_float_3_3
Parameters: 0.999997 0.00160858 -0.00191893 -0.00160059 0.999991 0.00404895 0.00192565 -0.00404665 0.99999 -0.170136 0.0260253 0.346132
FixedParameters: 0 0 0

#Transform 35
Transform: AffineTransform_float_3_3
Parameters: 0.999997 0.00182164 -0.00167513 -0.00181304 0.999987 0.00487823 0.00168353 -0.00487529 0.999987 -0.206159 -0.00749974 0.405228
FixedParameters: 0 0 0

#Transform 36
Transform: AffineTransform_float_3_3
Parameters: 0.999996 0.00174225 -0.00210079 -0.00173318 0.999989 0.00431655 0.00210781 -0.00431278 0.999989 -0.183867 0.0193751 0.386862
FixedParameters: 0 0 0

#Transform 37
Transform: AffineTransform_float_3_3
Parameters: 0.999997 0.00120434 -0.00210452 -0.00119235 0.999982 0.00598112 0.00211177 -0.00597858 0.999979 -0.146104 -0.00717093 0.45313
FixedParameters: 0 0 0

#Transform 38
Transform: AffineTransform_float_3_3
Parameters: 0.999997 0.000666393 -0.00249546 -0.00065282 0.999985 0.00551822 0.00249887 -0.00551638 0.999982 -0.109242 -0.0260893 0.472608
FixedParameters: 0 0 0

#Transform 39
Transform: AffineTransform_float_3_3
Parameters: 0.999998 0.00090912 -0.0014131 -0.000908714 1 0.000483135 0.00141426 -0.000481442 0.999999 -0.120957 -0.0463487 0.209639
FixedParameters: 0 0 0

#Transform 40
Transform: AffineTransform_float_3_3
Parameters: 0.999998 0.00191881 0.000208554 -0.00191935 0.999998 0.00078017 -0.000206619 -0.00078094 0.999999 -0.241485 0.0988029 0.494428
FixedParameters: 0 0 0

#Transform 41
Transform: AffineTransform_float_3_3
Parameters: 0.999998 0.00196066 -0.000200657 -0.00196049 0.999998 0.000435334 0.000202347 -0.000435365 1 -0.223914 0.000187595 0.491786
FixedParameters: 0 0 0

#Transform 42
Transform: AffineTransform_float_3_3
Parameters: 0.999999 0.00181258 -0.000426286 -0.00181207 0.999998 0.00125761 0.000428914 -0.00125701 0.999999 -0.19352 -0.0514598 0.465976
FixedParameters: 0 0 0

#Transform 43
Transform: AffineTransform_float_3_3
Parameters: 0.999999 0.00169997 -0.000201453 -0.00169988 0.999998 0.0012875 0.0002038 -0.00128643 0.999999 -0.196046 -0.0202424 0.449656
FixedParameters: 0 0 0

#Transform 44
Transform: AffineTransform_float_3_3
Parameters: 0.999999 0.0012859 -0.000159814 -0.00128502 0.999998 0.00186181 0.00016251 -0.00186196 0.999999 -0.18795 -0.018635 0.413499
FixedParameters: 0 0 0

#Transform 45
Transform: AffineTransform_float_3_3
Parameters: 0.999999 0.00169999 -0.000541287 -0.00170006 0.999997 0.00153058 0.000543863 -0.00153062 0.999999 -0.199863 -0.0479619 0.384525
FixedParameters: 0 0 0

#Transform 46
Transform: AffineTransform_float_3_3
Parameters: 0.999998 0.00185621 -0.000716975 -0.00185492 0.999997 0.00142774 0.000719366 -0.00142608 0.999999 -0.218875 0.000262958 0.418284
FixedParameters: 0 0 0

#Transform 47
Transform: AffineTransform_float_3_3
Parameters: 0.999999 0.00122796 -0.000692432 -0.00122598 0.999997 0.0020769 0.000694669 -0.00207579 0.999997 -0.18034 -0.00562759 0.426342
FixedParameters: 0 0 0

#Transform 48
Transform: AffineTransform_float_3_3
Parameters: 0.999999 0.00133131 -0.000808137 -0.00132982 0.999997 0.00228876 0.000810637 -0.00228723 0.999997 -0.1895 0.000512836 0.475978
FixedParameters: 0 0 0

#Transform 49
Transform: AffineTransform_float_3_3
Parameters: 0.999994 0.00351559 0.000158202 -0.0035153 0.999994 -0.000386942 -0.000160202 0.000386151 0.999999 -0.300934 0.0459765 0.365934
FixedParameters: 0 0 0

#Transform 50
Transform: AffineTransform_float_3_3
Parameters: 0.999993 0.0034399 0.00109355 -0.00343847 0.999992 -0.0019355 -0.00110051 0.00193137 0.999997 -0.255609 -0.00222503 0.555145
FixedParameters: 0 0 0

#Transform 51
Transform: AffineTransform_float_3_3
Parameters: 0.999994 0.00343753 0.000109502 -0.00343702 0.999994 -0.000568935 -0.000111719 0.000568564 0.999999 -0.23511 -0.0251957 0.501733
FixedParameters: 0 0 0

#Transform 52
Transform: AffineTransform_float_3_3
Parameters: 0.999995 0.00333554 -0.00034316 -0.00333551 0.999995 0.000390329 0.000344667 -0.000389651 1 -0.274385 -0.0277106 0.492029
FixedParameters: 0 0 0

#Transform 53
Transform: AffineTransform_float_3_3
Parameters: 0.999996 0.00290944 -0.000769238 -0.00290893 0.999996 0.000475065 0.000770978 -0.000472699 0.999999 -0.252103 -0.0131273 0.481177
FixedParameters: 0 0 0

#Transform 54
Transform: AffineTransform_float_3_3
Parameters: 0.999995 0.00313377 -0.00127965 -0.00313247 0.999995 0.000672845 0.00128193 -0.000668317 0.999998 -0.256788 -0.0274073 0.51744
FixedParameters: 0 0 0

#Transform 55
Transform: AffineTransform_float_3_3
Parameters: 0.999994 0.00338083 -0.0013848 -0.00337983 0.999995 0.000508525 0.00138635 -0.000503975 0.999999 -0.264684 0.0198531 0.503707
FixedParameters: 0 0 0

#Transform 56
Transform: AffineTransform_float_3_3
Parameters: 0.999992 0.0037452 -0.00126493 -0.00374765 0.999992 -0.00141292 0.00126029 0.00141765 0.999998 -0.274684 0.0289025 0.43391
FixedParameters: 0 0 0

#Transform 57
Transform: AffineTransform_float_3_3
Parameters: 0.999992 0.00372413 -0.00131904 -0.00372331 0.999992 0.00107191 0.00132241 -0.00106705 0.999999 -0.311883 -0.0749656 0.588112
FixedParameters: 0 0 0

#Transform 58
Transform: AffineTransform_float_3_3
Parameters: 0.999993 0.00329898 -0.00138644 -0.00329766 0.999994 0.0006994 0.0013882 -0.000694717 0.999998 -0.277883 -0.0199668 0.51751
FixedParameters: 0 0 0

#Transform 59
Transform: AffineTransform_float_3_3
Parameters: 0.999993 0.00321422 -0.00157428 -0.00321252 0.999994 0.00114967 0.00157816 -0.00114495 0.999998 -0.273876 -0.068493 0.520189
FixedParameters: 0 0 0

#Transform 60
Transform: AffineTransform_float_3_3
Parameters: 0.999993 0.00316596 -0.00169126 -0.00316257 0.999993 0.00169357 0.00169652 -0.00168797 0.999997 -0.276472 -0.0224522 0.548474
FixedParameters: 0 0 0

#Transform 61
Transform: AffineTransform_float_3_3
Parameters: 0.999992 0.00360525 -0.00186198 -0.00360193 0.999992 0.00192753 0.00186868 -0.00192053 0.999996 -0.288525 -0.0241228 0.562443
FixedParameters: 0 0 0

#Transform 62
Transform: AffineTransform_float_3_3
Parameters: 0.999995 0.00290002 -0.00170455 -0.00289564 0.999993 0.00241393 0.00171138 -0.00240924 0.999995 -0.275518 -0.0738254 0.560803
FixedParameters: 0 0 0

#Transform 63
Transform: AffineTransform_float_3_3
Parameters: 0.999994 0.00303526 -0.00129978 -0.00303172 0.999992 0.00257813 0.00130807 -0.00257454 0.999996 -0.26891 -0.0318175 0.569833
FixedParameters: 0 0 0

#Transform 64
Transform: AffineTransform_float_3_3
Parameters: 0.999993 0.00347196 -0.00180488 -0.00346745 0.999991 0.00231852 0.00181379 -0.00231199 0.999995 -0.323408 -0.0207525 0.469425
FixedParameters: 0 0 0

#Transform 65
Transform: AffineTransform_float_3_3
Parameters: 0.999993 0.00347082 -0.0017983 -0.00346574 0.999989 0.00305562 0.00180877 -0.00305026 0.999994 -0.314143 0.00550735 0.500534
FixedParameters: 0 0 0

#Transform 66
Transform: AffineTransform_float_3_3
Parameters: 0.999993 0.00344654 -0.00192551 -0.0034419 0.999992 0.00225817 0.00193297 -0.00225189 0.999995 -0.298485 0.0214375 0.500706
FixedParameters: 0 0 0

#Transform 67
Transform: AffineTransform_float_3_3
Parameters: 0.999992 0.00340108 -0.00180711 -0.00339695 0.999991 0.00257271 0.00181669 -0.00256604 0.999995 -0.303677 -0.0208138 0.534809
FixedParameters: 0 0 0

#Transform 68
Transform: AffineTransform_float_3_3
Parameters: 0.999992 0.00336697 -0.00228217 -0.00335908 0.999988 0.00355054 0.00229483 -0.00354228 0.999991 -0.312517 -0.0332092 0.567291
FixedParameters: 0 0 0

#Transform 69
Transform: AffineTransform_float_3_3
Parameters: 0.99999 0.00382831 -0.00231762 -0.00382263 0.999989 0.00263477 0.00232831 -0.00262629 0.999994 -0.341907 0.0403515 0.579305
FixedParameters: 0 0 0

#Transform 70
Transform: AffineTransform_float_3_3
Parameters: 0.99999 0.00389793 -0.00218755 -0.00389033 0.999986 0.00355729 0.00220094 -0.00354929 0.999991 -0.350429 -0.00284427 0.604008
FixedParameters: 0 0 0

#Transform 71
Transform: AffineTransform_float_3_3
Parameters: 0.999991 0.00373034 -0.00219008 -0.00372292 0.999987 0.00338964 0.0022029 -0.00338051 0.999992 -0.347616 0.0291916 0.508111
FixedParameters: 0 0 0

#Transform 72
Transform: AffineTransform_float_3_3
Parameters: 0.999991 0.00354486 -0.00223025 -0.00353508 0.999984 0.00440948 0.00224552 -0.00440108 0.999988 -0.357534 -0.00940557 0.56492
FixedParameters: 0 0 0

#Transform 73
Transform: AffineTransform_float_3_3
Parameters: 0.999989 0.00388975 -0.00240979 -0.00388134 0.999986 0.00359831 0.00242373 -0.00358909 0.999991 -0.377171 0.00381629 0.590634
FixedParameters: 0 0 0

#Transform 74
Transform: AffineTransform_float_3_3
Parameters: 0.99999 0.00366257 -0.00247297 -0.00365447 0.999987 0.00333111 0.00248524 -0.003322 0.999992 -0.350829 0.0054347 0.568851
FixedParameters: 0 0 0

#Transform 75
Transform: AffineTransform_float_3_3
Parameters: 0.999988 0.00388663 -0.00292712 -0.00387692 0.999987 0.00328949 0.0029399 -0.00327841 0.99999 -0.364129 0.0202331 0.565479
FixedParameters: 0 0 0

#Transform 76
Transform: AffineTransform_float_3_3
Parameters: 0.999989 0.0035795 -0.0029159 -0.00356709 0.999985 0.00408276 0.0029297 -0.00407289 0.999987 -0.339602 0.00223784 0.618066
FixedParameters: 0 0 0

#Transform 77
Transform: AffineTransform_float_3_3
Parameters: 0.99999 0.0029886 -0.00343555 -0.002972 0.999984 0.00481483 0.00345008 -0.00480484 0.999982 -0.322807 0.0915172 0.614857
FixedParameters: 0 0 0

#Transform 78
Transform: AffineTransform_float_3_3
Parameters: 0.999989 0.00362169 -0.0030656 -0.00361011 0.999986 0.00403001 0.00308075 -0.00401868 0.999988 -0.331029 0.0442012 0.607824
FixedParameters: 0 0 0

#Transform 79
Transform: AffineTransform_float_3_3
Parameters: 0.999992 0.00250659 -0.00304583 -0.0024958 0.99999 0.00367735 0.003056 -0.00366965 0.999989 -0.281351 0.0135078 0.521119
FixedParameters: 0 0 0

#Transform 80
Transform: AffineTransform_float_3_3
Parameters: 0.999991 0.00323213 -0.0027725 -0.00322392 0.99999 0.00304454 0.00278215 -0.00303466 0.999992 -0.317938 0.0760047 0.530996
FixedParameters: 0 0 0

#Transform 81
Transform: AffineTransform_float_3_3
Parameters: 0.999992 0.00262487 -0.00304819 -0.00261373 0.99999 0.00358733 0.00305753 -0.00357941 0.999989 -0.326056 0.122493 0.156668
FixedParameters: 0 0 0

#Transform 82
Transform: AffineTransform_float_3_3
Parameters: 0.999991 0.00351276 -0.00260334 -0.00351618 0.999993 -0.00122645 0.00259863 0.00123476 0.999996 -0.417339 0.267705 -0.395268
FixedParameters: 0 0 0

#Transform 83
Transform: AffineTransform_float_3_3
Parameters: 0.999991 0.00339955 -0.00264021 -0.00341582 0.999976 -0.00599246 0.00261924 0.00600113 0.999979 -0.41002 0.111986 -0.52669
FixedParameters: 0 0 0

#Transform 84
Transform: AffineTransform_float_3_3
Parameters: 0.999992 0.0030012 -0.00261062 -0.00301622 0.999979 -0.00578543 0.00259361 0.00579343 0.99998 -0.380403 0.115831 -0.355199
FixedParameters: 0 0 0

#Transform 85
Transform: AffineTransform_float_3_3
Parameters: 0.999993 0.0026938 -0.00269451 -0.00270333 0.99999 -0.00357436 0.00268485 0.00358211 0.99999 -0.39426 0.211114 -0.161924
FixedParameters: 0 0 0

#Transform 86
Transform: AffineTransform_float_3_3
Parameters: 0.999992 0.00275073 -0.00304917 -0.00276002 0.999991 -0.00313 0.00304064 0.00313814 0.999991 -0.368068 0.143737 -0.180285
FixedParameters: 0 0 0

#Transform 87
Transform: AffineTransform_float_3_3
Parameters: 0.999992 0.0023755 -0.00316233 -0.0023845 0.999993 -0.00277362 0.00315608 0.00278033 0.999991 -0.342147 0.0494892 -0.152414
FixedParameters: 0 0 0

#Transform 88
Transform: AffineTransform_float_3_3
Parameters: 0.999993 0.00220764 -0.00314642 -0.00221573 0.999995 -0.00247545 0.00314156 0.00248232 0.999993 -0.325272 0.143297 -0.14322
FixedParameters: 0 0 0

#Transform 89
Transform: AffineTransform_float_3_3
Parameters: 0.999992 0.00247803 -0.00304956 -0.00248816 0.999991 -0.00357492 0.0030411 0.00358272 0.999989 -0.330607 0.13678 -0.146102
FixedParameters: 0 0 0

#Transform 90
Transform: AffineTransform_float_3_3
Parameters: 0.999993 0.00270741 -0.00270844 -0.00271429 0.999993 -0.00266589 0.00270099 0.00267367 0.999993 -0.359964 0.12478 -0.0544818
FixedParameters: 0 0 0

#Transform 91
Transform: AffineTransform_float_3_3
Parameters: 0.999993 0.00225167 -0.00313114 -0.00225679 0.999996 -0.00164456 0.00312723 0.0016515 0.999994 -0.322303 0.0806155 -0.017962
FixedParameters: 0 0 0

#Transform 92
Transform: AffineTransform_float_3_3
Parameters: 0.999992 0.00249962 -0.00314612 -0.00250426 0.999996 -0.00138488 0.00314291 0.00139266 0.999994 -0.346559 0.086379 0.0373462
FixedParameters: 0 0 0

#Transform 93
Transform: AffineTransform_float_3_3
Parameters: 0.99999 0.00324851 -0.00313651 -0.00325472 0.999993 -0.00189722 0.00313072 0.00190716 0.999994 -0.373406 0.121525 0.0184546
FixedParameters: 0 0 0

#Transform 94
Transform: AffineTransform_float_3_3
Parameters: 0.999992 0.00281114 -0.00289145 -0.00281508 0.999995 -0.00121834 0.00288852 0.00122627 0.999995 -0.358765 0.095632 0.0261044
FixedParameters: 0 0 0

#Transform 95
Transform: AffineTransform_float_3_3
Parameters: 0.999992 0.00297614 -0.00276901 -0.00297992 0.999995 -0.00141555 0.00276421 0.00142416 0.999995 -0.357587 0.126378 0.0481757
FixedParameters: 0 0 0

#Transform 96
Transform: AffineTransform_float_3_3
Parameters: 0.999993 0.00290667 -0.00260398 -0.00291076 0.999995 -0.00154067 0.00259869 0.00154794 0.999995 -0.341208 0.1249 0.0637542
FixedParameters: 0 0 0

#Transform 97
Transform: AffineTransform_float_3_3
Parameters: 0.999993 0.00227138 -0.00274649 -0.00227331 0.999997 -0.000621945 0.00274475 0.000628579 0.999996 -0.323971 0.0844152 0.0880426
FixedParameters: 0 0 0

#Transform 98
Transform: AffineTransform_float_3_3
Parameters: 0.999993 0.00260706 -0.00268942 -0.00260902 0.999996 -0.000682494 0.00268797 0.000689005 0.999996 -0.3385 0.0985255 0.150392
FixedParameters: 0 0 0

#Transform 99
Transform: AffineTransform_float_3_3
Parameters: 0.999993 0.0025597 -0.00263977 -0.00256324 0.999996 -0.0012574 0.00263719 0.0012639 0.999996 -0.334996 0.100118 0.14242
FixedParameters: 0 0 0

#Transform 100
Transform: AffineTransform_float_3_3
Parameters: 0.999994 0.00245239 -0.00268216 -0.00245337 0.999997 -0.000304322 0.00268191 0.000311255 0.999996 -0.354878 0.140087 0.146365
FixedParameters: 0 0 0

#Transform 101
Transform: AffineTransform_float_3_3
Parameters: 0.999991 0.00277357 -0.0029594 -0.002775 0.999996 -0.000495933 0.00295785 0.000503865 0.999996 -0.360309 0.112849 0.157796
FixedParameters: 0 0 0

#Transform 102
Transform: AffineTransform_float_3_3
Parameters: 0.999989 0.00319922 -0.00348574 -0.0031956 0.999994 0.000989687 0.0034893 -0.000978283 0.999993 -0.386586 0.106012 0.165211
FixedParameters: 0 0 0

#Transform 103
Transform: AffineTransform_float_3_3
Parameters: 0.999988 0.00371411 -0.00318064 -0.00370989 0.999993 0.00108315 0.00318466 -0.00107083 0.999994 -0.430403 0.112511 0.17736
FixedParameters: 0 0 0

#Transform 104
Transform: AffineTransform_float_3_3
Parameters: 0.999988 0.00369336 -0.00327044 -0.00369325 0.999993 0.000306527 0.00327165 -0.000293992 0.999995 -0.437186 0.138541 0.163925
FixedParameters: 0 0 0

#Transform 105
Transform: AffineTransform_float_3_3
Parameters: 0.999988 0.00367152 -0.00328835 -0.00366941 0.999993 0.000641623 0.00329103 -0.000629163 0.999994 -0.430134 0.153821 0.167722
FixedParameters: 0 0 0

#Transform 106
Transform: AffineTransform_float_3_3
Parameters: 0.999989 0.00344482 -0.00322519 -0.00344131 0.999993 0.00110591 0.0032291 -0.00109506 0.999995 -0.440636 0.131492 0.141588
FixedParameters: 0 0 0

#Transform 107
Transform: AffineTransform_float_3_3
Parameters: 0.999986 0.00451962 -0.0029467 -0.00451912 0.99999 0.000270005 0.00294779 -0.000256166 0.999996 -0.489565 0.15309 0.187923
FixedParameters: 0 0 0

#Transform 108
Transform: AffineTransform_float_3_3
Parameters: 0.999985 0.00447878 -0.0031348 -0.00447691 0.99999 0.000501827 0.00313711 -0.000488424 0.999995 -0.491501 0.147734 0.296086
FixedParameters: 0 0 0

#Transform 109
Transform: AffineTransform_float_3_3
Parameters: 0.999987 0.00409522 -0.00310349 -0.00409139 0.999991 0.00125839 0.00310902 -0.00124512 0.999994 -0.461689 0.0579974 0.288536
FixedParameters: 0 0 0

#Transform 110
Transform: AffineTransform_float_3_3
Parameters: 0.999985 0.00426621 -0.00343477 -0.00426454 0.99999 0.000548749 0.00343753 -0.000534176 0.999994 -0.463262 0.111131 0.263907
FixedParameters: 0 0 0

#Transform 111
Transform: AffineTransform_float_3_3
Parameters: 0.999986 0.00471224 -0.00249554 -0.00470347 0.999983 0.00345405 0.00251081 -0.0034419 0.999991 -0.494921 0.140823 0.9976
FixedParameters: 0 0 0

#Transform 112
Transform: AffineTransform_float_3_3
Parameters: 0.999987 0.00490731 -0.00185312 -0.00490583 0.999988 0.000886643 0.00185825 -0.000877625 0.999998 -0.588661 0.0601728 0.256438
FixedParameters: 0 0 0

#Transform 113
Transform: AffineTransform_float_3_3
Parameters: 0.999976 0.0059651 -0.0036762 -0.00597517 0.999979 -0.0026308 0.00366004 0.00265213 0.99999 -0.627136 0.423768 -0.178781
FixedParameters: 0 0 0

#Transform 114
Transform: AffineTransform_float_3_3
Parameters: 0.999986 0.0044335 -0.00303963 -0.00443611 0.99999 -0.000780925 0.00303694 0.000793562 0.999995 -0.525301 0.149493 -0.0930907
FixedParameters: 0 0 0

#Transform 115
Transform: AffineTransform_float_3_3
Parameters: 0.999981 0.00502241 -0.0036944 -0.00502902 0.999985 -0.00174105 0.00368558 0.00175999 0.999992 -0.538881 0.118801 -0.103082
FixedParameters: 0 0 0

#Transform 116
Transform: AffineTransform_float_3_3
Parameters: 0.99998 0.00512601 -0.003875 -0.00513173 0.999986 -0.00139336 0.00386875 0.00141267 0.999992 -0.537715 0.0807754 -0.0629538
FixedParameters: 0 0 0

#Transform 117
Transform: AffineTransform_float_3_3
Parameters: 0.999977 0.00531505 -0.00415827 -0.00532341 0.999984 -0.00190087 0.00414774 0.00192247 0.999989 -0.54721 0.171536 -0.0813967
FixedParameters: 0 0 0

#Transform 118
Transform: AffineTransform_float_3_3
Parameters: 0.999974 0.00555258 -0.00442272 -0.00555699 0.999985 -0.00103916 0.00441738 0.00106418 0.99999 -0.56381 0.168365 -0.0167721
FixedParameters: 0 0 0

#Transform 119
Transform: AffineTransform_float_3_3
Parameters: 0.999974 0.0055421 -0.00446662 -0.00554158 0.999985 -1.96008e-06 0.00446655 2.70396e-05 0.99999 -0.562006 0.134688 -0.00834385
FixedParameters: 0 0 0

#Transform 120
Transform: AffineTransform_float_3_3
Parameters: 0.999979 0.00508538 -0.0038491 -0.00508576 0.999987 4.33013e-05 0.00384949 -2.31693e-05 0.999993 -0.554146 0.146171 -0.0278331
FixedParameters: 0 0 0

#Transform 121
Transform: AffineTransform_float_3_3
Parameters: 0.999977 0.00566123 -0.00390879 -0.00565933 0.999984 0.000371747 0.00391098 -0.000348773 0.999993 -0.57335 0.145459 -0.00170735
FixedParameters: 0 0 0

#Transform 122
Transform: AffineTransform_float_3_3
Parameters: 0.999979 0.00506988 -0.00391676 -0.00506786 0.999987 0.000701168 0.0039204 -0.000681555 0.999992 -0.545198 0.0932747 0.0329152
FixedParameters: 0 0 0

#Transform 123
Transform: AffineTransform_float_3_3
Parameters: 0.99998 0.00471405 -0.00419042 -0.00471531 0.999989 -0.00038079 0.00418841 0.000400741 0.999991 -0.534389 0.137141 0.0179149
FixedParameters: 0 0 0

#Transform 124
Transform: AffineTransform_float_3_3
Parameters: 0.999978 0.00537536 -0.0039161 -0.00537597 0.999985 -0.000304213 0.00391432 0.000326023 0.999992 -0.564344 0.143375 0.0577869
FixedParameters: 0 0 0

#Transform 125
Transform: AffineTransform_float_3_3
Parameters: 0.999982 0.00465077 -0.00385133 -0.00464744 0.999988 0.00106392 0.00385598 -0.00104657 0.999992 -0.536731 0.11802 0.0700796
FixedParameters: 0 0 0

#Transform 126
Transform: AffineTransform_float_3_3
Parameters: 0.999977 0.00523164 -0.00415536 -0.0052322 0.999987 -0.000139992 0.00415469 0.000162247 0.999991 -0.556031 0.151712 0.0583812
FixedParameters: 0 0 0

#Transform 127
Transform: AffineTransform_float_3_3
Parameters: 0.999981 0.00463922 -0.00390778 -0.00463701 0.999989 0.000700324 0.00391175 -0.000682376 0.999992 -0.546978 0.146256 0.085868
FixedParameters: 0 0 0

#Transform 128
Transform: AffineTransform_float_3_3
Parameters: 0.999981 0.00460294 -0.00407933 -0.00460107 0.999989 0.000452609 0.00408174 -0.000433435 0.999992 -0.541312 0.130555 0.161537
FixedParameters: 0 0 0

#Transform 129
Transform: AffineTransform_float_3_3
Parameters: 0.999976 0.0054201 -0.00443354 -0.00542441 0.999985 -0.000751283 0.00442905 0.000775127 0.999989 -0.556716 0.149394 0.16199
FixedParameters: 0 0 0

#Transform 130
Transform: AffineTransform_float_3_3
Parameters: 0.999974 0.00568823 -0.00439394 -0.00569067 0.999984 -0.000544383 0.00439138 0.000569746 0.99999 -0.56209 0.107815 0.126376
FixedParameters: 0 0 0

#Transform 131
Transform: AffineTransform_float_3_3
Parameters: 0.999977 0.0053274 -0.00435539 -0.0053268 0.999986 0.000253689 0.00435745 -0.000230379 0.99999 -0.553095 0.0972105 0.177309
FixedParameters: 0 0 0

#Transform 132
Transform: AffineTransform_float_3_3
Parameters: 0.999976 0.00555114 -0.0042947 -0.00555414 0.999984 -0.000624371 0.00429143 0.000647836 0.999991 -0.55861 0.105623 0.197206
FixedParameters: 0 0 0

#Transform 133
Transform: AffineTransform_float_3_3
Parameters: 0.999972 0.00593391 -0.0044188 -0.00593795 0.999982 -0.000974471 0.00441249 0.0010006 0.99999 -0.584301 0.147448 0.192184
FixedParameters: 0 0 0

#Transform 134
Transform: AffineTransform_float_3_3
Parameters: 0.999976 0.00544291 -0.00441178 -0.00544526 0.999985 -0.000484858 0.00440821 0.00050854 0.99999 -0.554541 0.0974271 0.171059
FixedParameters: 0 0 0

#Transform 135
Transform: AffineTransform_float_3_3
Parameters: 0.999974 0.00575553 -0.0043487 -0.00575937 0.999984 -0.000831823 0.00434356 0.000856869 0.99999 -0.573117 0.152944 0.216074
FixedParameters: 0 0 0

#Transform 136
Transform: AffineTransform_float_3_3
Parameters: 0.999971 0.00613623 -0.00461166 -0.00614231 0.99998 -0.00134448 0.0046032 0.00137268 0.999988 -0.592054 0.146287 0.233241
FixedParameters: 0 0 0

#Transform 137
Transform: AffineTransform_float_3_3
Parameters: 0.999972 0.00614447 -0.00441166 -0.00615014 0.999981 -0.00123105 0.00440468 0.00125833 0.999989 -0.571296 0.114421 0.23225
FixedParameters: 0 0 0

#Transform 138
Transform: AffineTransform_float_3_3
Parameters: 0.999975 0.00546221 -0.00432141 -0.0054632 0.999984 -0.000362354 0.00432015 0.000385698 0.999991 -0.557983 0.137464 0.233215
FixedParameters: 0 0 0

#Transform 139
Transform: AffineTransform_float_3_3
Parameters: 0.999973 0.00596353 -0.0044127 -0.0059666 0.999982 -0.000613643 0.00440906 0.000639914 0.99999 -0.582635 0.1458 0.233683
FixedParameters: 0 0 0

#Transform 140
Transform: AffineTransform_float_3_3
Parameters: 0.999971 0.00628044 -0.00443621 -0.00628584 0.99998 -0.00130472 0.00442781 0.00133213 0.999989 -0.582097 0.12028 0.236173
FixedParameters: 0 0 0

#Transform 141
Transform: AffineTransform_float_3_3
Parameters: 0.999975 0.00546516 -0.00430854 -0.00546786 0.999985 -0.000569152 0.00430595 0.000592945 0.999991 -0.546641 0.0992343 0.243314
FixedParameters: 0 0 0

#Transform 142
Transform: AffineTransform_float_3_3
Parameters: 0.999974 0.00535044 -0.0048413 -0.00535194 0.999986 -0.000367999 0.00483918 0.000394465 0.999988 -0.545626 0.0992741 0.25264
FixedParameters: 0 0 0

#Transform 143
Transform: AffineTransform_float_3_3
Parameters: 0.99997 0.00606017 -0.00482952 -0.00606459 0.999981 -0.000860365 0.00482474 0.000888991 0.999988 -0.587079 0.131503 0.271466
FixedParameters: 0 0 0

#Transform 144
Transform: AffineTransform_float_3_3
Parameters: 0.999972 0.00578474 -0.00488111 -0.00578562 0.999983 -0.000195339 0.00487996 0.00022339 0.999988 -0.57198 0.131059 0.272038
FixedParameters: 0 0 0

#Transform 145
Transform: AffineTransform_float_3_3
Parameters: 0.999975 0.00544746 -0.00438957 -0.0054489 0.999985 -0.000274726 0.0043885 0.000298659 0.99999 -0.561246 0.101041 0.271667
FixedParameters: 0 0 0

#Transform 146
Transform: AffineTransform_float_3_3
Parameters: 0.99997 0.00633258 -0.00454318 -0.00633644 0.99998 -0.000837039 0.0045381 0.000865253 0.999989 -0.591276 0.126203 0.236445
FixedParameters: 0 0 0

#Transform 147
Transform: AffineTransform_float_3_3
Parameters: 0.999971 0.00595075 -0.00490789 -0.00595144 0.999982 -7.79635e-05 0.00490833 0.000106674 0.999988 -0.584624 0.111611 0.256563
FixedParameters: 0 0 0

#Transform 148
Transform: AffineTransform_float_3_3
Parameters: 0.99997 0.00600868 -0.00499707 -0.00601199 0.999981 -0.000713359 0.00499321 0.000742939 0.999988 -0.58778 0.192025 0.259535
FixedParameters: 0 0 0

#Transform 149
Transform: AffineTransform_float_3_3
Parameters: 0.999967 0.00623591 -0.00504061 -0.00624288 0.999979 -0.00135211 0.00503292 0.00138434 0.999987 -0.595562 0.119521 0.230481
FixedParameters: 0 0 0
