#Insight Transform File V1.0
#Transform 0
Transform: AffineTransform_float_3_3
Parameters: 0.999999 0.000506129 -0.000619636 -0.000505474 1 0.000900514 0.000619651 -0.000900551 0.999999 -0.0154774 -0.122087 0.0756957
FixedParameters: 0 0 0

#Transform 1
Transform: AffineTransform_float_3_3
Parameters: 0.999999 0.000900811 -0.000270684 -0.000900565 0.999998 0.00129581 0.000272135 -0.00129537 0.999999 -0.0273112 -0.148837 0.0917338
FixedParameters: 0 0 0

#Transform 2
Transform: AffineTransform_float_3_3
Parameters: 1 0.000681729 -0.00075983 -0.000680548 0.999999 0.00097931 0.000760292 -0.000979114 1 -0.016855 -0.126382 0.0648316
FixedParameters: 0 0 0

#Transform 3
Transform: AffineTransform_float_3_3
Parameters: 0.999999 0.000625319 -0.000434165 -0.00062443 0.999998 0.00154836 0.000435217 -0.00154787 0.999998 -0.00216077 -0.134799 0.0795801
FixedParameters: 0 0 0

#Transform 4
Transform: AffineTransform_float_3_3
Parameters: 0.999999 0.000845937 -0.00040353 -0.000845599 0.999999 0.000989339 0.000404308 -0.00098932 0.999999 -0.00919724 -0.106086 0.0772426
FixedParameters: 0 0 0

#Transform 5
Transform: AffineTransform_float_3_3
Parameters: 0.999999 0.000754127 -0.000442157 -0.000753348 0.999998 0.00191172 0.000443272 -0.00191115 0.999998 -0.00560422 -0.132691 0.0943019
FixedParameters: 0 0 0

#Transform 6
Transform: AffineTransform_float_3_3
Parameters: 0.999999 0.000693731 -0.000346303 -0.000693554 1 0.000921281 0.000346685 -0.000921464 0.999999 -0.0190083 -0.0853914 0.0552058
FixedParameters: 0 0 0

#Transform 7
Transform: AffineTransform_float_3_3
Parameters: 0.999999 0.000496059 -0.000612468 -0.000495397 0.999998 0.00178432 0.000613735 -0.00178371 0.999998 -0.0123426 -0.133 0.087987
FixedParameters: 0 0 0

#Transform 8
Transform: AffineTransform_float_3_3
Parameters: 1 0.000516325 -0.000310985 -0.000516937 0.999999 0.00125441 0.000311719 -0.00125409 0.999999 -0.0038055 -0.0894288 0.0576789
FixedParameters: 0 0 0

#Transform 9
Transform: AffineTransform_float_3_3
Parameters: 0.999999 0.000662668 -0.000848231 -0.000660449 0.999999 0.00164364 0.000849654 -0.00164335 0.999999 -0.0123923 -0.142842 0.0848746
FixedParameters: 0 0 0

#Transform 10
Transform: AffineTransform_float_3_3
Parameters: 0.999999 0.000623141 -0.000333271 -0.000622886 0.999999 0.00106768 0.000333718 -0.00106731 1 -0.0103584 -0.109729 0.0958377
FixedParameters: 0 0 0

#Transform 11
Transform: AffineTransform_float_3_3
Parameters: 1 0.000448739 -0.00034794 -0.000448326 0.999999 0.00124988 0.000348178 -0.00124962 0.999999 -0.0133633 -0.118883 0.0857504
FixedParameters: 0 0 0

#Transform 12
Transform: AffineTransform_float_3_3
Parameters: 0.999999 0.000705309 -0.000390764 -0.000704627 0.999998 0.00145441 0.000391931 -0.0014539 0.999999 -0.0065194 -0.103781 0.0768635
FixedParameters: 0 0 0

#Transform 13
Transform: AffineTransform_float_3_3
Parameters: 1 0.000575924 -0.000331385 -0.000575548 0.999999 0.00125486 0.000331947 -0.00125452 0.999999 -0.00442498 -0.0987467 0.0609096
FixedParameters: 0 0 0

#Transform 14
Transform: AffineTransform_float_3_3
Parameters: 1 0.000393119 -0.000242759 -0.000393138 1 0.000911941 0.00024258 -0.000912414 0.999999 -0.000488421 -0.0846052 0.0844829
FixedParameters: 0 0 0

#Transform 15
Transform: AffineTransform_float_3_3
Parameters: 0.999999 0.000350333 -0.000696723 -0.000349734 0.999999 0.00142936 0.000697161 -0.00142887 0.999998 -0.00991153 -0.101121 0.0658509
FixedParameters: 0 0 0

#Transform 16
Transform: AffineTransform_float_3_3
Parameters: 0.999999 0.000762389 -0.000170697 -0.000762494 0.999999 0.000644476 0.000170737 -0.000644269 1 -0.0103518 -0.086499 0.0655596
FixedParameters: 0 0 0

#Transform 17
Transform: AffineTransform_float_3_3
Parameters: 1 0.000614279 -0.000752993 -0.000614041 0.999999 0.00098372 0.000753649 -0.000983584 1 -0.00148859 -0.0962071 0.0547405
FixedParameters: 0 0 0

#Transform 18
Transform: AffineTransform_float_3_3
Parameters: 1 0.000491177 -0.000261617 -0.000491161 0.999999 0.000650291 0.000261313 -0.000650087 1 -0.00369783 -0.0707886 0.0728698
FixedParameters: 0 0 0

#Transform 19
Transform: AffineTransform_float_3_3
Parameters: 0.999999 0.000666262 -0.000491866 -0.000666927 1 0.000743447 0.000492282 -0.000743405 0.999999 -0.0024875 -0.129731 0.0608151
FixedParameters: 0 0 0

#Transform 20
Transform: AffineTransform_float_3_3
Parameters: 1 -0.0001414 -0.000412964 0.000141335 1 -7.79263e-05 0.000412986 7.78095e-05 1 0.00661118 0.00806399 -0.00376323
FixedParameters: 0 0 0

#Transform 21
Transform: AffineTransform_float_3_3
Parameters: 1 0.000227257 -0.000601106 -0.000226707 0.999999 0.000728027 0.000600494 -0.000727808 0.999999 0.0101094 -0.122414 0.103401
FixedParameters: 0 0 0

#Transform 22
Transform: AffineTransform_float_3_3
Parameters: 0.999999 0.000490249 -0.000509675 -0.00048985 0.999999 0.00071108 0.000509429 -0.000710634 0.999999 -0.0129213 -0.102389 0.078032
FixedParameters: 0 0 0

#Transform 23
Transform: AffineTransform_float_3_3
Parameters: 1 0.000532688 -0.000338426 -0.000532591 0.999999 0.000623425 0.000338147 -0.000623117 1 -0.0147685 -0.0964342 0.0741545
FixedParameters: 0 0 0

#Transform 24
Transform: AffineTransform_float_3_3
Parameters: 0.999999 0.000679224 -0.000506622 -0.000679092 1 0.000586438 0.000506523 -0.000586413 1 -0.0238349 -0.0886522 0.065906
FixedParameters: 0 0 0

#Transform 25
Transform: AffineTransform_float_3_3
Parameters: 0.999999 0.000655689 -0.000548456 -0.00065558 1 9.99982e-05 0.000548587 -9.9279e-05 1 -0.028992 -0.101097 0.0315764
FixedParameters: 0 0 0

#Transform 26
Transform: AffineTransform_float_3_3
Parameters: 0.999999 0.000536096 -0.000671622 -0.000536983 0.999999 0.000265798 0.000671356 -0.000265867 1 -0.023267 -0.0450354 -0.0175764
FixedParameters: 0 0 0

#Transform 27
Transform: AffineTransform_float_3_3
Parameters: 0.999999 0.000540072 -0.000660306 -0.000541184 0.999999 9.92313e-05 0.000659862 -9.93075e-05 1 -0.00786966 -0.0617928 -0.0154866
FixedParameters: 0 0 0

#Transform 28
Transform: AffineTransform_float_3_3
Parameters: 0.999999 0.000751475 -0.00040905 -0.000751633 0.999999 0.000204363 0.000408414 -0.000203802 1 -0.023012 -0.0737998 -0.016733
FixedParameters: 0 0 0

#Transform 29
Transform: AffineTransform_float_3_3
Parameters: 1 0.000376476 -0.000567552 -0.000376908 1 -0.000381088 0.000567264 0.000381516 1 -0.0225215 -0.0230998 -0.0462415
FixedParameters: 0 0 0

#Transform 30
Transform: AffineTransform_float_3_3
Parameters: 1 0.000764226 -0.000749439 -0.000764148 1 0.000260371 0.000748952 -0.00026068 1 -0.0083129 -0.0555882 0.00739093
FixedParameters: 0 0 0

#Transform 31
Transform: AffineTransform_float_3_3
Parameters: 1 0.000574995 -0.000208194 -0.000574721 0.999999 0.00065736 0.00020895 -0.00065712 1 -0.021137 -0.0445758 0.0303177
FixedParameters: 0 0 0

#Transform 32
Transform: AffineTransform_float_3_3
Parameters: 0.999999 0.000650062 -0.000512565 -0.000649497 1 0.000684399 0.000513501 -0.000684343 0.999999 -0.0075519 -0.058545 0.0279548
FixedParameters: 0 0 0

#Transform 33
Transform: AffineTransform_float_3_3
Parameters: 1 0.000298013 -0.000321277 -0.000298417 1 -0.000628889 0.000320902 0.00062908 1 -0.0195539 0.0624685 -0.103705
FixedParameters: 0 0 0

#Transform 34
Transform: AffineTransform_float_3_3
Parameters: 0.999999 0.000856691 -0.000407713 -0.000856408 0.999999 0.000912194 0.000408379 -0.000912158 0.999999 -0.0241975 -0.069758 0.0302382
FixedParameters: 0 0 0

#Transform 35
Transform: AffineTransform_float_3_3
Parameters: 1 0.000896897 -0.000554512 -0.00089647 1 0.000682212 0.000554779 -0.000681885 0.999999 -0.0295792 -0.0541241 -0.00111098
FixedParameters: 0 0 0

#Transform 36
Transform: AffineTransform_float_3_3
Parameters: 0.999999 0.000400424 -0.000710339 -0.000399234 0.999999 0.00114734 0.000710445 -0.00114761 1 -0.0152809 -0.0445808 0.0498953
FixedParameters: 0 0 0

#Transform 37
Transform: AffineTransform_float_3_3
Parameters: 1 0.000136998 -0.000604108 -0.000137261 1 0.000935636 0.000603803 -0.00093547 1 -0.017068 -0.050685 0.0329526
FixedParameters: 0 0 0

#Transform 38
Transform: AffineTransform_float_3_3
Parameters: 1 0.000389618 -0.000948564 -0.00038834 1 0.000845393 0.000948279 -0.000844708 0.999999 -0.0267462 -0.048815 0.0253232
FixedParameters: 0 0 0

#Transform 39
Transform: AffineTransform_float_3_3
Parameters: 1 0.000200475 -0.000144214 -0.000200326 1 0.000513862 0.00014442 -0.000513804 1 -0.0296453 -0.0446903 0.0197502
FixedParameters: 0 0 0

#Transform 40
Transform: AffineTransform_float_3_3
Parameters: 1 0.000582605 -0.00109756 -0.000581585 0.999999 0.00103119 0.00109821 -0.00103071 0.999999 -0.0173776 -0.105698 0.0427111
FixedParameters: 0 0 0

#Transform 41
Transform: AffineTransform_float_3_3
Parameters: 1 -2.68813e-05 -6.73324e-05 2.69504e-05 1 0.000513085 6.73048e-05 -0.000513088 1 -0.0219741 0.0331421 -0.0168615
FixedParameters: 0 0 0

#Transform 42
Transform: AffineTransform_float_3_3
Parameters: 1 3.37786e-06 4.10068e-05 -3.62792e-06 0.999999 0.00143665 -4.09366e-05 -0.00143664 0.999999 -0.0283167 -0.056547 0.0159757
FixedParameters: 0 0 0

#Transform 43
Transform: AffineTransform_float_3_3
Parameters: 1 -0.000396472 -0.000318575 0.00039723 0.999999 0.0014265 0.000317432 -0.00142596 0.999999 -0.0145691 -0.0195974 0.00328125
FixedParameters: 0 0 0

#Transform 44
Transform: AffineTransform_float_3_3
Parameters: 1 6.47235e-06 2.48866e-05 -6.48637e-06 1 0.000281595 -2.4883e-05 -0.000281595 1 -0.033357 -0.0419135 -0.0461224
FixedParameters: 0 0 0

#Transform 45
Transform: AffineTransform_float_3_3
Parameters: 1 -2.46574e-07 1.93623e-05 2.10375e-07 0.999999 0.000934762 -1.93627e-05 -0.000934762 0.999999 -0.0389429 -0.0256251 0.0107086
FixedParameters: 0 0 0

#Transform 46
Transform: AffineTransform_float_3_3
Parameters: 1 4.25148e-05 0.000143551 -4.27752e-05 0.999999 0.000907212 -0.000143474 -0.000907225 0.999999 -0.0445674 -0.027051 -0.0407761
FixedParameters: 0 0 0

#Transform 47
Transform: AffineTransform_float_3_3
Parameters: 1 -6.02693e-05 0.000191601 5.99857e-05 0.999999 0.00073988 -0.00019169 -0.000739857 0.999999 -0.0455314 -0.0377429 -0.0152077
FixedParameters: 0 0 0

#Transform 48
Transform: AffineTransform_float_3_3
Parameters: 1 -0.000529155 -0.000137874 0.000529415 0.999999 0.00142967 0.00013642 -0.00142982 0.999999 -0.0200934 -0.00336165 -0.0326653
FixedParameters: 0 0 0

#Transform 49
Transform: AffineTransform_float_3_3
Parameters: 0.999999 -0.000770519 0.000402801 0.000769956 0.999999 0.00134144 -0.000402921 -0.00134071 0.999999 -0.0204232 0.000710554 -0.0256254
FixedParameters: 0 0 0

#Transform 50
Transform: AffineTransform_float_3_3
Parameters: 1 -0.000449633 9.29668e-05 0.000449247 0.999999 0.0013543 -9.4124e-05 -0.00135421 0.999999 -0.0258045 -0.0158224 -0.0359068
FixedParameters: 0 0 0

#Transform 51
Transform: AffineTransform_float_3_3
Parameters: 1 2.5883e-05 4.38192e-05 -2.59425e-05 1 0.000679492 -4.3784e-05 -0.000679495 1 -0.0233898 0.0122261 -0.0277416
FixedParameters: 0 0 0

#Transform 52
Transform: AffineTransform_float_3_3
Parameters: 1 -5.97508e-05 -1.95026e-05 5.97517e-05 1 2.39674e-05 1.94997e-05 -2.39697e-05 1 -0.0208282 0.00937146 -0.0695146
FixedParameters: 0 0 0

#Transform 53
Transform: AffineTransform_float_3_3
Parameters: 1 -0.000432033 0.000114077 0.000432045 1 -5.15457e-05 -0.000114032 5.16443e-05 1 -0.0128218 0.0165932 -0.0528242
FixedParameters: 0 0 0

#Transform 54
Transform: AffineTransform_float_3_3
Parameters: 1 -0.000501602 -6.72139e-05 0.000501575 1 0.000955547 6.62315e-05 -0.000955437 0.999999 -0.0098452 -0.00586482 -0.0672831
FixedParameters: 0 0 0

#Transform 55
Transform: AffineTransform_float_3_3
Parameters: 1 -0.000363903 0.000318142 0.000363783 1 0.000214936 -0.000318228 -0.000215491 1 -0.0166287 0.00508734 -0.0730406
FixedParameters: 0 0 0

#Transform 56
Transform: AffineTransform_float_3_3
Parameters: 1 -0.000693778 0.000139464 0.000693748 1 0.000778228 -0.000139554 -0.000778593 0.999999 -0.00234737 -0.0588622 -0.0414629
FixedParameters: 0 0 0

#Transform 57
Transform: AffineTransform_float_3_3
Parameters: 0.999999 -0.000760037 0.000443817 0.000759912 0.999999 0.000141253 -0.000444031 -0.000140578 1 -0.00843114 0.0209514 -0.055414
FixedParameters: 0 0 0

#Transform 58
Transform: AffineTransform_float_3_3
Parameters: 1 -0.00048122 -9.86063e-06 0.000481562 0.999999 0.000864148 9.97162e-06 -0.000864105 0.999999 -0.00405756 -0.0442127 -0.00674988
FixedParameters: 0 0 0

#Transform 59
Transform: AffineTransform_float_3_3
Parameters: 0.999999 -0.000826626 0.000164539 0.000826476 0.999999 0.00104095 -0.000165257 -0.00104063 1 -0.000676178 -0.0233249 0.000667511
FixedParameters: 0 0 0

#Transform 60
Transform: AffineTransform_float_3_3
Parameters: 0.999999 -0.000790957 0.000453443 0.000790598 1 0.000602926 -0.000453407 -0.000602766 1 0.000513475 -0.0297743 -0.0348991
FixedParameters: 0 0 0

#Transform 61
Transform: AffineTransform_float_3_3
Parameters: 0.999999 -0.000875143 0.000209562 0.000875047 1 0.000675228 -0.000209754 -0.000675419 1 -0.006641 0.0741917 -0.0211594
FixedParameters: 0 0 0

#Transform 62
Transform: AffineTransform_float_3_3
Parameters: 1 -0.000538847 0.000100177 0.000539052 0.999999 0.000601067 -9.98823e-05 -0.000600906 1 -0.008309 0.00308995 0.0017433
FixedParameters: 0 0 0

#Transform 63
Transform: AffineTransform_float_3_3
Parameters: 1 7.11941e-05 0.000213144 -7.14285e-05 1 0.000549735 -0.000213065 -0.000549765 1 -0.0133521 -0.0171148 0.0396044
FixedParameters: 0 0 0

#Transform 64
Transform: AffineTransform_float_3_3
Parameters: 0.999999 -0.00154983 -0.000411559 0.00155169 0.999985 0.00540083 0.000403188 -0.00540134 0.999985 0.0639887 -0.0366638 0.198723
FixedParameters: 0 0 0

#Transform 65
Transform: AffineTransform_float_3_3
Parameters: 1 -0.000321616 0.000425993 0.000320815 0.999997 0.0021275 -0.000426547 -0.002128 0.999998 -0.00594782 0.0939096 0.0353493
FixedParameters: 0 0 0

#Transform 66
Transform: AffineTransform_float_3_3
Parameters: 1 -0.000670204 0.000114173 0.000669898 0.999997 0.00243502 -0.00011537 -0.00243475 0.999997 0.00896068 0.00471689 0.0282472
FixedParameters: 0 0 0

#Transform 67
Transform: AffineTransform_float_3_3
Parameters: 0.999999 -0.000717679 0.000134167 0.000717908 0.999997 0.00234469 -0.00013673 -0.00234448 0.999997 0.00421823 -0.000705423 0.0135327
FixedParameters: 0 0 0

#Transform 68
Transform: AffineTransform_float_3_3
Parameters: 1 -0.000646556 0.000289331 0.000645433 0.999997 0.00203941 -0.000290902 -0.00203898 0.999998 0.00646278 0.0497876 -0.00970008
FixedParameters: 0 0 0

#Transform 69
Transform: AffineTransform_float_3_3
Parameters: 1 -0.00101372 9.74835e-05 0.0010136 0.999996 0.00283141 -0.000100168 -0.00283165 0.999996 0.0105624 0.0114948 0.00923295
FixedParameters: 0 0 0

#Transform 70
Transform: AffineTransform_float_3_3
Parameters: 0.999999 -0.00124722 0.000452814 0.00124659 0.999997 0.00235013 -0.000455999 -0.00234949 0.999997 0.0077012 0.0892758 -0.0153977
FixedParameters: 0 0 0

#Transform 71
Transform: AffineTransform_float_3_3
Parameters: 1 -0.00120022 0.000189907 0.0011998 0.999996 0.00259544 -0.00019314 -0.00259542 0.999996 0.012572 0.0364641 -0.0045401
FixedParameters: 0 0 0

#Transform 72
Transform: AffineTransform_float_3_3
Parameters: 1 -0.00112791 0.000400124 0.00112649 0.999996 0.00250465 -0.000402704 -0.00250497 0.999997 0.019445 0.0302422 0.0189715
FixedParameters: 0 0 0

#Transform 73
Transform: AffineTransform_float_3_3
Parameters: 0.999999 -0.00129991 0.00035699 0.0012988 0.999997 0.00234209 -0.00036008 -0.0023416 0.999997 0.013877 0.0409592 0.0078729
FixedParameters: 0 0 0

#Transform 74
Transform: AffineTransform_float_3_3
Parameters: 0.999999 -0.00121713 0.000420166 0.00121581 0.999996 0.00263661 -0.000422641 -0.00263598 0.999996 0.0113413 0.0395192 0.0185516
FixedParameters: 0 0 0

#Transform 75
Transform: AffineTransform_float_3_3
Parameters: 0.999999 -0.00141243 0.000376756 0.00141126 0.999996 0.00232214 -0.000380246 -0.0023223 0.999998 0.0272878 0.0703598 -0.0490188
FixedParameters: 0 0 0

#Transform 76
Transform: AffineTransform_float_3_3
Parameters: 0.999999 -0.00173011 0.00062791 0.00172762 0.999994 0.00284699 -0.000632754 -0.00284655 0.999996 0.0386951 0.0789383 0.0119955
FixedParameters: 0 0 0

#Transform 77
Transform: AffineTransform_float_3_3
Parameters: 0.999998 -0.00188761 0.000669667 0.00188565 0.999996 0.00236577 -0.000673722 -0.00236419 0.999997 0.0250474 0.0380271 -0.0128209
FixedParameters: 0 0 0

#Transform 78
Transform: AffineTransform_float_3_3
Parameters: 0.999999 -0.00157744 0.000651334 0.00157555 0.999995 0.00299364 -0.000656149 -0.00299197 0.999996 0.0253539 0.0512947 -0.00416059
FixedParameters: 0 0 0

#Transform 79
Transform: AffineTransform_float_3_3
Parameters: 0.999999 -0.00166532 0.000767431 0.00166391 0.999997 0.00197885 -0.000771414 -0.0019774 0.999998 0.0149794 0.0948119 -0.0233846
FixedParameters: 0 0 0

#Transform 80
Transform: AffineTransform_float_3_3
Parameters: 0.999997 -0.00192207 0.000900041 0.00191998 0.999995 0.00236056 -0.000904488 -0.00235888 0.999997 0.0215633 0.0452658 0.0045906
FixedParameters: 0 0 0

#Transform 81
Transform: AffineTransform_float_3_3
Parameters: 0.999998 -0.00195868 0.000774891 0.00195707 0.999997 0.00156865 -0.000778167 -0.00156667 0.999998 0.0213204 0.102533 -0.048876
FixedParameters: 0 0 0

#Transform 82
Transform: AffineTransform_float_3_3
Parameters: 0.999997 -0.00193769 0.000853606 0.00193587 0.999995 0.00233185 -0.000858017 -0.00233033 0.999997 0.0162641 0.0502867 -0.00445926
FixedParameters: 0 0 0

#Transform 83
Transform: AffineTransform_float_3_3
Parameters: 0.999998 -0.00189715 0.000955148 0.00189497 0.999996 0.0015829 -0.000958213 -0.00158113 0.999998 0.0201039 0.0762785 -0.0412697
FixedParameters: 0 0 0

#Transform 84
Transform: AffineTransform_float_3_3
Parameters: 0.999998 -0.00204089 0.000977062 0.00203774 0.999996 0.00213948 -0.000981862 -0.0021379 0.999997 0.0276258 0.0287909 0.00959194
FixedParameters: 0 0 0

#Transform 85
Transform: AffineTransform_float_3_3
Parameters: 0.999998 -0.00187537 0.000843965 0.00187403 0.999997 0.00176945 -0.000847924 -0.00176817 0.999999 0.0218422 0.0567664 -0.0336288
FixedParameters: 0 0 0

#Transform 86
Transform: AffineTransform_float_3_3
Parameters: 0.999997 -0.00213295 0.00130136 0.0021309 0.999997 0.00159978 -0.00130462 -0.00159607 0.999998 0.0224769 0.0910246 -0.0153678
FixedParameters: 0 0 0

#Transform 87
Transform: AffineTransform_float_3_3
Parameters: 0.999996 -0.00222197 0.00129396 0.00221954 0.999997 0.0017017 -0.00129791 -0.0016984 0.999998 0.0251535 0.0671588 -0.0538003
FixedParameters: 0 0 0

#Transform 88
Transform: AffineTransform_float_3_3
Parameters: 0.999997 -0.00227888 0.00135001 0.00227599 0.999995 0.00197378 -0.00135444 -0.00197082 0.999997 0.0247474 0.0427487 0.00337107
FixedParameters: 0 0 0

#Transform 89
Transform: AffineTransform_float_3_3
Parameters: 0.999997 -0.00209863 0.00161504 0.00209755 0.999997 0.00122496 -0.00161789 -0.00122153 0.999998 0.0193765 0.0667689 -0.0693023
FixedParameters: 0 0 0

#Transform 90
Transform: AffineTransform_float_3_3
Parameters: 0.999994 -0.00244756 0.00216825 0.002445 0.999996 0.00125941 -0.00217197 -0.00125373 0.999997 0.0218356 0.0904117 -0.0424825
FixedParameters: 0 0 0

#Transform 91
Transform: AffineTransform_float_3_3
Parameters: 0.999995 -0.00270697 0.00125369 0.0027047 0.999994 0.00182412 -0.00125895 -0.00182113 0.999998 0.0336699 0.0856213 -0.0384907
FixedParameters: 0 0 0

#Transform 92
Transform: AffineTransform_float_3_3
Parameters: 0.999997 -0.00226469 0.00145507 0.00226453 0.999998 0.000606219 -0.00145616 -0.000603603 0.999999 0.024587 0.0962349 -0.0362463
FixedParameters: 0 0 0

#Transform 93
Transform: AffineTransform_float_3_3
Parameters: 0.999998 -0.00191793 0.00119955 0.00191707 0.999998 0.00102139 -0.00120185 -0.00101874 0.999999 0.016684 0.0385216 -0.0112581
FixedParameters: 0 0 0

#Transform 94
Transform: AffineTransform_float_3_3
Parameters: 0.999997 -0.00229202 0.00107979 0.00229062 0.999997 0.000884388 -0.00108187 -0.000882571 0.999999 0.0265128 0.081333 -0.0289532
FixedParameters: 0 0 0

#Transform 95
Transform: AffineTransform_float_3_3
Parameters: 0.999997 -0.00213257 0.00117799 0.00213112 0.999997 0.000896077 -0.00117989 -0.000893575 0.999998 0.0175928 0.0496434 -0.0366024
FixedParameters: 0 0 0

#Transform 96
Transform: AffineTransform_float_3_3
Parameters: 0.999996 -0.00220564 0.00180684 0.00220357 0.999997 0.00101952 -0.00180966 -0.0010149 0.999998 0.0190847 0.0932564 -0.0494267
FixedParameters: 0 0 0

#Transform 97
Transform: AffineTransform_float_3_3
Parameters: 0.999997 -0.00239306 0.00126203 0.00239215 0.999997 0.00111993 -0.00126484 -0.0011164 0.999999 0.0259413 0.0737526 -0.0602476
FixedParameters: 0 0 0

#Transform 98
Transform: AffineTransform_float_3_3
Parameters: 0.999996 -0.0022299 0.001731 0.00222872 0.999997 0.000812139 -0.00173287 -0.000808566 0.999999 0.0123445 0.107402 -0.0667278
FixedParameters: 0 0 0

#Transform 99
Transform: AffineTransform_float_3_3
Parameters: 0.999997 -0.00223895 0.00153799 0.00223847 0.999998 0.000678851 -0.00153937 -0.000675938 0.999998 0.0153653 0.0768186 -0.0550586
FixedParameters: 0 0 0

#Transform 100
Transform: AffineTransform_float_3_3
Parameters: 0.999996 -0.00232204 0.00146445 0.00232097 0.999997 0.000908283 -0.00146706 -0.000904053 0.999999 0.0151507 0.126635 -0.0502957
FixedParameters: 0 0 0

#Transform 101
Transform: AffineTransform_float_3_3
Parameters: 0.999996 -0.00222738 0.00172877 0.00222724 0.999998 0.000416631 -0.00172983 -0.000413745 0.999998 0.00868752 0.0702074 -0.0742375
FixedParameters: 0 0 0

#Transform 102
Transform: AffineTransform_float_3_3
Parameters: 0.999995 -0.00247886 0.00160449 0.00247799 0.999996 0.000875436 -0.00160621 -0.000870788 0.999999 0.0254956 0.0953414 -0.0198577
FixedParameters: 0 0 0

#Transform 103
Transform: AffineTransform_float_3_3
Parameters: 0.999996 -0.00224174 0.00168795 0.00224149 0.999998 0.000458543 -0.00168921 -0.00045579 0.999998 0.0151406 0.115127 -0.0474606
FixedParameters: 0 0 0

#Transform 104
Transform: AffineTransform_float_3_3
Parameters: 0.999997 -0.0024567 0.00108535 0.0024555 0.999996 0.00152177 -0.00108929 -0.00151951 0.999998 0.02242 0.0553579 -0.00255361
FixedParameters: 0 0 0

#Transform 105
Transform: AffineTransform_float_3_3
Parameters: 0.999996 -0.00234539 0.00153548 0.00234579 0.999997 -0.000121606 -0.00153482 0.000124775 0.999999 0.0117302 0.112138 -0.0736495
FixedParameters: 0 0 0

#Transform 106
Transform: AffineTransform_float_3_3
Parameters: 0.999996 -0.00215451 0.00139528 0.00215344 0.999998 0.000910453 -0.00139747 -0.000907796 0.999999 0.0134281 0.0567089 0.016046
FixedParameters: 0 0 0

#Transform 107
Transform: AffineTransform_float_3_3
Parameters: 0.999997 -0.00242002 0.00116602 0.00241951 0.999998 0.000351989 -0.00116683 -0.00034875 0.999999 0.0169956 0.116784 -0.0404057
FixedParameters: 0 0 0

#Transform 108
Transform: AffineTransform_float_3_3
Parameters: 0.999996 -0.00246385 0.00130289 0.00246242 0.999996 0.00128317 -0.00130666 -0.00127926 0.999998 0.0167413 0.045906 -9.28354e-05
FixedParameters: 0 0 0

#Transform 109
Transform: AffineTransform_float_3_3
Parameters: 0.999997 -0.00240691 0.00119484 0.00240706 0.999997 -6.5729e-05 -0.00119449 6.82342e-05 0.999999 0.0187144 0.0862616 -0.0526752
FixedParameters: 0 0 0

#Transform 110
Transform: AffineTransform_float_3_3
Parameters: 0.999996 -0.00228197 0.00156768 0.00228222 0.999998 0.000331677 -0.00156847 -0.00032855 0.999998 0.0054643 0.0968983 -0.0183285
FixedParameters: 0 0 0

#Transform 111
Transform: AffineTransform_float_3_3
Parameters: 0.999996 -0.00228789 0.00154441 0.00228767 0.999998 7.72208e-05 -0.00154467 -7.41865e-05 0.999999 0.012556 0.0823157 -0.0570093
FixedParameters: 0 0 0

#Transform 112
Transform: AffineTransform_float_3_3
Parameters: 0.999995 -0.00240407 0.00168545 0.00240342 0.999997 0.000297215 -0.00168584 -0.000293091 0.999998 0.0179209 0.0337572 -0.0327557
FixedParameters: 0 0 0

#Transform 113
Transform: AffineTransform_float_3_3
Parameters: 0.999997 -0.00232064 0.00144057 0.00232115 0.999998 -0.000287984 -0.00144015 0.000291371 0.999999 0.0143437 0.081893 -0.0726723
FixedParameters: 0 0 0

#Transform 114
Transform: AffineTransform_float_3_3
Parameters: 0.999996 -0.00214857 0.00194998 0.0021483 0.999998 8.24085e-05 -0.00195015 -7.82343e-05 0.999998 0.00731953 0.054521 -0.0549484
FixedParameters: 0 0 0

#Transform 115
Transform: AffineTransform_float_3_3
Parameters: 0.999995 -0.00239173 0.00198198 0.00239329 0.999997 -0.000865224 -0.00198018 0.000869775 0.999998 0.020346 0.124587 -0.105643
FixedParameters: 0 0 0

#Transform 116
Transform: AffineTransform_float_3_3
Parameters: 0.999996 -0.00233034 0.00165706 0.0023318 0.999997 -0.000726224 -0.00165639 0.000730371 0.999999 0.0138589 0.0763586 -0.0609199
FixedParameters: 0 0 0

#Transform 117
Transform: AffineTransform_float_3_3
Parameters: 0.999996 -0.00216102 0.00188266 0.00216325 0.999997 -0.00117408 -0.00188085 0.00117785 0.999997 0.00336117 0.116839 -0.130514
FixedParameters: 0 0 0

#Transform 118
Transform: AffineTransform_float_3_3
Parameters: 0.999995 -0.00211612 0.00201931 0.00211795 0.999997 -0.000913721 -0.00201776 0.000917954 0.999997 0.00546748 0.0636108 -0.0930176
FixedParameters: 0 0 0

#Transform 119
Transform: AffineTransform_float_3_3
Parameters: 0.999995 -0.00259989 0.00194099 0.00260212 0.999996 -0.00106059 -0.00193788 0.00106654 0.999997 0.0135 0.117254 -0.128171
FixedParameters: 0 0 0

#Transform 120
Transform: AffineTransform_float_3_3
Parameters: 0.999996 -0.00214938 0.00193033 0.00215114 0.999998 -0.000611925 -0.00192941 0.000615914 0.999998 0.00905035 0.0396573 -0.0711113
FixedParameters: 0 0 0

#Transform 121
Transform: AffineTransform_float_3_3
Parameters: 0.999996 -0.00218248 0.00181731 0.00218492 0.999997 -0.00131286 -0.0018148 0.00131582 0.999997 0.00833264 0.069764 -0.117488
FixedParameters: 0 0 0

#Transform 122
Transform: AffineTransform_float_3_3
Parameters: 0.999996 -0.00221315 0.00175144 0.0022141 0.999998 -0.000354568 -0.00175065 0.000357447 0.999998 0.0100264 0.0743157 -0.0548578
FixedParameters: 0 0 0

#Transform 123
Transform: AffineTransform_float_3_3
Parameters: 0.999996 -0.00212588 0.00199224 0.00212746 0.999997 -0.000864709 -0.00199089 0.000868866 0.999998 0.00233111 0.111305 -0.101912
FixedParameters: 0 0 0

#Transform 124
Transform: AffineTransform_float_3_3
Parameters: 0.999995 -0.00218543 0.00202521 0.00218633 0.999998 -0.000369751 -0.0020253 0.000374294 0.999998 0.00579298 0.0679382 -0.0999669
FixedParameters: 0 0 0

#Transform 125
Transform: AffineTransform_float_3_3
Parameters: 0.999995 -0.00223624 0.0025481 0.00224048 0.999997 -0.00150441 -0.00254518 0.00151065 0.999996 -0.0128612 0.119687 -0.15286
FixedParameters: 0 0 0

#Transform 126
Transform: AffineTransform_float_3_3
Parameters: 0.999995 -0.00236074 0.00206419 0.00236222 0.999997 -0.00080643 -0.00206265 0.00081046 0.999998 0.0176888 0.0720372 -0.0800349
FixedParameters: 0 0 0

#Transform 127
Transform: AffineTransform_float_3_3
Parameters: 0.999992 -0.00381737 0.00169084 0.00381904 0.999992 -0.000875266 -0.00168787 0.000881463 0.999999 0.075596 0.101874 -0.11803
FixedParameters: 0 0 0

#Transform 128
Transform: AffineTransform_float_3_3
Parameters: 0.999994 -0.00238443 0.00224743 0.00238615 0.999997 -0.000794472 -0.0022459 0.000799475 0.999997 0.00956456 0.0668113 -0.090736
FixedParameters: 0 0 0

#Transform 129
Transform: AffineTransform_float_3_3
Parameters: 0.999993 -0.00287864 0.00219434 0.00288076 0.999995 -0.00130211 -0.0021907 0.00130853 0.999996 0.0206479 0.0954689 -0.101498
FixedParameters: 0 0 0

#Transform 130
Transform: AffineTransform_float_3_3
Parameters: 0.999994 -0.00282168 0.00163804 0.00282178 0.999996 -2.21649e-05 -0.00163783 2.6761e-05 0.999998 0.025334 0.0760856 -0.0559466
FixedParameters: 0 0 0

#Transform 131
Transform: AffineTransform_float_3_3
Parameters: 0.999994 -0.00285011 0.00228385 0.00285198 0.999996 -0.00102122 -0.00227999 0.00102734 0.999997 0.0174836 0.112867 -0.108176
FixedParameters: 0 0 0

#Transform 132
Transform: AffineTransform_float_3_3
Parameters: 0.999994 -0.00287288 0.00180638 0.00287257 0.999995 0.000133581 -0.00180705 -0.000128639 0.999998 0.0288817 0.0304229 -0.0314913
FixedParameters: 0 0 0

#Transform 133
Transform: AffineTransform_float_3_3
Parameters: 0.999993 -0.00300745 0.00192611 0.00300922 0.999995 -0.000621521 -0.00192417 0.000627736 0.999997 0.0265531 0.107656 -0.102223
FixedParameters: 0 0 0

#Transform 134
Transform: AffineTransform_float_3_3
Parameters: 0.999992 -0.00312948 0.00246702 0.00312884 0.999995 0.000172222 -0.00246786 -0.000164407 0.999997 0.0220411 0.112302 -0.0763929
FixedParameters: 0 0 0

#Transform 135
Transform: AffineTransform_float_3_3
Parameters: 0.999992 -0.00329954 0.00194942 0.0033007 0.999994 -0.000781591 -0.00194668 0.000789077 0.999998 0.0294366 0.137596 -0.109367
FixedParameters: 0 0 0

#Transform 136
Transform: AffineTransform_float_3_3
Parameters: 0.999992 -0.00353124 0.00183206 0.00353097 0.999994 -1.2724e-05 -0.00183286 1.91204e-05 0.999998 0.0467225 0.0977761 -0.0450616
FixedParameters: 0 0 0

#Transform 137
Transform: AffineTransform_float_3_3
Parameters: 0.999992 -0.00326547 0.00204775 0.00326689 0.999994 -0.000804749 -0.00204484 0.000811958 0.999998 0.0301752 0.110518 -0.0916853
FixedParameters: 0 0 0

#Transform 138
Transform: AffineTransform_float_3_3
Parameters: 0.999992 -0.00331538 0.00192351 0.00331516 0.999994 6.43872e-05 -0.0019238 -5.82963e-05 0.999998 0.0315289 0.133084 -0.0351161
FixedParameters: 0 0 0

#Transform 139
Transform: AffineTransform_float_3_3
Parameters: 0.999992 -0.00362039 0.00174628 0.00362008 0.999994 0.000180197 -0.00174665 -0.000173203 0.999998 0.0354018 0.0980563 -0.0576657
FixedParameters: 0 0 0

#Transform 140
Transform: AffineTransform_float_3_3
Parameters: 0.999992 -0.00356445 0.00173224 0.00356406 0.999994 0.00011673 -0.00173302 -0.000110871 0.999998 0.0194222 0.134106 -0.0537603
FixedParameters: 0 0 0

#Transform 141
Transform: AffineTransform_float_3_3
Parameters: 0.999992 -0.003352 0.00181845 0.00335187 0.999994 0.000129108 -0.0018183 -0.000122742 0.999998 0.0222481 0.0963806 -0.0582064
FixedParameters: 0 0 0

#Transform 142
Transform: AffineTransform_float_3_3
Parameters: 0.999993 -0.00352826 0.00167722 0.00352676 0.999994 0.000642445 -0.00167982 -0.000636989 0.999998 0.0307168 0.0915168 -0.000967404
FixedParameters: 0 0 0

#Transform 143
Transform: AffineTransform_float_3_3
Parameters: 0.999993 -0.00338412 0.00171263 0.00338393 0.999994 -0.000405696 -0.00171139 0.00041135 0.999998 0.0184749 0.0938363 -0.0399173
FixedParameters: 0 0 0

#Transform 144
Transform: AffineTransform_float_3_3
Parameters: 0.999993 -0.00316535 0.00156875 0.00316521 0.999995 0.000446138 -0.00157095 -0.000440673 0.999998 0.0204984 0.0975339 -0.0142664
FixedParameters: 0 0 0

#Transform 145
Transform: AffineTransform_float_3_3
Parameters: 0.999993 -0.00315245 0.00169729 0.00315366 0.999994 -0.000545294 -0.00169566 0.000550624 0.999998 0.0277777 0.104375 -0.0753153
FixedParameters: 0 0 0

#Transform 146
Transform: AffineTransform_float_3_3
Parameters: 0.999995 -0.00277255 0.00143466 0.00277161 0.999996 0.000439398 -0.00143614 -0.000435248 0.999999 0.0201962 0.0357153 -0.0131577
FixedParameters: 0 0 0

#Transform 147
Transform: AffineTransform_float_3_3
Parameters: 0.999993 -0.00304797 0.00196096 0.00304909 0.999996 -0.000801739 -0.00195843 0.00080832 0.999998 0.0197367 0.103708 -0.0848796
FixedParameters: 0 0 0

#Transform 148
Transform: AffineTransform_float_3_3
Parameters: 0.999993 -0.00317862 0.00160202 0.00317835 0.999995 9.01742e-05 -0.00160251 -8.52509e-05 0.999999 0.0379824 0.0742552 -0.0304203
FixedParameters: 0 0 0

#Transform 149
Transform: AffineTransform_float_3_3
Parameters: 0.999992 -0.00352365 0.00155907 0.00352364 0.999994 6.51414e-07 -0.00155908 5.24573e-06 0.999999 0.0400591 0.107374 -0.0369123
FixedParameters: 0 0 0
