#Insight Transform File V1.0
#Transform 0
Transform: AffineTransform_float_3_3
Parameters: 1 -0.000299803 -0.000548851 0.000300883 0.999998 0.00191815 0.000548081 -0.00191844 0.999998 0.0470638 -0.0371289 0.0904507
FixedParameters: 0 0 0

#Transform 1
Transform: AffineTransform_float_3_3
Parameters: 1 -0.00028021 -0.00041916 0.000280996 0.999997 0.00216086 0.00041833 -0.00216105 0.999997 0.0393659 -0.0714328 0.117149
FixedParameters: 0 0 0

#Transform 2
Transform: AffineTransform_float_3_3
Parameters: 0.999999 -0.000337907 -0.000757421 0.000339262 0.999999 0.000860951 0.000756888 -0.000860144 0.999999 0.040832 -0.00969684 0.0529675
FixedParameters: 0 0 0

#Transform 3
Transform: AffineTransform_float_3_3
Parameters: 1 -0.000624885 -0.000893608 0.0006266 0.999998 0.00193039 0.000892639 -0.00193051 0.999997 0.0296786 -0.0577956 0.0965143
FixedParameters: 0 0 0

#Transform 4
Transform: AffineTransform_float_3_3
Parameters: 0.999999 -0.000437511 -0.000742018 0.000438181 1 0.00112585 0.000741326 -0.00112646 0.999999 0.0396979 -0.0344962 0.077853
FixedParameters: 0 0 0

#Transform 5
Transform: AffineTransform_float_3_3
Parameters: 1 -0.00020782 -0.000542905 0.000208941 0.999998 0.00197636 0.000542463 -0.00197654 0.999998 0.0353285 -0.028013 0.0962598
FixedParameters: 0 0 0

#Transform 6
Transform: AffineTransform_float_3_3
Parameters: 1 -0.00034802 -0.000559621 0.000349377 0.999998 0.0019409 0.000559624 -0.00194124 0.999998 0.0347476 0.0159591 0.115093
FixedParameters: 0 0 0

#Transform 7
Transform: AffineTransform_float_3_3
Parameters: 0.999999 -0.0005003 -0.000732712 0.000501219 0.999999 0.00131036 0.000731693 -0.00131105 0.999999 0.0383095 -0.0234728 0.0876571
FixedParameters: 0 0 0

#Transform 8
Transform: AffineTransform_float_3_3
Parameters: 1 -0.000161284 -8.50191e-05 0.000160868 0.999997 0.00247849 8.56646e-05 -0.00247847 0.999997 0.0251831 -0.0273376 0.136639
FixedParameters: 0 0 0

#Transform 9
Transform: AffineTransform_float_3_3
Parameters: 1 -0.00020882 -0.000511723 0.000210213 0.999999 0.00138506 0.00051123 -0.00138527 0.999999 0.0412545 0.0265477 0.0782868
FixedParameters: 0 0 0

#Transform 10
Transform: AffineTransform_float_3_3
Parameters: 1 -0.000304814 -1.19648e-05 0.00030507 1 0.00048094 1.26174e-05 -0.000480033 1 0.0408319 -0.065059 0.0187135
FixedParameters: 0 0 0

#Transform 11
Transform: AffineTransform_float_3_3
Parameters: 1 -0.000271996 -2.81687e-06 0.000271995 1 -0.00026823 2.96278e-06 0.000268229 1 0.03584 -0.00613008 -0.00918446
FixedParameters: 0 0 0

#Transform 12
Transform: AffineTransform_float_3_3
Parameters: 1 -0.000150523 -0.00027788 0.000150205 1 -0.000572526 0.000278052 0.000572443 1 0.0186254 -0.0111431 -0.0344064
FixedParameters: 0 0 0

#Transform 13
Transform: AffineTransform_float_3_3
Parameters: 1 -0.000264021 8.0366e-05 0.000264026 1 -3.06242e-05 -8.03498e-05 3.06667e-05 1 0.00664451 -0.0490788 0.0128408
FixedParameters: 0 0 0

#Transform 14
Transform: AffineTransform_float_3_3
Parameters: 1 -0.000253615 0.00012926 0.000253622 1 -2.95743e-05 -0.000129245 2.96398e-05 1 0.00314839 -0.0325105 0.0055476
FixedParameters: 0 0 0

#Transform 15
Transform: AffineTransform_float_3_3
Parameters: 1 7.95936e-05 0.0004171 -7.93752e-05 1 -0.00026186 -0.000417142 0.000261794 1 -0.0057639 0.0375395 -0.017453
FixedParameters: 0 0 0

#Transform 16
Transform: AffineTransform_float_3_3
Parameters: 1 -2.93161e-06 -7.9187e-05 3.03116e-06 1 0.000628576 7.91833e-05 -0.000628576 1 0.0121322 -0.0196209 0.0376365
FixedParameters: 0 0 0

#Transform 17
Transform: AffineTransform_float_3_3
Parameters: 1 -0.000318686 -0.000224612 0.000318557 1 -0.000287001 0.000224795 0.000286858 1 0.00876845 0.00181333 -0.0118714
FixedParameters: 0 0 0

#Transform 18
Transform: AffineTransform_float_3_3
Parameters: 1 4.1021e-05 0.000388165 -4.18624e-05 1 0.0010535 -0.00038799 -0.00105353 1 -0.00139276 -0.0501429 0.0629052
FixedParameters: 0 0 0

#Transform 19
Transform: AffineTransform_float_3_3
Parameters: 1 4.86152e-05 0.000392043 -4.92374e-05 0.999999 0.000793604 -0.000391966 -0.000793642 0.999999 -0.00290623 0.0207538 0.0451451
FixedParameters: 0 0 0

#Transform 20
Transform: AffineTransform_float_3_3
Parameters: 1 -4.36565e-05 -0.000271394 4.36428e-05 1 -2.51776e-05 0.000271396 2.5154e-05 1 0.00336763 0.0104993 0.00360134
FixedParameters: 0 0 0

#Transform 21
Transform: AffineTransform_float_3_3
Parameters: 1 4.80914e-05 0.000256504 -4.85151e-05 0.999999 0.000826005 -0.000256424 -0.00082603 0.999999 -0.00176299 0.0229293 0.0452934
FixedParameters: 0 0 0

#Transform 22
Transform: AffineTransform_float_3_3
Parameters: 1 7.98104e-05 0.000263148 -7.99135e-05 1 0.000195809 -0.000263117 -0.000195851 1 -0.00424602 0.0531813 0.00212379
FixedParameters: 0 0 0

#Transform 23
Transform: AffineTransform_float_3_3
Parameters: 1 2.74926e-05 0.000265568 -2.76042e-05 1 0.000604977 -0.00026456 -0.000604989 1 -0.00144685 0.0194496 0.040951
FixedParameters: 0 0 0

#Transform 24
Transform: AffineTransform_float_3_3
Parameters: 1 8.60197e-05 0.000139379 -8.61919e-05 1 0.000618055 -0.000139272 -0.000618079 1 -0.00151167 0.0211478 0.0488602
FixedParameters: 0 0 0

#Transform 25
Transform: AffineTransform_float_3_3
Parameters: 1 0.000141355 -0.000178277 -0.000141287 1 0.000190294 0.000178331 -0.000190243 1 0.00140611 -0.00757158 0.0122103
FixedParameters: 0 0 0

#Transform 26
Transform: AffineTransform_float_3_3
Parameters: 1 3.03939e-05 -0.000169081 -3.00996e-05 0.999999 0.000870216 0.000169133 -0.000870206 0.999999 0.00168423 0.0349672 0.0473046
FixedParameters: 0 0 0

#Transform 27
Transform: AffineTransform_float_3_3
Parameters: 1 -3.12926e-05 -0.000138889 3.13104e-05 1 6.40386e-05 0.000138885 -6.40473e-05 1 0.00157734 0.0249382 -0.00175195
FixedParameters: 0 0 0

#Transform 28
Transform: AffineTransform_float_3_3
Parameters: 1 -5.58806e-05 -0.000145617 5.6063e-05 1 0.000626454 0.000145547 -0.00062647 1 0.00369668 0.00670976 0.0398421
FixedParameters: 0 0 0

#Transform 29
Transform: AffineTransform_float_3_3
Parameters: 1 -7.83053e-05 0.000432247 7.79499e-05 1 0.000411174 -0.000432311 -0.000411107 1 8.41081e-05 0.0337883 0.0515022
FixedParameters: 0 0 0

#Transform 30
Transform: AffineTransform_float_3_3
Parameters: 1 7.8796e-05 -0.000419468 -7.86823e-05 1 0.000135635 0.000419489 -0.000135569 1 0.00273977 -0.0196056 0.0195223
FixedParameters: 0 0 0

#Transform 31
Transform: AffineTransform_float_3_3
Parameters: 1 -0.000151652 -0.000125214 0.000151808 1 0.000622486 0.000125025 -0.000622524 1 0.0171371 -0.0153916 0.06785
FixedParameters: 0 0 0

#Transform 32
Transform: AffineTransform_float_3_3
Parameters: 1 0.000109277 -0.0001808 -0.000109048 1 0.000633305 0.000180938 -0.000633266 1 0.000616276 -0.0213686 0.0404285
FixedParameters: 0 0 0

#Transform 33
Transform: AffineTransform_float_3_3
Parameters: 1 -0.000163767 -0.000288232 0.000164125 1 0.000619982 0.000288029 -0.000620076 1 0.0272904 -0.0217246 0.0371112
FixedParameters: 0 0 0

#Transform 34
Transform: AffineTransform_float_3_3
Parameters: 1 -0.000192697 -0.00011647 0.000192841 1 0.000620787 0.00011623 -0.000620832 1 0.0246917 -0.0191718 0.0496072
FixedParameters: 0 0 0

#Transform 35
Transform: AffineTransform_float_3_3
Parameters: 1 -0.000218553 -0.000106865 0.000218645 1 0.00042857 0.000106677 -0.000428617 1 0.00679214 0.000801784 0.0293992
FixedParameters: 0 0 0

#Transform 36
Transform: AffineTransform_float_3_3
Parameters: 1 -0.000133767 -0.00043569 0.000134307 1 0.000619527 0.000435524 -0.000619644 0.999999 0.00787069 -0.02144 0.0377154
FixedParameters: 0 0 0

#Transform 37
Transform: AffineTransform_float_3_3
Parameters: 1 -5.0021e-05 -0.000149248 5.02415e-05 0.999999 0.000738783 0.000149173 -0.000738798 0.999999 0.00584326 -0.0151616 0.0898161
FixedParameters: 0 0 0

#Transform 38
Transform: AffineTransform_float_3_3
Parameters: 1 8.33782e-05 0.000125577 -8.36913e-05 1 0.00115333 -0.000125297 -0.00115335 1 0.000276338 -0.0174707 0.087089
FixedParameters: 0 0 0

#Transform 39
Transform: AffineTransform_float_3_3
Parameters: 1 -8.40377e-06 -6.21722e-05 8.58124e-06 0.999998 0.00161756 6.22323e-05 -0.00161756 0.999998 0.00315824 0.0195314 0.0932258
FixedParameters: 0 0 0

#Transform 40
Transform: AffineTransform_float_3_3
Parameters: 1 7.92952e-05 -0.000188888 -7.90304e-05 0.999999 0.0013196 0.00018821 -0.00131957 0.999999 0.00624921 0.0108882 0.118014
FixedParameters: 0 0 0

#Transform 41
Transform: AffineTransform_float_3_3
Parameters: 1 -8.50274e-05 5.98609e-05 8.48359e-05 0.999999 0.00139944 -6.0011e-05 -0.00139943 0.999999 0.00435257 -0.000883155 0.0924413
FixedParameters: 0 0 0

#Transform 42
Transform: AffineTransform_float_3_3
Parameters: 1 9.54265e-05 5.49564e-06 -9.54942e-05 0.999998 0.00192723 -4.95259e-06 -0.00192723 0.999998 0.00177992 -0.00887679 0.126833
FixedParameters: 0 0 0

#Transform 43
Transform: AffineTransform_float_3_3
Parameters: 1 0.000141135 -0.000196225 -0.000141934 1 0.001047 0.000195841 -0.0010469 1 -0.00247596 -0.00665992 0.0864153
FixedParameters: 0 0 0

#Transform 44
Transform: AffineTransform_float_3_3
Parameters: 1 -0.00014951 3.9514e-06 0.000149447 0.999998 0.00188044 -4.33847e-06 -0.00188044 0.999998 0.00160102 -0.0468204 0.136754
FixedParameters: 0 0 0

#Transform 45
Transform: AffineTransform_float_3_3
Parameters: 1 -7.54794e-05 -0.000274463 7.61459e-05 0.999999 0.00125769 0.00027436 -0.00125773 0.999999 0.00786888 -0.00179415 0.115626
FixedParameters: 0 0 0

#Transform 46
Transform: AffineTransform_float_3_3
Parameters: 1 8.97188e-05 -0.000150101 -8.9362e-05 0.999999 0.00126646 0.000150416 -0.00126643 0.999999 0.00232022 0.0290599 0.10307
FixedParameters: 0 0 0

#Transform 47
Transform: AffineTransform_float_3_3
Parameters: 1 7.79267e-05 -0.000205854 -7.76395e-05 0.999999 0.00126529 0.000205164 -0.00126525 0.999999 0.00414761 -0.0189877 0.116602
FixedParameters: 0 0 0

#Transform 48
Transform: AffineTransform_float_3_3
Parameters: 1 -7.51373e-06 -0.000609832 8.04644e-06 0.999999 0.00125672 0.000610107 -0.00125668 0.999999 0.00863868 0.0109036 0.11251
FixedParameters: 0 0 0

#Transform 49
Transform: AffineTransform_float_3_3
Parameters: 1 3.84141e-05 -0.000392682 -3.74471e-05 0.999999 0.00126131 0.000392866 -0.00126128 0.999999 0.00665935 -0.0180692 0.120553
FixedParameters: 0 0 0

#Transform 50
Transform: AffineTransform_float_3_3
Parameters: 1 -0.000233323 -0.00057151 0.000234283 0.999998 0.00170081 0.000571089 -0.00170062 0.999999 0.0258789 -0.00130611 0.125337
FixedParameters: 0 0 0

#Transform 51
Transform: AffineTransform_float_3_3
Parameters: 1 7.87724e-05 -7.09636e-05 -7.87548e-05 0.999998 0.00193862 7.04698e-05 -0.0019386 0.999998 0.0277995 -0.0161596 0.16625
FixedParameters: 0 0 0

#Transform 52
Transform: AffineTransform_float_3_3
Parameters: 1 0.000136706 0.000227926 -0.000136718 0.999998 0.00206678 -0.000227393 -0.00206688 0.999998 0.0250797 -0.0238195 0.137912
FixedParameters: 0 0 0

#Transform 53
Transform: AffineTransform_float_3_3
Parameters: 1 8.33861e-05 3.17922e-05 -8.38167e-05 0.999997 0.00235247 -3.21106e-05 -0.00235247 0.999998 0.0233422 -0.0170665 0.186887
FixedParameters: 0 0 0

#Transform 54
Transform: AffineTransform_float_3_3
Parameters: 1 0.000336127 -6.93697e-05 -0.000336118 0.999998 0.00190789 6.9853e-05 -0.00190785 0.999998 -0.00193586 0.0176451 0.157684
FixedParameters: 0 0 0

#Transform 55
Transform: AffineTransform_float_3_3
Parameters: 1 7.25008e-05 -6.806e-05 -7.24718e-05 0.999998 0.00210555 6.7566e-05 -0.00210554 0.999998 0.00483341 -0.0494924 0.165627
FixedParameters: 0 0 0

#Transform 56
Transform: AffineTransform_float_3_3
Parameters: 1 3.39327e-05 -0.000234426 -3.29537e-05 0.999997 0.00218794 0.000234747 -0.00218792 0.999997 0.0026563 0.00793012 0.153033
FixedParameters: 0 0 0

#Transform 57
Transform: AffineTransform_float_3_3
Parameters: 1 0.000186225 0.000397174 -0.000186635 0.999998 0.00173879 -0.000396566 -0.00173857 0.999999 -0.000859917 -0.0460228 0.166431
FixedParameters: 0 0 0

#Transform 58
Transform: AffineTransform_float_3_3
Parameters: 1 -2.44996e-05 8.44699e-05 2.38226e-05 0.999998 0.00233636 -8.52945e-05 -0.00233636 0.999998 -0.00757589 0.00517016 0.184519
FixedParameters: 0 0 0

#Transform 59
Transform: AffineTransform_float_3_3
Parameters: 1 0.000262988 7.33373e-05 -0.000262267 0.999998 0.00158797 -7.26226e-05 -0.00158805 0.999998 0.0100409 -0.0200323 0.170097
FixedParameters: 0 0 0

#Transform 60
Transform: AffineTransform_float_3_3
Parameters: 1 0.00034517 -0.000147864 -0.000344731 0.999998 0.00155901 0.000149027 -0.00155891 0.999999 0.00811763 0.0162721 0.165299
FixedParameters: 0 0 0

#Transform 61
Transform: AffineTransform_float_3_3
Parameters: 1 9.0984e-06 0.000368814 -9.8415e-06 0.999998 0.00223508 -0.000368716 -0.00223513 0.999998 0.0100211 -0.0110832 0.179122
FixedParameters: 0 0 0

#Transform 62
Transform: AffineTransform_float_3_3
Parameters: 1 0.00016349 0.000311447 -0.00016416 1 0.0010379 -0.000311019 -0.001038 1 0.000307738 -0.0154013 0.155955
FixedParameters: 0 0 0

#Transform 63
Transform: AffineTransform_float_3_3
Parameters: 1 4.82276e-05 0.000465162 -4.89146e-05 0.999999 0.00173741 -0.000465025 -0.0017375 0.999999 0.000506292 0.0331407 0.159887
FixedParameters: 0 0 0

#Transform 64
Transform: AffineTransform_float_3_3
Parameters: 1 -0.000178297 -0.000310976 0.000179449 0.999998 0.0019294 0.000310461 -0.00192951 0.999998 0.0120858 0.00240638 0.169732
FixedParameters: 0 0 0

#Transform 65
Transform: AffineTransform_float_3_3
Parameters: 1 9.22836e-05 -0.000172878 -9.19572e-05 1 0.00101204 0.000173152 -0.00101201 1 0.0232938 -0.00625961 0.170379
FixedParameters: 0 0 0

#Transform 66
Transform: AffineTransform_float_3_3
Parameters: 1 9.09511e-05 0.000206837 -9.1945e-05 0.999999 0.00178029 -0.000207311 -0.00178033 0.999999 0.00712154 -0.0145486 0.177914
FixedParameters: 0 0 0

#Transform 67
Transform: AffineTransform_float_3_3
Parameters: 1 0.000134866 -0.000236023 -0.000134325 0.999998 0.00164082 0.000235578 -0.00164075 0.999998 0.0218231 0.0042988 0.183716
FixedParameters: 0 0 0

#Transform 68
Transform: AffineTransform_float_3_3
Parameters: 1 -0.000311718 -0.000273357 0.000312505 0.999999 0.00148552 0.000272517 -0.00148569 0.999999 0.0203036 -0.00914672 0.186569
FixedParameters: 0 0 0

#Transform 69
Transform: AffineTransform_float_3_3
Parameters: 1 -3.56472e-05 0.000266228 3.46512e-05 0.999999 0.00178147 -0.000266178 -0.00178145 0.999999 0.00513762 0.0603071 0.196336
FixedParameters: 0 0 0

#Transform 70
Transform: AffineTransform_float_3_3
Parameters: 1 -0.000158992 -0.000220176 0.000158946 0.999998 0.00227576 0.000219922 -0.00227578 0.999998 0.011378 0.0220785 0.191936
FixedParameters: 0 0 0

#Transform 71
Transform: AffineTransform_float_3_3
Parameters: 1 -3.05606e-05 0.000292509 2.94643e-05 0.999999 0.00179302 -0.000292441 -0.001793 0.999999 -0.00115254 -0.0103268 0.182546
FixedParameters: 0 0 0

#Transform 72
Transform: AffineTransform_float_3_3
Parameters: 1 -3.54849e-05 0.000267194 3.4485e-05 0.999999 0.00178249 -0.000267144 -0.00178247 0.999999 0.00532272 0.0167321 0.188428
FixedParameters: 0 0 0

#Transform 73
Transform: AffineTransform_float_3_3
Parameters: 1 -0.00012998 -0.000304281 0.000130647 1 0.0011348 0.000304072 -0.00113488 1 0.0217067 0.0399143 0.176894
FixedParameters: 0 0 0

#Transform 74
Transform: AffineTransform_float_3_3
Parameters: 1 0.000175647 0.000203484 -0.000175707 0.999998 0.00191604 -0.000203817 -0.00191616 0.999998 -0.0166764 -0.0149571 0.16754
FixedParameters: 0 0 0

#Transform 75
Transform: AffineTransform_float_3_3
Parameters: 1 -0.000190361 -0.000321032 0.000190931 0.999997 0.00252139 0.00032054 -0.00252147 0.999997 0.0108759 0.0247753 0.153623
FixedParameters: 0 0 0

#Transform 76
Transform: AffineTransform_float_3_3
Parameters: 0.999999 3.5206e-05 -0.000757844 -3.49282e-05 0.999999 0.000816618 0.000758187 -0.000816112 1 0.0122569 -0.00566393 0.173468
FixedParameters: 0 0 0

#Transform 77
Transform: AffineTransform_float_3_3
Parameters: 1 -4.21131e-05 0.000202647 4.14354e-05 0.999998 0.00161325 -0.000202694 -0.00161323 0.999998 -0.00633459 0.0407428 0.181334
FixedParameters: 0 0 0

#Transform 78
Transform: AffineTransform_float_3_3
Parameters: 0.999999 -0.000242133 -0.000718493 0.000243593 0.999999 0.00172945 0.000718035 -0.00172975 0.999998 0.016993 0.0397668 0.182428
FixedParameters: 0 0 0

#Transform 79
Transform: AffineTransform_float_3_3
Parameters: 1 -4.60796e-06 0.000232156 4.20797e-06 0.999999 0.000861456 -0.000232164 -0.000861454 0.999999 0.00584188 0.0218588 0.191327
FixedParameters: 0 0 0

#Transform 80
Transform: AffineTransform_float_3_3
Parameters: 1 0.000267204 0.000515323 -0.000267524 0.999997 0.00216088 -0.000514406 -0.00216125 0.999997 -0.0160831 -0.00325107 0.229223
FixedParameters: 0 0 0

#Transform 81
Transform: AffineTransform_float_3_3
Parameters: 1 0.00040539 -4.84947e-05 -0.000405469 0.999999 0.00182409 4.91745e-05 -0.00182405 0.999999 -0.0121211 0.0271999 0.213434
FixedParameters: 0 0 0

#Transform 82
Transform: AffineTransform_float_3_3
Parameters: 1 0.000302426 0.000189953 -0.000302015 0.999999 0.00143089 -0.000189208 -0.00143105 0.999999 -0.0192532 0.0249471 0.181089
FixedParameters: 0 0 0

#Transform 83
Transform: AffineTransform_float_3_3
Parameters: 1 0.0003507 0.000537141 -0.000351463 0.999999 0.00140201 -0.00053725 -0.00140243 0.999999 -0.01348 0.0566696 0.20558
FixedParameters: 0 0 0

#Transform 84
Transform: AffineTransform_float_3_3
Parameters: 1 0.000416966 -3.25395e-05 -0.000417099 0.999998 0.00152747 3.29267e-05 -0.00152745 0.999999 -0.00724475 -0.00377181 0.188514
FixedParameters: 0 0 0

#Transform 85
Transform: AffineTransform_float_3_3
Parameters: 1 0.000223661 -0.000464303 -0.000223233 0.999999 0.00178824 0.00046451 -0.00178799 0.999999 -0.00245966 0.00233038 0.185529
FixedParameters: 0 0 0

#Transform 86
Transform: AffineTransform_float_3_3
Parameters: 0.999999 0.00070844 5.59105e-05 -0.000708821 0.999999 0.00134105 -5.48966e-05 -0.00134113 0.999999 -0.0186008 0.0137763 0.211038
FixedParameters: 0 0 0

#Transform 87
Transform: AffineTransform_float_3_3
Parameters: 1 0.000140757 0.000228579 -0.000140695 0.999998 0.00189879 -0.000228077 -0.00189889 0.999998 -0.0162142 0.0137151 0.209257
FixedParameters: 0 0 0

#Transform 88
Transform: AffineTransform_float_3_3
Parameters: 1 0.000405079 -7.17089e-05 -0.000405072 0.999998 0.00166364 7.21699e-05 -0.00166358 0.999998 -0.0125018 0.0150406 0.187501
FixedParameters: 0 0 0

#Transform 89
Transform: AffineTransform_float_3_3
Parameters: 1 0.000374364 1.9151e-05 -0.000374736 0.999997 0.00247418 -1.80093e-05 -0.00247419 0.999997 -0.0174921 -0.0161274 0.200863
FixedParameters: 0 0 0

#Transform 90
Transform: AffineTransform_float_3_3
Parameters: 1 6.50275e-05 0.000277471 -6.64939e-05 0.999997 0.00251676 -0.000276877 -0.00251679 0.999997 -0.0152525 -0.0150219 0.201786
FixedParameters: 0 0 0

#Transform 91
Transform: AffineTransform_float_3_3
Parameters: 1 0.000242762 -0.000141224 -0.000243591 0.999999 0.00134742 0.0001412 -0.00134731 0.999999 -0.0151415 0.0111192 0.201606
FixedParameters: 0 0 0

#Transform 92
Transform: AffineTransform_float_3_3
Parameters: 1 0.000392574 0.000369169 -0.000393034 0.999998 0.00167812 -0.000368974 -0.00167754 0.999998 -0.0242413 -0.037262 0.214039
FixedParameters: 0 0 0

#Transform 93
Transform: AffineTransform_float_3_3
Parameters: 1 0.000297305 0.000150212 -0.000298039 0.999998 0.00167151 -0.000150104 -0.0016716 0.999998 -0.0187441 -0.00694324 0.199264
FixedParameters: 0 0 0

#Transform 94
Transform: AffineTransform_float_3_3
Parameters: 1 6.78556e-05 0.000105101 -6.72691e-05 0.999998 0.00174398 -0.000104985 -0.00174404 0.999998 -0.0170427 -0.0224481 0.180301
FixedParameters: 0 0 0

#Transform 95
Transform: AffineTransform_float_3_3
Parameters: 1 -2.90442e-07 6.79675e-05 4.68182e-08 0.999998 0.00161847 -6.78804e-05 -0.00161847 0.999998 -0.0118283 0.0236187 0.202199
FixedParameters: 0 0 0

#Transform 96
Transform: AffineTransform_float_3_3
Parameters: 1 0.00041409 2.44713e-05 -0.000414402 0.999998 0.0016171 -2.40183e-05 -0.00161712 0.999998 -0.0201561 0.0231582 0.213333
FixedParameters: 0 0 0

#Transform 97
Transform: AffineTransform_float_3_3
Parameters: 1 0.000441905 0.000452368 -0.000443033 0.999998 0.00204365 -0.000451565 -0.00204409 0.999998 -0.0240449 0.02835 0.224106
FixedParameters: 0 0 0

#Transform 98
Transform: AffineTransform_float_3_3
Parameters: 1 0.000505086 0.000182704 -0.000505934 0.999998 0.00168696 -0.000181885 -0.00168715 0.999998 -0.0237672 -0.00139892 0.198423
FixedParameters: 0 0 0

#Transform 99
Transform: AffineTransform_float_3_3
Parameters: 1 0.000475306 7.60646e-05 -0.000475843 0.999998 0.00185962 -7.5095e-05 -0.00185969 0.999999 -0.0226196 0.01293 0.19877
FixedParameters: 0 0 0

#Transform 100
Transform: AffineTransform_float_3_3
Parameters: 1 0.000477938 0.000390497 -0.000478068 1 0.00116354 -0.000390507 -0.00116304 0.999999 -0.0243645 0.0354741 0.206619
FixedParameters: 0 0 0

#Transform 101
Transform: AffineTransform_float_3_3
Parameters: 1 0.000522748 0.000343609 -0.000523455 0.999997 0.00207994 -0.000342439 -0.00208035 0.999998 -0.024184 -0.0215654 0.230061
FixedParameters: 0 0 0

#Transform 102
Transform: AffineTransform_float_3_3
Parameters: 1 0.000501482 0.000248381 -0.000502017 0.999997 0.00210696 -0.000248247 -0.00210726 0.999998 -0.0242833 0.0322334 0.216372
FixedParameters: 0 0 0

#Transform 103
Transform: AffineTransform_float_3_3
Parameters: 1 0.000571989 0.000207959 -0.000572646 1 0.00101948 -0.000207678 -0.00101972 1 -0.0246517 0.0286577 0.20823
FixedParameters: 0 0 0

#Transform 104
Transform: AffineTransform_float_3_3
Parameters: 1 0.000298196 0.000247993 -0.000298147 0.999999 0.00177875 -0.000246964 -0.00177894 0.999999 -0.0174707 -0.0120977 0.249371
FixedParameters: 0 0 0

#Transform 105
Transform: AffineTransform_float_3_3
Parameters: 1 0.000392153 0.000205449 -0.000392048 0.999998 0.00164117 -0.000205285 -0.00164046 0.999998 -0.0214583 0.0590076 0.215299
FixedParameters: 0 0 0

#Transform 106
Transform: AffineTransform_float_3_3
Parameters: 1 0.000271428 0.000298253 -0.000271982 0.999997 0.00213655 -0.000298098 -0.00213676 0.999997 -0.0201565 0.0066626 0.197323
FixedParameters: 0 0 0

#Transform 107
Transform: AffineTransform_float_3_3
Parameters: 1 7.92662e-05 0.000100854 -7.95615e-05 0.999999 0.00134806 -0.000100552 -0.00134808 0.999999 -0.013367 0.0626702 0.216254
FixedParameters: 0 0 0

#Transform 108
Transform: AffineTransform_float_3_3
Parameters: 1 0.000228888 -0.000197302 -0.000228861 1 0.00060035 0.000196603 -0.000600262 1 -0.0141307 0.0383656 0.198765
FixedParameters: 0 0 0

#Transform 109
Transform: AffineTransform_float_3_3
Parameters: 1 0.000118687 0.000149424 -0.000118184 0.999999 0.00150948 -0.000149186 -0.00150956 0.999999 -0.0141546 0.0225049 0.220482
FixedParameters: 0 0 0

#Transform 110
Transform: AffineTransform_float_3_3
Parameters: 1 0.000201913 1.61826e-06 -0.00020215 1 0.0011881 -2.025e-06 -0.0011881 1 -0.00845038 0.0270081 0.222223
FixedParameters: 0 0 0

#Transform 111
Transform: AffineTransform_float_3_3
Parameters: 1 0.000292263 9.54655e-05 -0.000292592 1 0.000625569 -9.6074e-05 -0.000625627 1 -0.0105633 0.0288969 0.209851
FixedParameters: 0 0 0

#Transform 112
Transform: AffineTransform_float_3_3
Parameters: 1 0.000126286 -3.7096e-05 -0.000126208 0.999999 0.00135849 3.75266e-05 -0.00135848 0.999999 -0.01273 0.052491 0.227506
FixedParameters: 0 0 0

#Transform 113
Transform: AffineTransform_float_3_3
Parameters: 1 0.00030365 -0.000288913 -0.000302983 0.999999 0.00119417 0.000289724 -0.00119399 0.999999 -0.00732965 0.0261967 0.217822
FixedParameters: 0 0 0

#Transform 114
Transform: AffineTransform_float_3_3
Parameters: 1 0.000501367 1.67149e-05 -0.000501618 0.999998 0.00164481 -1.59811e-05 -0.00164392 0.999998 -0.020444 -0.0242389 0.24031
FixedParameters: 0 0 0

#Transform 115
Transform: AffineTransform_float_3_3
Parameters: 1 -0.000219582 0.000217003 0.000220238 0.999999 0.000736732 -0.000217534 -0.000736681 0.999999 -0.00581389 0.0307537 0.236475
FixedParameters: 0 0 0

#Transform 116
Transform: AffineTransform_float_3_3
Parameters: 1 2.95325e-05 0.000230568 -2.97628e-05 1 0.000499549 -0.000230539 -0.000499563 1 0.0174585 0.0749555 0.224599
FixedParameters: 0 0 0

#Transform 117
Transform: AffineTransform_float_3_3
Parameters: 1 2.35434e-05 0.000139628 -2.38574e-05 1 0.00103977 -0.000139491 -0.00103977 1 0.000998789 0.000217168 0.251662
FixedParameters: 0 0 0

#Transform 118
Transform: AffineTransform_float_3_3
Parameters: 1 7.38314e-05 0.000156616 -7.44307e-05 0.999999 0.00176392 -0.000156179 -0.00176394 0.999999 -0.00406337 0.0120969 0.26859
FixedParameters: 0 0 0

#Transform 119
Transform: AffineTransform_float_3_3
Parameters: 1 7.09854e-05 0.000116137 -7.13864e-05 0.999998 0.00162617 -0.000115818 -0.00162618 0.999998 -0.0120995 -0.0120661 0.228873
FixedParameters: 0 0 0

#Transform 120
Transform: AffineTransform_float_3_3
Parameters: 1 3.82285e-05 0.000132239 -3.89592e-05 0.999997 0.00249783 -0.000131783 -0.00249784 0.999997 -0.00774729 0.00342423 0.245782
FixedParameters: 0 0 0

#Transform 121
Transform: AffineTransform_float_3_3
Parameters: 1 9.75994e-05 0.000189737 -9.81391e-05 0.999999 0.00136093 -0.000189383 -0.00136096 0.999999 -0.0114079 -0.0046415 0.268354
FixedParameters: 0 0 0

#Transform 122
Transform: AffineTransform_float_3_3
Parameters: 1 7.48313e-05 0.000566747 -7.62594e-05 0.999998 0.00208013 -0.000566464 -0.00208026 0.999997 -0.0133632 -0.0248267 0.290214
FixedParameters: 0 0 0

#Transform 123
Transform: AffineTransform_float_3_3
Parameters: 1 7.437e-05 0.000110597 -7.47287e-05 0.999999 0.00151614 -0.000110283 -0.00151615 0.999999 -0.010755 -0.0251557 0.255803
FixedParameters: 0 0 0

#Transform 124
Transform: AffineTransform_float_3_3
Parameters: 1 0.000107605 0.000311484 -0.000108696 0.999998 0.00174141 -0.000310941 -0.00174106 0.999999 -0.0137104 -0.0305013 0.243842
FixedParameters: 0 0 0

#Transform 125
Transform: AffineTransform_float_3_3
Parameters: 1 0.000127447 0.000509771 -0.000128854 0.999998 0.00226993 -0.000509134 -0.0022701 0.999998 -0.014826 -0.0302591 0.276114
FixedParameters: 0 0 0

#Transform 126
Transform: AffineTransform_float_3_3
Parameters: 1 0.000174304 0.000258192 -0.000174158 0.999999 0.00156325 -0.000257767 -0.00156338 0.999998 -0.0134528 -0.0218602 0.273418
FixedParameters: 0 0 0

#Transform 127
Transform: AffineTransform_float_3_3
Parameters: 1 0.000110729 0.000467438 -0.00011233 0.999997 0.00245591 -0.000467809 -0.00245605 0.999997 -0.0189232 -0.0312161 0.282294
FixedParameters: 0 0 0

#Transform 128
Transform: AffineTransform_float_3_3
Parameters: 1 9.73756e-05 0.000265366 -9.85223e-05 0.999998 0.00175243 -0.00026583 -0.00175208 0.999999 -0.0118277 -0.0238873 0.275279
FixedParameters: 0 0 0

#Transform 129
Transform: AffineTransform_float_3_3
Parameters: 1 8.94254e-05 0.000297373 -8.9959e-05 0.999998 0.00210559 -0.000298001 -0.00210569 0.999998 -0.0129134 -0.00965211 0.266674
FixedParameters: 0 0 0

#Transform 130
Transform: AffineTransform_float_3_3
Parameters: 1 0.000108252 0.000283016 -0.00010917 0.999998 0.00158073 -0.000282585 -0.00158079 0.999998 -0.00802907 0.015925 0.283353
FixedParameters: 0 0 0

#Transform 131
Transform: AffineTransform_float_3_3
Parameters: 1 0.000157563 0.00058332 -0.000158876 0.999998 0.00192274 -0.000582744 -0.00192296 0.999998 -0.0157428 -0.0299119 0.275207
FixedParameters: 0 0 0

#Transform 132
Transform: AffineTransform_float_3_3
Parameters: 1 -0.000346248 0.000186023 0.000346017 0.999999 0.000621752 -0.000186454 -0.000621624 1 0.0332988 0.10665 0.209063
FixedParameters: 0 0 0

#Transform 133
Transform: AffineTransform_float_3_3
Parameters: 1 -0.000331817 0.000198725 0.000332344 0.999998 0.0015975 -0.000198931 -0.00159741 0.999998 0.0259865 -0.0240133 0.308759
FixedParameters: 0 0 0

#Transform 134
Transform: AffineTransform_float_3_3
Parameters: 0.999999 -0.000452394 0.00080723 0.000451607 0.999999 0.00120738 -0.000807466 -0.00120669 0.999999 0.0108693 0.0127401 0.269876
FixedParameters: 0 0 0

#Transform 135
Transform: AffineTransform_float_3_3
Parameters: 1 -0.000258276 0.000573126 0.000258057 0.999998 0.00200472 -0.000573397 -0.00200542 0.999998 -0.000918958 0.00908163 0.298672
FixedParameters: 0 0 0

#Transform 136
Transform: AffineTransform_float_3_3
Parameters: 1 -5.3129e-05 0.000541498 5.23374e-05 0.999997 0.00246766 -0.00054191 -0.00246769 0.999997 -0.00549929 -0.0250278 0.293269
FixedParameters: 0 0 0

#Transform 137
Transform: AffineTransform_float_3_3
Parameters: 1 -9.20465e-05 0.000587577 9.10747e-05 0.999998 0.00165192 -0.00058792 -0.00165144 0.999999 -0.0024417 -0.0120594 0.272838
FixedParameters: 0 0 0

#Transform 138
Transform: AffineTransform_float_3_3
Parameters: 0.999999 0.000113066 0.000823635 -0.000115073 0.999999 0.00178251 -0.000823261 -0.00178274 0.999998 -0.0101635 0.0153377 0.313586
FixedParameters: 0 0 0

#Transform 139
Transform: AffineTransform_float_3_3
Parameters: 0.999999 0.000427157 0.000565367 -0.00042794 0.999999 0.00138157 -0.000565309 -0.00138119 0.999999 -0.0160489 0.0150269 0.286792
FixedParameters: 0 0 0

#Transform 140
Transform: AffineTransform_float_3_3
Parameters: 1 -0.000409719 0.000516257 0.000408476 0.999998 0.00228176 -0.000517094 -0.00228138 0.999997 0.00318058 -0.0421068 0.297452
FixedParameters: 0 0 0

#Transform 141
Transform: AffineTransform_float_3_3
Parameters: 1 0.000148718 0.000466954 -0.000149979 0.999999 0.00132539 -0.000466471 -0.00132553 0.999999 -0.00311917 0.0190994 0.306371
FixedParameters: 0 0 0

#Transform 142
Transform: AffineTransform_float_3_3
Parameters: 0.999999 -5.68282e-05 0.000730316 5.53087e-05 0.999998 0.00170421 -0.000730547 -0.00170376 0.999999 -0.00231715 -0.0264605 0.295689
FixedParameters: 0 0 0

#Transform 143
Transform: AffineTransform_float_3_3
Parameters: 0.999999 0.000117597 0.000779987 -0.000119431 0.999999 0.00177118 -0.000779599 -0.00177141 0.999998 -0.00928937 0.016727 0.32868
FixedParameters: 0 0 0

#Transform 144
Transform: AffineTransform_float_3_3
Parameters: 1 0.000166257 0.000511269 -0.00016666 0.999999 0.00132663 -0.000510947 -0.00132685 0.999999 -0.00860581 -0.0156688 0.304202
FixedParameters: 0 0 0

#Transform 145
Transform: AffineTransform_float_3_3
Parameters: 1 -4.02464e-05 0.000670837 3.97525e-05 0.999999 0.00178805 -0.000671219 -0.00178809 0.999998 -0.0066048 0.013747 0.293613
FixedParameters: 0 0 0

#Transform 146
Transform: AffineTransform_float_3_3
Parameters: 0.999999 8.90095e-05 0.000778941 -9.04412e-05 0.999997 0.0021535 -0.000778715 -0.00215332 0.999998 -0.0104365 0.0394416 0.305864
FixedParameters: 0 0 0

#Transform 147
Transform: AffineTransform_float_3_3
Parameters: 0.999999 0.000217089 0.0007796 -0.000218431 0.999999 0.00147214 -0.000779078 -0.00147252 0.999998 -0.0152303 0.0216798 0.311477
FixedParameters: 0 0 0

#Transform 148
Transform: AffineTransform_float_3_3
Parameters: 1 7.13969e-05 0.000585228 -7.24793e-05 0.999997 0.00235246 -0.000586015 -0.00235263 0.999997 -0.00743935 0.0146499 0.329695
FixedParameters: 0 0 0

#Transform 149
Transform: AffineTransform_float_3_3
Parameters: 1 2.68483e-05 0.000610511 -2.79811e-05 0.999997 0.00246895 -0.000610527 -0.00246907 0.999997 -0.00719665 -0.0106096 0.327935
FixedParameters: 0 0 0
