#Insight Transform File V1.0
#Transform 0
Transform: AffineTransform_float_3_3
Parameters: 0.999999 -0.00177928 0.000314539 0.00178071 0.999989 -0.00423159 -0.000306596 0.0042325 0.999991 0.0133621 0.123023 -0.366449
FixedParameters: 0 0 0

#Transform 1
Transform: AffineTransform_float_3_3
Parameters: 0.999998 -0.00181324 0.000772098 0.00181465 0.999997 -0.00182793 -0.000769207 0.00182938 0.999998 0.0301403 0.0467061 -0.294089
FixedParameters: 0 0 0

#Transform 2
Transform: AffineTransform_float_3_3
Parameters: 0.999998 -0.00192194 0.000436342 0.00192332 0.999994 -0.0026071 -0.000431279 0.00260733 0.999996 0.0121743 0.0812825 -0.336505
FixedParameters: 0 0 0

#Transform 3
Transform: AffineTransform_float_3_3
Parameters: 0.999999 -0.0011184 -0.0010342 0.0011174 0.999999 -0.000790165 0.00103466 0.000788593 0.999999 0.00901706 0.0630718 -0.215171
FixedParameters: 0 0 0

#Transform 4
Transform: AffineTransform_float_3_3
Parameters: 0.999998 -0.000342593 -0.0019742 0.000345877 0.999999 0.00179513 0.00197408 -0.00179527 0.999997 -0.0173648 0.0209167 -0.0268425
FixedParameters: 0 0 0

#Transform 5
Transform: AffineTransform_float_3_3
Parameters: 0.999999 -0.000482566 -0.000850274 0.000484196 0.999997 0.00232753 0.000848605 -0.00232746 0.999997 -0.0164393 -0.0145268 -0.0613005
FixedParameters: 0 0 0

#Transform 6
Transform: AffineTransform_float_3_3
Parameters: 1 -0.000139474 -0.000230886 0.000139205 1 -0.000582422 0.000231049 0.000582358 1 -0.0724023 0.108199 -0.177669
FixedParameters: 0 0 0

#Transform 7
Transform: AffineTransform_float_3_3
Parameters: 1 -7.88353e-05 -0.000426948 8.00535e-05 0.999998 0.00158316 0.00042672 -0.00158323 0.999998 -0.0445138 0.0212829 -0.13536
FixedParameters: 0 0 0

#Transform 8
Transform: AffineTransform_float_3_3
Parameters: 1 4.80322e-06 -0.000456204 -4.36375e-06 1 0.000481669 0.000456209 -0.000481665 1 -0.0596842 0.0442166 -0.0408225
FixedParameters: 0 0 0

#Transform 9
Transform: AffineTransform_float_3_3
Parameters: 0.999999 0.00016384 -0.00141266 -0.000163863 1 0.000765463 0.00141253 -0.000765 0.999998 -0.0112157 0.0430046 0.0171755
FixedParameters: 0 0 0

#Transform 10
Transform: AffineTransform_float_3_3
Parameters: 0.999999 0.000402118 -0.000586504 -0.0004025 1 -0.000325062 0.000586242 0.000325534 1 -0.024433 -0.0400856 0.114421
FixedParameters: 0 0 0

#Transform 11
Transform: AffineTransform_float_3_3
Parameters: 1 0.000462869 -0.00100784 -0.000463802 0.999998 -0.00155775 0.00100683 0.0015584 0.999999 -0.0587576 0.173234 0.0111437
FixedParameters: 0 0 0

#Transform 12
Transform: AffineTransform_float_3_3
Parameters: 1 0.000407569 -0.000587555 -0.000408153 1 0.000310388 0.000588095 -0.000309878 1 -0.0546965 0.0197807 0.0970591
FixedParameters: 0 0 0

#Transform 13
Transform: AffineTransform_float_3_3
Parameters: 1 0.000835377 -0.000765022 -0.000836309 0.999999 -0.00153951 0.000764173 0.00153949 0.999998 -0.0686707 0.0639626 -0.00510301
FixedParameters: 0 0 0

#Transform 14
Transform: AffineTransform_float_3_3
Parameters: 0.999999 0.000673796 -0.000353997 -0.000674344 0.999999 -0.00103818 0.000353654 0.00103733 0.999999 -0.0737634 0.0618524 0.0532913
FixedParameters: 0 0 0

#Transform 15
Transform: AffineTransform_float_3_3
Parameters: 0.999999 0.00104055 -0.000637267 -0.00104177 0.999997 -0.00219602 0.000635398 0.00219611 0.999997 -0.0779311 0.0650589 -0.0157922
FixedParameters: 0 0 0

#Transform 16
Transform: AffineTransform_float_3_3
Parameters: 1 0.000950253 -0.000507898 -0.00095069 1 -0.000434739 0.000507087 0.000435152 1 -0.081936 -0.000766452 0.102656
FixedParameters: 0 0 0

#Transform 17
Transform: AffineTransform_float_3_3
Parameters: 1 0.00108096 -2.294e-05 -0.00108166 0.999999 -0.000931368 2.21843e-05 0.000930955 0.999999 -0.101508 0.0735514 0.0222275
FixedParameters: 0 0 0

#Transform 18
Transform: AffineTransform_float_3_3
Parameters: 1 0.00063979 0.000205052 -0.000640552 0.999999 -0.00045405 -0.000205346 0.000453818 1 -0.0674752 -0.000376411 0.0159333
FixedParameters: 0 0 0

#Transform 19
Transform: AffineTransform_float_3_3
Parameters: 1 0.000512284 -0.000222183 -0.000512127 1 -0.000291484 0.00022284 0.000291773 1 -0.0584756 0.132406 0.0177427
FixedParameters: 0 0 0

#Transform 20
Transform: AffineTransform_float_3_3
Parameters: 1 0.000122592 -0.000128388 -0.000122579 1 4.89621e-05 0.0001284 -4.89306e-05 1 0.00204559 -0.00876056 -0.011707
FixedParameters: 0 0 0

#Transform 21
Transform: AffineTransform_float_3_3
Parameters: 1 0.000128434 -9.43622e-05 -0.00012852 1 -0.000459867 9.42441e-05 0.000459891 1 -0.000203725 0.0358528 0.0527493
FixedParameters: 0 0 0

#Transform 22
Transform: AffineTransform_float_3_3
Parameters: 1 -0.000241601 0.000370912 0.000242003 1 -0.000541165 -0.00037065 0.000541345 1 0.00468355 0.0176675 0.0949358
FixedParameters: 0 0 0

#Transform 23
Transform: AffineTransform_float_3_3
Parameters: 1 -0.000252016 0.00035949 0.00025258 0.999999 -0.00136997 -0.000359731 0.00137009 0.999999 -0.0115542 0.121221 0.0230748
FixedParameters: 0 0 0

#Transform 24
Transform: AffineTransform_float_3_3
Parameters: 1 0.000250552 0.000533109 -0.000249854 0.999998 -0.00167215 -0.000533652 0.00167247 0.999999 -0.0230515 0.0633606 0.0542309
FixedParameters: 0 0 0

#Transform 25
Transform: AffineTransform_float_3_3
Parameters: 0.999999 -0.000269873 0.00171572 0.000269413 1 -5.77354e-05 -0.0017154 5.84088e-05 0.999998 -0.0509424 0.0927383 0.000493669
FixedParameters: 0 0 0

#Transform 26
Transform: AffineTransform_float_3_3
Parameters: 0.999998 -0.000301586 0.00167355 0.000300744 0.999999 0.000667796 -0.00167326 -0.000667039 0.999998 -0.0465213 0.0772109 0.0367153
FixedParameters: 0 0 0

#Transform 27
Transform: AffineTransform_float_3_3
Parameters: 0.999999 -0.000635698 0.00122116 0.00063373 0.999998 0.00210708 -0.00122268 -0.00210633 0.999997 -0.0298398 0.00340647 0.0822537
FixedParameters: 0 0 0

#Transform 28
Transform: AffineTransform_float_3_3
Parameters: 0.999999 -0.000536807 0.00102914 0.000534886 0.999997 0.00247701 -0.00103063 -0.0024767 0.999996 -0.0185033 0.0146853 0.190369
FixedParameters: 0 0 0

#Transform 29
Transform: AffineTransform_float_3_3
Parameters: 1 -0.000173492 0.000580604 0.000172302 0.999998 0.00188335 -0.000580478 -0.00188395 0.999998 -0.0217305 0.0843075 0.0741551
FixedParameters: 0 0 0

#Transform 30
Transform: AffineTransform_float_3_3
Parameters: 0.999999 -0.000305755 0.000552726 0.000304585 0.999996 0.00283525 -0.000552965 -0.00283567 0.999996 0.00415255 0.0121742 0.1117
FixedParameters: 0 0 0

#Transform 31
Transform: AffineTransform_float_3_3
Parameters: 1 -0.000615558 0.000777128 0.000614769 0.999997 0.00202814 -0.000778201 -0.00202795 0.999998 0.0248791 0.0380365 0.078417
FixedParameters: 0 0 0

#Transform 32
Transform: AffineTransform_float_3_3
Parameters: 1 8.31633e-05 0.00051423 -8.38467e-05 0.999998 0.00173355 -0.000513265 -0.00173305 0.999999 -0.015185 0.0170399 0.0372037
FixedParameters: 0 0 0

#Transform 33
Transform: AffineTransform_float_3_3
Parameters: 1 0.000187384 -0.000101668 -0.000187342 1 0.000209868 0.000101747 -0.00020983 1 -0.00226039 0.121538 -0.0271407
FixedParameters: 0 0 0

#Transform 34
Transform: AffineTransform_float_3_3
Parameters: 1 0.00022238 9.74271e-06 -0.000222387 1 0.00038109 -9.57321e-06 -0.000381094 1 0.0116505 0.0846217 -0.0120397
FixedParameters: 0 0 0

#Transform 35
Transform: AffineTransform_float_3_3
Parameters: 1 3.51184e-05 -0.000627058 -3.40336e-05 0.999999 0.000846813 0.000627163 -0.000847049 1 0.0264663 0.0471342 0.0077449
FixedParameters: 0 0 0

#Transform 36
Transform: AffineTransform_float_3_3
Parameters: 0.999999 0.000692726 -0.000239046 -0.000692721 1 0.0008799 0.000239348 -0.00088018 0.999999 -0.0106515 0.064625 0.00391974
FixedParameters: 0 0 0

#Transform 37
Transform: AffineTransform_float_3_3
Parameters: 1 0.00022675 3.49263e-05 -0.00022675 1 3.9552e-06 -3.49245e-05 -3.97104e-06 1 0.00630373 0.0245293 -0.0266046
FixedParameters: 0 0 0

#Transform 38
Transform: AffineTransform_float_3_3
Parameters: 1 0.000402266 -4.52097e-05 -0.000402231 1 0.000391534 4.55247e-05 -0.000391498 1 -0.0196088 0.0722955 0.0301757
FixedParameters: 0 0 0

#Transform 39
Transform: AffineTransform_float_3_3
Parameters: 1 0.000588218 -0.000187082 -0.000588302 1 -0.000223105 0.00018682 0.000223325 1 -0.0234186 0.0775812 -0.00576423
FixedParameters: 0 0 0

#Transform 40
Transform: AffineTransform_float_3_3
Parameters: 0.999999 0.000820311 -0.000521997 -0.000820925 1 -0.000465308 0.000521271 0.000465614 1 -0.0315321 0.0468374 0.086919
FixedParameters: 0 0 0

#Transform 41
Transform: AffineTransform_float_3_3
Parameters: 0.999999 0.000931793 0.000314054 -0.000931758 0.999999 -5.46576e-05 -0.000314156 5.40723e-05 1 -0.0330575 -0.021791 0.0636569
FixedParameters: 0 0 0

#Transform 42
Transform: AffineTransform_float_3_3
Parameters: 0.999999 0.000812221 -2.73815e-05 -0.000812021 0.999997 -0.00202899 2.60426e-05 0.00202916 0.999998 -0.0264061 0.142054 -0.045798
FixedParameters: 0 0 0

#Transform 43
Transform: AffineTransform_float_3_3
Parameters: 0.999999 0.000614452 0.000780828 -0.000614476 1 1.48477e-05 -0.000780809 -1.58073e-05 0.999999 0.0194003 0.0160395 0.0672634
FixedParameters: 0 0 0

#Transform 44
Transform: AffineTransform_float_3_3
Parameters: 0.999999 0.000900529 0.000226434 -0.000900105 1 -0.000645476 -0.000226664 0.00064541 0.999999 0.0235998 0.073312 0.0502983
FixedParameters: 0 0 0

#Transform 45
Transform: AffineTransform_float_3_3
Parameters: 1 0.000371736 0.000965508 -0.000372515 1 0.000469826 -0.000965197 -0.000469994 1 0.0392788 0.0258023 0.0496658
FixedParameters: 0 0 0

#Transform 46
Transform: AffineTransform_float_3_3
Parameters: 0.999999 0.000449611 0.000771962 -0.00044829 0.999999 -0.00137067 -0.000771927 0.00137007 0.999999 0.0428086 0.104642 -0.0124465
FixedParameters: 0 0 0

#Transform 47
Transform: AffineTransform_float_3_3
Parameters: 0.999999 0.000267308 0.000932873 -0.000267277 1 -1.68415e-05 -0.000932882 1.63428e-05 0.999999 0.0315427 0.0480802 0.032616
FixedParameters: 0 0 0

#Transform 48
Transform: AffineTransform_float_3_3
Parameters: 0.999999 0.00046785 0.00084123 -0.000466171 0.999999 -0.00171967 -0.000842503 0.00171892 0.999998 0.0382786 0.110339 -0.0139398
FixedParameters: 0 0 0

#Transform 49
Transform: AffineTransform_float_3_3
Parameters: 1 0.000177407 0.000426627 -0.000178335 1 -2.45539e-05 -0.000426349 2.44325e-05 1 0.0496211 0.0642345 0.0710218
FixedParameters: 0 0 0

#Transform 50
Transform: AffineTransform_float_3_3
Parameters: 0.999999 0.000740242 0.000306815 -0.000739786 0.999999 -0.00074184 -0.000307913 0.000741386 0.999999 0.013937 0.0901583 0.00329772
FixedParameters: 0 0 0

#Transform 51
Transform: AffineTransform_float_3_3
Parameters: 0.999999 0.000414626 0.000622022 -0.000414558 1 -5.5014e-05 -0.000622067 5.44982e-05 1 0.0517308 0.00839047 0.0881983
FixedParameters: 0 0 0

#Transform 52
Transform: AffineTransform_float_3_3
Parameters: 0.999999 0.000656499 0.000629758 -0.000655772 0.999999 -0.00120846 -0.000630078 0.00120773 0.999999 0.0188976 0.144042 -0.0269113
FixedParameters: 0 0 0

#Transform 53
Transform: AffineTransform_float_3_3
Parameters: 1 0.000410785 0.000360091 -0.000410947 1 0.000188014 -0.000359998 -0.000187478 1 0.0696493 0.0441299 0.0857407
FixedParameters: 0 0 0

#Transform 54
Transform: AffineTransform_float_3_3
Parameters: 1 0.000418603 0.000381123 -0.000418493 1 -0.000145178 -0.000381244 0.000144859 1 0.056966 0.0706399 0.0444272
FixedParameters: 0 0 0

#Transform 55
Transform: AffineTransform_float_3_3
Parameters: 1 0.000179291 0.000324678 -0.000179293 1 2.72248e-06 -0.000324677 -2.8389e-06 1 0.0734728 0.0725325 0.029601
FixedParameters: 0 0 0

#Transform 56
Transform: AffineTransform_float_3_3
Parameters: 1 0.00028507 0.000239111 -0.000284497 0.999999 -0.0017518 -0.000240063 0.00175166 0.999999 0.0561453 0.153333 0.0350692
FixedParameters: 0 0 0

#Transform 57
Transform: AffineTransform_float_3_3
Parameters: 1 0.000367793 0.000478077 -0.000367328 1 -0.000487082 -0.000478435 0.00048673 1 0.0704972 -0.0282367 0.137421
FixedParameters: 0 0 0

#Transform 58
Transform: AffineTransform_float_3_3
Parameters: 1 0.000364942 0.00049762 -0.000363509 0.999998 -0.00157229 -0.000498743 0.00157193 0.999998 0.0591099 0.137095 0.00134025
FixedParameters: 0 0 0

#Transform 59
Transform: AffineTransform_float_3_3
Parameters: 1 0.000250884 0.000350119 -0.000250636 1 -0.000353596 -0.000350296 0.00035342 1 0.0761522 0.0123507 0.0631308
FixedParameters: 0 0 0

#Transform 60
Transform: AffineTransform_float_3_3
Parameters: 1 -5.97365e-06 0.000657018 5.23609e-06 1 -0.000160507 -0.000656729 0.000160545 1 0.0775877 0.0286992 0.0818438
FixedParameters: 0 0 0

#Transform 61
Transform: AffineTransform_float_3_3
Parameters: 1 0.00036306 0.000487318 -0.00036181 0.999999 -0.00141765 -0.000488323 0.00141729 0.999999 0.0467819 0.0922721 0.000209862
FixedParameters: 0 0 0

#Transform 62
Transform: AffineTransform_float_3_3
Parameters: 1 0.000349765 0.000413648 -0.000349507 1 -0.000312167 -0.000413866 0.000311877 1 0.047277 0.060522 0.123169
FixedParameters: 0 0 0

#Transform 63
Transform: AffineTransform_float_3_3
Parameters: 1 0.000389505 0.000560641 -0.00038851 0.999999 -0.000891001 -0.00056135 0.000891117 1 0.0581409 0.0714094 0.0175744
FixedParameters: 0 0 0

#Transform 64
Transform: AffineTransform_float_3_3
Parameters: 0.999999 0.000410232 0.000607935 -0.000410143 1 -7.40414e-05 -0.000607995 7.35426e-05 1 0.0535942 0.0626709 0.115798
FixedParameters: 0 0 0

#Transform 65
Transform: AffineTransform_float_3_3
Parameters: 0.999999 0.000428175 0.000698245 -0.000427214 0.999999 -0.00125754 -0.000698055 0.00125704 0.999999 0.0432494 0.114738 0.0105373
FixedParameters: 0 0 0

#Transform 66
Transform: AffineTransform_float_3_3
Parameters: 0.999999 0.000682804 -0.000365422 -0.000683495 1 -0.000808304 0.000364419 0.00080742 1 0.0703022 0.0969655 0.120472
FixedParameters: 0 0 0

#Transform 67
Transform: AffineTransform_float_3_3
Parameters: 0.999999 0.000228107 0.00097666 -0.000228031 1 -3.93927e-05 -0.000976678 3.89472e-05 0.999999 0.0199515 0.0843982 -0.141211
FixedParameters: 0 0 0

#Transform 68
Transform: AffineTransform_float_3_3
Parameters: 1 0.000135152 0.00112458 -0.000137063 0.999999 0.0012715 -0.00112452 -0.00127184 0.999998 0.0291519 0.111791 -0.0908242
FixedParameters: 0 0 0

#Transform 69
Transform: AffineTransform_float_3_3
Parameters: 0.999999 -0.000229453 0.00173927 0.000226283 0.999998 0.00190887 -0.00173898 -0.00190916 0.999997 0.0551882 0.0490317 0.0154822
FixedParameters: 0 0 0

#Transform 70
Transform: AffineTransform_float_3_3
Parameters: 0.999999 -0.000309705 0.00150978 0.000309007 1 0.00028283 -0.00150993 -0.000282177 0.999999 0.05991 0.0956462 -0.0276469
FixedParameters: 0 0 0

#Transform 71
Transform: AffineTransform_float_3_3
Parameters: 0.999999 -0.000306649 0.00152497 0.000306588 1 7.13867e-05 -0.00152499 -7.07321e-05 0.999999 0.0489703 0.0969524 -0.0467288
FixedParameters: 0 0 0

#Transform 72
Transform: AffineTransform_float_3_3
Parameters: 0.999998 -0.00017743 0.00192877 0.000175155 0.999999 0.00120345 -0.00192873 -0.00120388 0.999997 0.0455927 0.0280733 -0.015408
FixedParameters: 0 0 0

#Transform 73
Transform: AffineTransform_float_3_3
Parameters: 0.999998 -0.000252095 0.00172986 0.000253217 1 -0.00094868 -0.00172972 0.000949275 0.999998 0.0611575 0.140549 -0.144954
FixedParameters: 0 0 0

#Transform 74
Transform: AffineTransform_float_3_3
Parameters: 0.999999 -0.000240536 0.00175398 0.000240824 1 -0.000351564 -0.00175448 0.000352095 0.999998 0.0574086 0.059198 -0.108153
FixedParameters: 0 0 0

#Transform 75
Transform: AffineTransform_float_3_3
Parameters: 0.999998 0.000204167 0.0016107 -0.000203892 0.999999 -0.000626368 -0.00161036 0.000625491 0.999998 0.0423296 0.0867881 -0.0549989
FixedParameters: 0 0 0

#Transform 76
Transform: AffineTransform_float_3_3
Parameters: 0.999998 -0.000102982 0.00162986 0.000101172 1 0.000941463 -0.00162934 -0.000941379 0.999999 0.0647022 0.0452126 -0.00767037
FixedParameters: 0 0 0

#Transform 77
Transform: AffineTransform_float_3_3
Parameters: 0.999998 3.888e-05 0.00164036 -3.89916e-05 1 -0.000295277 -0.00164103 0.000294838 0.999998 0.0553954 0.14084 -0.0570414
FixedParameters: 0 0 0

#Transform 78
Transform: AffineTransform_float_3_3
Parameters: 0.999998 -0.0002774 0.00162323 0.000277482 1 2.31622e-05 -0.00162322 -2.25422e-05 0.999999 0.0635264 0.128683 -0.088506
FixedParameters: 0 0 0

#Transform 79
Transform: AffineTransform_float_3_3
Parameters: 0.999999 -2.07086e-05 0.00124663 2.06706e-05 1 7.76559e-05 -0.00124661 -7.7885e-05 1 0.0775404 0.145644 -0.077517
FixedParameters: 0 0 0

#Transform 80
Transform: AffineTransform_float_3_3
Parameters: 0.999999 1.76096e-05 0.00127743 -1.73863e-05 1 -0.000520345 -0.00127816 0.000520821 0.999999 0.0552494 0.122968 -0.0620513
FixedParameters: 0 0 0

#Transform 81
Transform: AffineTransform_float_3_3
Parameters: 0.999998 0.000479125 0.00159512 -0.000478298 1 -0.000516497 -0.00159537 0.000515551 0.999998 0.0360837 0.082038 -0.0813382
FixedParameters: 0 0 0

#Transform 82
Transform: AffineTransform_float_3_3
Parameters: 0.999998 0.000216738 0.00166401 -0.000217412 1 0.000533954 -0.00166404 -0.000534988 0.999998 0.0368468 0.120355 -0.0751223
FixedParameters: 0 0 0

#Transform 83
Transform: AffineTransform_float_3_3
Parameters: 0.999999 0.000544069 0.000508391 -0.000543439 0.999999 -0.000619415 -0.000509065 0.000618862 0.999999 0.0733959 0.140171 -0.135917
FixedParameters: 0 0 0

#Transform 84
Transform: AffineTransform_float_3_3
Parameters: 1 0.000151581 0.000164537 -0.000151772 1 0.00058206 -0.000164361 -0.00058211 1 0.0869136 0.131187 -0.109113
FixedParameters: 0 0 0

#Transform 85
Transform: AffineTransform_float_3_3
Parameters: 1 0.000209724 0.000133176 -0.000210302 0.999998 0.00167213 -0.00013245 -0.00167218 0.999998 0.108069 0.0376427 -0.0578828
FixedParameters: 0 0 0

#Transform 86
Transform: AffineTransform_float_3_3
Parameters: 1 0.000423895 7.67007e-05 -0.000423324 1 0.000590327 -7.74427e-05 -0.000590484 1 0.0853507 0.100051 -0.109229
FixedParameters: 0 0 0

#Transform 87
Transform: AffineTransform_float_3_3
Parameters: 1 0.00042269 6.9792e-05 -0.000421838 0.999999 0.000694087 -6.94927e-05 -0.000694176 1 0.0849966 0.0815758 -0.0916029
FixedParameters: 0 0 0

#Transform 88
Transform: AffineTransform_float_3_3
Parameters: 1 0.00061805 0.000684118 -0.000619445 0.999997 0.00209647 -0.000683045 -0.00209688 0.999998 0.0680379 0.0540126 -0.0985379
FixedParameters: 0 0 0

#Transform 89
Transform: AffineTransform_float_3_3
Parameters: 1 0.00020868 0.000537894 -0.000208633 1 -4.38464e-05 -0.000537912 4.36219e-05 1 0.0917384 0.143307 -0.16808
FixedParameters: 0 0 0

#Transform 90
Transform: AffineTransform_float_3_3
Parameters: 1 8.98179e-05 0.000459848 -9.03348e-05 1 0.000562029 -0.000459747 -0.000562112 0.999999 0.0947044 0.104099 -0.161726
FixedParameters: 0 0 0

#Transform 91
Transform: AffineTransform_float_3_3
Parameters: 0.999999 0.000319105 0.000879176 -0.000319866 0.999999 0.000954545 -0.000878931 -0.000953753 0.999999 0.076279 0.0787529 -0.079358
FixedParameters: 0 0 0

#Transform 92
Transform: AffineTransform_float_3_3
Parameters: 0.999999 0.000219764 0.000878398 -0.000220036 1 0.000691919 -0.000878396 -0.000691783 1 0.0679103 0.112016 -0.118291
FixedParameters: 0 0 0

#Transform 93
Transform: AffineTransform_float_3_3
Parameters: 0.999999 9.40566e-06 0.000796762 -1.11749e-05 0.999997 0.00274167 -0.000796518 -0.00274171 0.999996 0.0629599 0.116173 -0.00210281
FixedParameters: 0 0 0

#Transform 94
Transform: AffineTransform_float_3_3
Parameters: 1 0.000214191 0.000848353 -0.000214232 1 0.0011416 -0.000848437 -0.00114203 0.999999 0.0636302 0.110436 -0.0335761
FixedParameters: 0 0 0

#Transform 95
Transform: AffineTransform_float_3_3
Parameters: 0.999999 0.000200918 0.000776911 -0.00020178 0.999997 0.00221143 -0.000776851 -0.00221128 0.999997 0.0647026 0.0746558 -0.000544063
FixedParameters: 0 0 0

#Transform 96
Transform: AffineTransform_float_3_3
Parameters: 1 0.000249947 0.000934416 -0.000251988 0.999997 0.00247004 -0.000934006 -0.00247004 0.999997 0.0604221 0.187651 -0.0291273
FixedParameters: 0 0 0

#Transform 97
Transform: AffineTransform_float_3_3
Parameters: 1 -0.000146452 3.73429e-05 0.000146826 0.999931 0.0117211 -3.92314e-05 -0.0117206 0.999932 0.107637 0.0876768 0.296458
FixedParameters: 0 0 0

#Transform 98
Transform: AffineTransform_float_3_3
Parameters: 0.999999 -0.00086002 -0.000115149 0.000861212 0.999942 0.0107954 0.000106349 -0.0107956 0.999941 0.128473 0.0837558 0.281814
FixedParameters: 0 0 0

#Transform 99
Transform: AffineTransform_float_3_3
Parameters: 1 -1.95042e-06 -0.000768618 1.00482e-05 0.999946 0.0104186 0.00076785 -0.0104186 0.999946 0.113532 0.114783 0.259012
FixedParameters: 0 0 0

#Transform 100
Transform: AffineTransform_float_3_3
Parameters: 0.999999 5.44189e-05 0.00151838 -7.10648e-05 0.999942 0.0107744 -0.00151757 -0.0107746 0.999941 0.0437754 0.0645824 0.253181
FixedParameters: 0 0 0

#Transform 101
Transform: AffineTransform_float_3_3
Parameters: 1 0.000627076 0.000263783 -0.000629837 0.999945 0.0105043 -0.000257616 -0.0105044 0.999944 0.022377 0.0979625 0.266784
FixedParameters: 0 0 0

#Transform 102
Transform: AffineTransform_float_3_3
Parameters: 0.999999 0.000383063 0.000891835 -0.000391721 0.999951 0.00986741 -0.000887711 -0.00986796 0.999951 0.0437305 0.0714947 0.226283
FixedParameters: 0 0 0

#Transform 103
Transform: AffineTransform_float_3_3
Parameters: 1 0.000542061 0.00107342 -0.00055147 0.999955 0.00955031 -0.00106812 -0.00955147 0.999954 0.0342547 0.117348 0.170129
FixedParameters: 0 0 0

#Transform 104
Transform: AffineTransform_float_3_3
Parameters: 1 0.000646066 0.000369511 -0.000649366 0.99996 0.00891123 -0.000363859 -0.00891081 0.99996 0.0448128 0.0548268 0.125303
FixedParameters: 0 0 0

#Transform 105
Transform: AffineTransform_float_3_3
Parameters: 1 0.000699876 0.000567373 -0.000704617 0.999965 0.00837941 -0.000561859 -0.0083799 0.999964 0.0645533 0.0446685 0.148903
FixedParameters: 0 0 0

#Transform 106
Transform: AffineTransform_float_3_3
Parameters: 1 0.000525658 0.000525225 -0.000529503 0.999974 0.0071892 -0.000521268 -0.00719007 0.999974 0.0656062 0.107996 0.0784609
FixedParameters: 0 0 0

#Transform 107
Transform: AffineTransform_float_3_3
Parameters: 1 0.000108695 0.00081898 -0.000115366 0.999964 0.00852473 -0.000817811 -0.00852455 0.999964 0.0929749 0.0660644 0.145551
FixedParameters: 0 0 0

#Transform 108
Transform: AffineTransform_float_3_3
Parameters: 1 0.00050343 0.000480593 -0.000507349 0.999968 0.00791993 -0.000477359 -0.00792027 0.999969 0.0779095 0.0763471 0.12926
FixedParameters: 0 0 0

#Transform 109
Transform: AffineTransform_float_3_3
Parameters: 1 0.00053346 0.000338395 -0.000536517 0.999974 0.00719892 -0.000333747 -0.00719954 0.999974 0.0667639 0.116035 0.0845032
FixedParameters: 0 0 0

#Transform 110
Transform: AffineTransform_float_3_3
Parameters: 0.999999 0.000530003 0.000822585 -0.000537376 0.999961 0.00872599 -0.000818113 -0.00872622 0.999962 0.0531251 0.035614 0.14504
FixedParameters: 0 0 0

#Transform 111
Transform: AffineTransform_float_3_3
Parameters: 1 0.000319909 0.000497435 -0.000325604 0.999947 0.0102013 -0.000494111 -0.0102014 0.999948 0.0899002 0.103532 0.09075
FixedParameters: 0 0 0

#Transform 112
Transform: AffineTransform_float_3_3
Parameters: 1 0.000400068 0.000674276 -0.00040724 0.999949 0.0100114 -0.00067103 -0.0100119 0.999949 0.0866217 0.0645096 0.195537
FixedParameters: 0 0 0

#Transform 113
Transform: AffineTransform_float_3_3
Parameters: 1 0.000147799 0.000589531 -0.000153067 0.999959 0.00906988 -0.000588018 -0.0090711 0.999959 0.0922871 0.0846984 0.0868989
FixedParameters: 0 0 0

#Transform 114
Transform: AffineTransform_float_3_3
Parameters: 0.999999 0.000251811 0.00127751 -0.000264666 0.999951 0.00991416 -0.0012749 -0.0099141 0.99995 0.0595517 0.125465 0.1493
FixedParameters: 0 0 0

#Transform 115
Transform: AffineTransform_float_3_3
Parameters: 1 7.69754e-05 0.000671088 -8.41612e-05 0.999949 0.0101021 -0.000670165 -0.0101019 0.999948 0.0961272 0.0328206 0.151734
FixedParameters: 0 0 0

#Transform 116
Transform: AffineTransform_float_3_3
Parameters: 1 0.000512493 0.000283111 -0.000515054 0.999961 0.00891282 -0.000278563 -0.00891267 0.99996 0.0853009 0.114151 0.0756615
FixedParameters: 0 0 0

#Transform 117
Transform: AffineTransform_float_3_3
Parameters: 1 0.000299517 0.000396357 -0.000303032 0.999958 0.00916774 -0.000393711 -0.00916828 0.999958 0.0945641 0.0353764 0.116814
FixedParameters: 0 0 0

#Transform 118
Transform: AffineTransform_float_3_3
Parameters: 1 0.000398348 0.000141456 -0.000399294 0.999965 0.00838506 -0.000137879 -0.00838545 0.999965 0.090292 0.118214 0.0882763
FixedParameters: 0 0 0

#Transform 119
Transform: AffineTransform_float_3_3
Parameters: 1 0.000435087 3.968e-05 -0.000435407 0.999964 0.00849195 -3.50896e-05 -0.00849223 0.999964 0.0862771 0.108258 0.105933
FixedParameters: 0 0 0

#Transform 120
Transform: AffineTransform_float_3_3
Parameters: 1 0.00110007 -0.000355977 -0.00109688 0.999973 0.0073534 0.00036398 -0.00735373 0.999973 0.0761302 0.185717 0.0950048
FixedParameters: 0 0 0

#Transform 121
Transform: AffineTransform_float_3_3
Parameters: 0.999999 0.000844544 0.00155236 -0.000856801 0.99997 0.00780119 -0.00154535 -0.00780248 0.999968 0.0642977 0.0968515 0.13533
FixedParameters: 0 0 0

#Transform 122
Transform: AffineTransform_float_3_3
Parameters: 1 0.00014874 0.000757317 -0.000154315 0.999968 0.00804802 -0.000756317 -0.00804875 0.999968 0.104102 0.115378 0.0701163
FixedParameters: 0 0 0

#Transform 123
Transform: AffineTransform_float_3_3
Parameters: 1 0.00057441 0.000719486 -0.000579877 0.999972 0.00749218 -0.000715057 -0.00749256 0.999971 0.0947412 0.122216 0.0149654
FixedParameters: 0 0 0

#Transform 124
Transform: AffineTransform_float_3_3
Parameters: 0.999999 0.000476453 0.000834686 -0.000483611 0.999965 0.00831504 -0.000830356 -0.00831566 0.999965 0.0961784 0.101075 0.0223633
FixedParameters: 0 0 0

#Transform 125
Transform: AffineTransform_float_3_3
Parameters: 1 0.000568956 0.000647665 -0.000573663 0.999971 0.00763096 -0.000643158 -0.00763069 0.999971 0.0934585 0.153999 0.0162433
FixedParameters: 0 0 0

#Transform 126
Transform: AffineTransform_float_3_3
Parameters: 1 0.000638129 0.000294241 -0.000641117 0.999974 0.00718108 -0.000290021 -0.00718184 0.999974 0.0992375 0.111203 -0.0187832
FixedParameters: 0 0 0

#Transform 127
Transform: AffineTransform_float_3_3
Parameters: 1 0.000849683 7.0643e-05 -0.000850025 0.999974 0.00717358 -6.53264e-05 -0.0071742 0.999975 0.0799752 0.121456 0.0157602
FixedParameters: 0 0 0

#Transform 128
Transform: AffineTransform_float_3_3
Parameters: 0.999999 0.000651575 8.61658e-05 -0.000652335 0.999969 0.0077858 -8.08644e-05 -0.00778629 0.999969 0.0917342 0.0621204 -0.00181017
FixedParameters: 0 0 0

#Transform 129
Transform: AffineTransform_float_3_3
Parameters: 1 0.00087487 5.88159e-05 -0.000875074 0.999973 0.00723713 -5.30905e-05 -0.0072369 0.999973 0.0886199 0.132146 -0.00451049
FixedParameters: 0 0 0

#Transform 130
Transform: AffineTransform_float_3_3
Parameters: 0.999999 0.000570742 0.000114496 -0.000571966 0.999971 0.00771957 -0.000110588 -0.00771925 0.99997 0.10194 0.0803793 0.0138716
FixedParameters: 0 0 0

#Transform 131
Transform: AffineTransform_float_3_3
Parameters: 1 0.000753426 0.000120021 -0.000754832 0.999977 0.00687103 -0.000115401 -0.0068708 0.999977 0.100036 0.147748 0.00762896
FixedParameters: 0 0 0

#Transform 132
Transform: AffineTransform_float_3_3
Parameters: 1 0.000561563 -0.000266599 -0.00055947 0.999976 0.00699228 0.000270285 -0.00699199 0.999975 0.10307 0.0719363 -0.0351632
FixedParameters: 0 0 0

#Transform 133
Transform: AffineTransform_float_3_3
Parameters: 1 0.000696282 9.85742e-05 -0.000697562 0.999969 0.00783916 -9.35162e-05 -0.0078389 0.999969 0.100817 0.095695 0.00440125
FixedParameters: 0 0 0

#Transform 134
Transform: AffineTransform_float_3_3
Parameters: 0.999999 0.000883683 -0.000455481 -0.000881378 0.99998 0.00627123 0.000460992 -0.00627079 0.999981 0.100632 0.151864 -0.046559
FixedParameters: 0 0 0

#Transform 135
Transform: AffineTransform_float_3_3
Parameters: 0.999999 0.000905936 -0.000398042 -0.000903821 0.999972 0.00742687 0.000404867 -0.00742659 0.999973 0.100721 0.119973 0.0105582
FixedParameters: 0 0 0

#Transform 136
Transform: AffineTransform_float_3_3
Parameters: 0.999999 0.00115584 -0.000551024 -0.00115275 0.999978 0.00652239 0.000558652 -0.00652214 0.999978 0.0828196 0.183431 0.0380755
FixedParameters: 0 0 0

#Transform 137
Transform: AffineTransform_float_3_3
Parameters: 0.999999 0.0011261 -0.000758387 -0.00111987 0.999963 0.00848678 0.000768453 -0.0084862 0.999964 0.0786053 0.0330666 0.138085
FixedParameters: 0 0 0

#Transform 138
Transform: AffineTransform_float_3_3
Parameters: 1 0.0010073 -0.000847783 -0.00100168 0.999976 0.00691399 0.000855841 -0.00691319 0.999976 0.102005 0.162063 0.0232279
FixedParameters: 0 0 0

#Transform 139
Transform: AffineTransform_float_3_3
Parameters: 1 0.00098561 -0.000154057 -0.000984213 0.999964 0.00845113 0.000162147 -0.00845143 0.999965 0.0820034 0.11976 0.125524
FixedParameters: 0 0 0

#Transform 140
Transform: AffineTransform_float_3_3
Parameters: 0.999999 0.0010886 -0.000727772 -0.00108399 0.999976 0.00681162 0.000735473 -0.00681104 0.999976 0.0849111 0.138045 0.0562854
FixedParameters: 0 0 0

#Transform 141
Transform: AffineTransform_float_3_3
Parameters: 1 0.000994651 -0.000621828 -0.000989484 0.999964 0.00842729 0.000630121 -0.00842577 0.999964 0.084452 0.0896384 0.0825783
FixedParameters: 0 0 0

#Transform 142
Transform: AffineTransform_float_3_3
Parameters: 0.999999 0.00114015 -0.000692852 -0.00113525 0.999975 0.00700916 0.000700404 -0.00700728 0.999975 0.0801627 0.133562 0.066715
FixedParameters: 0 0 0

#Transform 143
Transform: AffineTransform_float_3_3
Parameters: 0.999999 0.00121768 -0.00113323 -0.00120809 0.999967 0.00800626 0.00114229 -0.00800553 0.999967 0.0856589 0.0882535 0.0695396
FixedParameters: 0 0 0

#Transform 144
Transform: AffineTransform_float_3_3
Parameters: 1 0.000944793 -0.000514797 -0.000940179 0.999963 0.00857008 0.000523215 -0.00856879 0.999963 0.0836427 0.136213 0.096266
FixedParameters: 0 0 0

#Transform 145
Transform: AffineTransform_float_3_3
Parameters: 0.999999 0.00109812 -0.000925102 -0.00109089 0.999974 0.0071475 0.000932764 -0.00714653 0.999974 0.0844064 0.168296 0.0558711
FixedParameters: 0 0 0

#Transform 146
Transform: AffineTransform_float_3_3
Parameters: 0.999999 0.000875339 -0.000525262 -0.000871276 0.999965 0.00823092 0.000533161 -0.00823042 0.999966 0.10254 0.103235 0.153738
FixedParameters: 0 0 0

#Transform 147
Transform: AffineTransform_float_3_3
Parameters: 0.999999 0.000854627 -0.00058481 -0.000850925 0.999969 0.00783679 0.000590898 -0.00783542 0.999969 0.0986034 0.177292 0.0938888
FixedParameters: 0 0 0

#Transform 148
Transform: AffineTransform_float_3_3
Parameters: 0.999999 0.000784165 -0.000615306 -0.000778898 0.999963 0.00857368 0.000621343 -0.00857321 0.999963 0.0914778 0.113718 0.110683
FixedParameters: 0 0 0

#Transform 149
Transform: AffineTransform_float_3_3
Parameters: 1 0.000994636 -0.000667695 -0.00098963 0.999972 0.00741509 0.0006751 -0.00741423 0.999973 0.0787923 0.133025 0.09202
FixedParameters: 0 0 0
