# transform file /out/sourcedata/freesurfer/sub-v1s17x0050242_ses-1/mri/transforms/cc_up.lta
# created by oesteban on Mon Mar  9 02:21:04 2026

type      = 0 # LINEAR_VOX_TO_VOX
nxforms   = 1
mean      = 129.0000 111.0000 105.0000
sigma     = 10000.0000
1 4 4
9.999929666519165e-01 -5.374434986151755e-04 -3.716800594702363e-03 -1.822353303432465e-01 
5.374397733248770e-04 9.999998807907104e-01 -1.997570507228374e-06 3.593109893798828e+01 
3.716801293194294e-03 0.000000000000000e+00 9.999931454658508e-01 2.452267456054688e+01 
0.000000000000000e+00 0.000000000000000e+00 0.000000000000000e+00 1.000000000000000e+00 
src volume info
valid = 1  # volume info valid
filename = /out/sourcedata/freesurfer/sub-v1s17x0050242_ses-1/mri/norm.mgz
volume = 256 256 256
voxelsize = 1.000000000000000e+00 1.000000000000000e+00 1.000000000000000e+00
xras   = -1.000000119209290e+00 5.093170329928398e-11 1.862645149230957e-09
yras   = 1.862645149230957e-09 -5.820766091346741e-11 -1.000000119209290e+00
zras   = 6.184563972055912e-11 1.000000119209290e+00 0.000000000000000e+00
cras   = 1.521873474121094e+00 4.190399169921875e+00 -1.303922271728516e+01
dst volume info
valid = 1  # volume info valid
filename = /out/sourcedata/freesurfer/sub-v1s17x0050242_ses-1/mri/norm.mgz
volume = 256 256 256
voxelsize = 1.000000000000000e+00 1.000000000000000e+00 1.000000000000000e+00
xras   = -1.000000119209290e+00 5.093170329928398e-11 1.862645149230957e-09
yras   = 1.862645149230957e-09 -5.820766091346741e-11 -1.000000119209290e+00
zras   = 6.184563972055912e-11 1.000000119209290e+00 0.000000000000000e+00
cras   = 1.521873474121094e+00 4.190399169921875e+00 -1.303922271728516e+01
