type      = 1 # LINEAR_RAS_TO_RAS
nxforms   = 1
mean      = 0.0000 0.0000 0.0000
sigma     = 1.0000
1 4 4
1.020648002624512e+00 4.588000010699034e-03 -2.993799932301044e-02 -3.476789891719818e-01 
1.640300080180168e-02 1.053478956222534e+00 1.369370073080063e-01 -9.465259909629822e-01 
4.900999832898378e-03 -5.330200120806694e-02 1.063673973083496e+00 -2.371764898300171e+00 
0.000000000000000e+00 0.000000000000000e+00 0.000000000000000e+00 1.000000000000000e+00 
src volume info
valid = 1  # volume info valid
filename = /out/sourcedata/freesurfer/sub-v1s17x0050242_ses-1/mri/orig_nu.mgz
volume = 256 256 256
voxelsize = 1.000000000000000e+00 1.000000000000000e+00 1.000000000000000e+00
xras   = -1.000000119209290e+00 5.093170329928398e-11 1.862645149230957e-09
yras   = 1.862645149230957e-09 -5.820766091346741e-11 -1.000000119209290e+00
zras   = 6.184563972055912e-11 1.000000119209290e+00 0.000000000000000e+00
cras   = 1.521873474121094e+00 4.190399169921875e+00 -1.303922271728516e+01
dst volume info
valid = 1  # volume info valid
filename = /opt/freesurfer/average/mni305.cor.mgz
volume = 256 256 256
voxelsize = 1.000000000000000e+00 1.000000000000000e+00 1.000000000000000e+00
xras   = -1.000000000000000e+00 0.000000000000000e+00 0.000000000000000e+00
yras   = 0.000000000000000e+00 0.000000000000000e+00 -1.000000000000000e+00
zras   = 0.000000000000000e+00 1.000000000000000e+00 0.000000000000000e+00
cras   = 0.000000000000000e+00 0.000000000000000e+00 0.000000000000000e+00
subject fsaverage
fscale 0.100000
