type      = 0 # LINEAR_VOX_TO_VOX
nxforms   = 1
mean      = 0.0000 0.0000 0.0000
sigma     = 1.0000
1 4 4
1.020648121833801e+00 -2.993800491094589e-02 -4.588000476360321e-03 1.611709594726562e-01 
4.900998435914516e-03 1.063674092292786e+00 5.330200865864754e-02 8.568725585937500e-01 
-1.640300266444683e-02 -1.369370222091675e-01 1.053479075431824e+00 1.448957061767578e+01 
0.000000000000000e+00 0.000000000000000e+00 0.000000000000000e+00 1.000000000000000e+00 
src volume info
valid = 1  # volume info valid
filename = /out/sourcedata/freesurfer/sub-v1s17x0050242_ses-1/mri/orig.mgz
volume = 256 256 256
voxelsize = 1.000000000000000e+00 1.000000000000000e+00 1.000000000000000e+00
xras   = -1.000000119209290e+00 5.093170329928398e-11 1.862645149230957e-09
yras   = 1.862645149230957e-09 -5.820766091346741e-11 -1.000000119209290e+00
zras   = 6.184563972055912e-11 1.000000119209290e+00 0.000000000000000e+00
cras   = 1.521873474121094e+00 4.190399169921875e+00 -1.303922271728516e+01
dst volume info
valid = 1  # volume info valid
filename = /opt/freesurfer/average/mni305.cor.mgz
volume = 256 256 256
voxelsize = 1.000000000000000e+00 1.000000000000000e+00 1.000000000000000e+00
xras   = -1.000000000000000e+00 0.000000000000000e+00 0.000000000000000e+00
yras   = 0.000000000000000e+00 0.000000000000000e+00 -1.000000000000000e+00
zras   = 0.000000000000000e+00 1.000000000000000e+00 0.000000000000000e+00
cras   = 0.000000000000000e+00 0.000000000000000e+00 0.000000000000000e+00
subject fsaverage
fscale 0.100000
