# transform file transforms/talairach.lta
# created by oesteban on Mon Mar  9 01:26:59 2026

type      = 0 # LINEAR_VOX_TO_VOX
nxforms   = 1
mean      = 129.0000 111.0000 106.0000
sigma     = 10000.0000
1 4 4
9.623360037803650e-01 -3.479590639472008e-02 -1.983169000595808e-03 5.893968582153320e+00 
3.283419832587242e-02 1.107797622680664e+00 6.313817203044891e-02 -7.430743694305420e+00 
0.000000000000000e+00 -7.794266939163208e-02 1.034065485000610e+00 9.640851020812988e+00 
0.000000000000000e+00 0.000000000000000e+00 0.000000000000000e+00 1.000000000000000e+00 
src volume info
valid = 1  # volume info valid
filename = nu.mgz
volume = 256 256 256
voxelsize = 1.000000000000000e+00 1.000000000000000e+00 1.000000000000000e+00
xras   = -1.000000119209290e+00 5.093170329928398e-11 1.862645149230957e-09
yras   = 1.862645149230957e-09 -5.820766091346741e-11 -1.000000119209290e+00
zras   = 6.184563972055912e-11 1.000000119209290e+00 0.000000000000000e+00
cras   = 1.521873474121094e+00 4.190399169921875e+00 -1.303922271728516e+01
dst volume info
valid = 1  # volume info valid
filename = /opt/freesurfer/average/RB_all_2020-01-02.gca
volume = 256 256 256
voxelsize = 1.000000000000000e+00 1.000000000000000e+00 1.000000000000000e+00
xras   = -1.000000000000000e+00 0.000000000000000e+00 0.000000000000000e+00
yras   = 0.000000000000000e+00 0.000000000000000e+00 -1.000000000000000e+00
zras   = 0.000000000000000e+00 1.000000000000000e+00 0.000000000000000e+00
cras   = 0.000000000000000e+00 0.000000000000000e+00 0.000000000000000e+00
