# transform file /out/sourcedata/freesurfer/sub-v1s17x0050264_ses-1/mri/transforms/cc_up.lta
# created by oesteban on Mon Mar  9 04:21:45 2026

type      = 0 # LINEAR_VOX_TO_VOX
nxforms   = 1
mean      = 129.0000 109.0000 108.0000
sigma     = 10000.0000
1 4 4
9.976124763488770e-01 6.904941797256470e-02 -1.158216851763427e-03 -8.507353782653809e+00 
-6.904937326908112e-02 9.976131916046143e-01 8.016554784262553e-05 5.124254608154297e+01 
1.160987885668874e-03 -7.275956746821688e-12 9.999992847442627e-01 2.584797477722168e+01 
0.000000000000000e+00 0.000000000000000e+00 0.000000000000000e+00 1.000000000000000e+00 
src volume info
valid = 1  # volume info valid
filename = /out/sourcedata/freesurfer/sub-v1s17x0050264_ses-1/mri/norm.mgz
volume = 256 256 256
voxelsize = 1.000000000000000e+00 1.000000000000000e+00 1.000000000000000e+00
xras   = -1.000000000000000e+00 0.000000000000000e+00 0.000000000000000e+00
yras   = -7.450580596923828e-09 0.000000000000000e+00 -1.000000000000000e+00
zras   = -5.820766091346741e-11 1.000000000000000e+00 9.313225746154785e-10
cras   = 9.621887207031250e-01 2.652565002441406e+00 -2.021211242675781e+01
dst volume info
valid = 1  # volume info valid
filename = /out/sourcedata/freesurfer/sub-v1s17x0050264_ses-1/mri/norm.mgz
volume = 256 256 256
voxelsize = 1.000000000000000e+00 1.000000000000000e+00 1.000000000000000e+00
xras   = -1.000000000000000e+00 0.000000000000000e+00 0.000000000000000e+00
yras   = -7.450580596923828e-09 0.000000000000000e+00 -1.000000000000000e+00
zras   = -5.820766091346741e-11 1.000000000000000e+00 9.313225746154785e-10
cras   = 9.621887207031250e-01 2.652565002441406e+00 -2.021211242675781e+01
