type      = 0 # LINEAR_VOX_TO_VOX
nxforms   = 1
mean      = 0.0000 0.0000 0.0000
sigma     = 1.0000
1 4 4
1.154685974121094e+00 6.613200902938843e-02 -7.861999794840813e-03 -2.843183898925781e+01 
-5.816600099205971e-02 1.080029010772705e+00 3.668229877948761e-01 -1.901208496093750e+01 
3.810599818825722e-02 -3.981179893016815e-01 9.846199750900269e-01 4.256751251220703e+01 
0.000000000000000e+00 0.000000000000000e+00 0.000000000000000e+00 1.000000000000000e+00 
src volume info
valid = 1  # volume info valid
filename = /out/sourcedata/freesurfer/sub-v1s17x0050264_ses-1/mri/orig.mgz
volume = 256 256 256
voxelsize = 1.000000000000000e+00 1.000000000000000e+00 1.000000000000000e+00
xras   = -1.000000000000000e+00 0.000000000000000e+00 0.000000000000000e+00
yras   = -7.450580596923828e-09 0.000000000000000e+00 -1.000000000000000e+00
zras   = -5.820766091346741e-11 1.000000000000000e+00 9.313225746154785e-10
cras   = 9.621887207031250e-01 2.652565002441406e+00 -2.021211242675781e+01
dst volume info
valid = 1  # volume info valid
filename = /opt/freesurfer/average/mni305.cor.mgz
volume = 256 256 256
voxelsize = 1.000000000000000e+00 1.000000000000000e+00 1.000000000000000e+00
xras   = -1.000000000000000e+00 0.000000000000000e+00 0.000000000000000e+00
yras   = 0.000000000000000e+00 0.000000000000000e+00 -1.000000000000000e+00
zras   = 0.000000000000000e+00 1.000000000000000e+00 0.000000000000000e+00
cras   = 0.000000000000000e+00 0.000000000000000e+00 0.000000000000000e+00
subject fsaverage
fscale 0.100000
