# transform file transforms/talairach.lta
# created by oesteban on Mon Mar  9 02:53:31 2026

type      = 0 # LINEAR_VOX_TO_VOX
nxforms   = 1
mean      = 129.0000 109.0000 108.0000
sigma     = 10000.0000
1 4 4
1.076183319091797e+00 9.217381477355957e-02 3.078725747764111e-02 -2.438442993164062e+01 
-8.545483648777008e-02 1.073852300643921e+00 2.897078096866608e-01 -7.183898925781250e+00 
4.359519109129906e-03 -2.417269647121429e-01 9.118127822875977e-01 3.899857330322266e+01 
0.000000000000000e+00 0.000000000000000e+00 0.000000000000000e+00 1.000000000000000e+00 
src volume info
valid = 1  # volume info valid
filename = nu.mgz
volume = 256 256 256
voxelsize = 1.000000000000000e+00 1.000000000000000e+00 1.000000000000000e+00
xras   = -1.000000000000000e+00 0.000000000000000e+00 0.000000000000000e+00
yras   = -7.450580596923828e-09 0.000000000000000e+00 -1.000000000000000e+00
zras   = -5.820766091346741e-11 1.000000000000000e+00 9.313225746154785e-10
cras   = 9.621887207031250e-01 2.652565002441406e+00 -2.021211242675781e+01
dst volume info
valid = 1  # volume info valid
filename = /opt/freesurfer/average/RB_all_2020-01-02.gca
volume = 256 256 256
voxelsize = 1.000000000000000e+00 1.000000000000000e+00 1.000000000000000e+00
xras   = -1.000000000000000e+00 0.000000000000000e+00 0.000000000000000e+00
yras   = 0.000000000000000e+00 0.000000000000000e+00 -1.000000000000000e+00
zras   = 0.000000000000000e+00 1.000000000000000e+00 0.000000000000000e+00
cras   = 0.000000000000000e+00 0.000000000000000e+00 0.000000000000000e+00
