#Insight Transform File V1.0
#Transform 0
Transform: AffineTransform_float_3_3
Parameters: 0.999983 0.00585719 0.000474335 -0.00585096 0.999904 -0.0125835 -0.000548429 0.0125807 0.999921 -0.253877 0.141598 -0.171707
FixedParameters: 0 0 0

#Transform 1
Transform: AffineTransform_float_3_3
Parameters: 0.999975 0.00702492 0.000507978 -0.00702785 0.999947 0.00759897 -0.000454332 -0.00760204 0.999971 -0.240899 -0.148186 0.499452
FixedParameters: 0 0 0

#Transform 2
Transform: AffineTransform_float_3_3
Parameters: 0.999964 0.00845079 -0.000424417 -0.00844565 0.999889 0.0122599 0.000527592 -0.0122551 0.999925 -0.270703 -0.174307 0.694205
FixedParameters: 0 0 0

#Transform 3
Transform: AffineTransform_float_3_3
Parameters: 0.999958 0.00917964 -0.000558376 -0.00917064 0.999861 0.0139605 0.000686878 -0.013955 0.999902 -0.286905 -0.221466 0.736558
FixedParameters: 0 0 0

#Transform 4
Transform: AffineTransform_float_3_3
Parameters: 0.999959 0.00903551 -0.000403611 -0.00902856 0.99985 0.0147903 0.000537331 -0.0147862 0.999891 -0.283937 -0.211467 0.786628
FixedParameters: 0 0 0

#Transform 5
Transform: AffineTransform_float_3_3
Parameters: 0.999953 0.00940752 -0.00232354 -0.00938929 0.999925 0.00789101 0.00239801 -0.00786889 0.999966 -0.356513 0.162166 -0.660869
FixedParameters: 0 0 0

#Transform 6
Transform: AffineTransform_float_3_3
Parameters: 0.999955 0.0092165 -0.00224892 -0.00920205 0.999937 0.00636423 0.00230738 -0.00634312 0.999978 -0.358972 0.0729211 -0.520882
FixedParameters: 0 0 0

#Transform 7
Transform: AffineTransform_float_3_3
Parameters: 0.999954 0.00919607 -0.00294783 -0.0091809 0.999945 0.00505136 0.00299415 -0.00502362 0.999983 -0.349371 -0.0074493 -0.219213
FixedParameters: 0 0 0

#Transform 8
Transform: AffineTransform_float_3_3
Parameters: 0.99995 0.00945426 -0.00328492 -0.00943796 0.999943 0.00506236 0.00333287 -0.00503068 0.999982 -0.364138 -0.047344 -0.159331
FixedParameters: 0 0 0

#Transform 9
Transform: AffineTransform_float_3_3
Parameters: 0.999949 0.00955738 -0.0033 -0.009538 0.999937 0.00593819 0.00335585 -0.00590622 0.999977 -0.361072 -0.0430982 -0.100691
FixedParameters: 0 0 0

#Transform 10
Transform: AffineTransform_float_3_3
Parameters: 0.999949 0.00943479 -0.00358254 -0.00941767 0.999943 0.00496079 0.00362999 -0.00492756 0.999981 -0.35937 -0.0391447 -0.146476
FixedParameters: 0 0 0

#Transform 11
Transform: AffineTransform_float_3_3
Parameters: 0.99997 0.00687279 -0.00353124 -0.00687092 0.999977 0.000297738 0.00353335 -0.000272968 0.999993 -0.277082 0.0154008 -0.265056
FixedParameters: 0 0 0

#Transform 12
Transform: AffineTransform_float_3_3
Parameters: 0.999986 0.00387954 -0.00357807 -0.00387575 0.999992 0.000913789 0.00358158 -0.000900313 0.999993 -0.146798 0.00450996 -0.239992
FixedParameters: 0 0 0

#Transform 13
Transform: AffineTransform_float_3_3
Parameters: 0.999984 0.00482728 -0.00275703 -0.00482528 0.999988 0.000648394 0.00276064 -0.000635397 0.999996 -0.195368 0.025045 -0.217144
FixedParameters: 0 0 0

#Transform 14
Transform: AffineTransform_float_3_3
Parameters: 0.99998 0.00604791 -0.00187393 -0.00604987 0.999982 -0.00101768 0.0018678 0.00102891 0.999997 -0.249974 0.0585112 -0.17989
FixedParameters: 0 0 0

#Transform 15
Transform: AffineTransform_float_3_3
Parameters: 0.999989 0.00429224 -0.0021256 -0.00429446 0.999991 -0.000870142 0.00212268 0.000879929 0.999998 -0.17588 0.0696234 -0.209678
FixedParameters: 0 0 0

#Transform 16
Transform: AffineTransform_float_3_3
Parameters: 0.999983 0.00540841 -0.00207662 -0.00540872 0.999986 -0.000244267 0.0020761 0.000255762 0.999998 -0.210122 0.0537966 -0.227614
FixedParameters: 0 0 0

#Transform 17
Transform: AffineTransform_float_3_3
Parameters: 0.999991 -0.000235546 0.00424097 0.000304444 0.999866 -0.0163601 -0.00423668 0.0163617 0.999858 -0.0540286 0.0974648 -0.922864
FixedParameters: 0 0 0

#Transform 18
Transform: AffineTransform_float_3_3
Parameters: 0.999996 0.00163966 0.00197405 -0.00162868 0.999985 -0.00534678 -0.00198336 0.00534364 0.999984 -0.194184 0.0885019 -0.253927
FixedParameters: 0 0 0

#Transform 19
Transform: AffineTransform_float_3_3
Parameters: 0.999997 0.00226157 0.00086526 -0.0022628 0.999997 0.000883137 -0.000863348 -0.000884549 1 -0.118322 -0.0571951 0.0423186
FixedParameters: 0 0 0

#Transform 20
Transform: AffineTransform_float_3_3
Parameters: 1 -0.000661078 -2.76448e-06 0.000661364 1 0.000177668 3.48481e-06 -0.000177652 1 -0.00573317 0.0512004 0.0314547
FixedParameters: 0 0 0

#Transform 21
Transform: AffineTransform_float_3_3
Parameters: 0.999994 0.00320114 0.00112825 -0.0032004 0.999995 -0.000685668 -0.00113102 0.000682342 0.999999 -0.15629 -0.0680513 0.0400281
FixedParameters: 0 0 0

#Transform 22
Transform: AffineTransform_float_3_3
Parameters: 0.99999 0.00450826 -0.000736358 -0.00451299 0.999967 -0.00675758 0.00070638 0.00676107 0.999977 -0.141201 0.00731756 -0.00597946
FixedParameters: 0 0 0

#Transform 23
Transform: AffineTransform_float_3_3
Parameters: 0.999998 0.000655794 -0.00188206 -0.000721663 0.999378 -0.0352689 0.00185785 0.0352702 0.999376 -0.212121 -0.27276 -1.35072
FixedParameters: 0 0 0

#Transform 24
Transform: AffineTransform_float_3_3
Parameters: 0.999988 0.00441076 -0.00202354 -0.00435546 0.999643 0.0263868 0.00213933 -0.0263778 0.99965 -0.162265 -0.101748 0.877117
FixedParameters: 0 0 0

#Transform 25
Transform: AffineTransform_float_3_3
Parameters: 0.999859 -0.0163525 0.0039938 0.0162485 0.999565 0.0245972 -0.0043943 -0.0245286 0.99969 0.356505 -0.261821 0.624962
FixedParameters: 0 0 0

#Transform 26
Transform: AffineTransform_float_3_3
Parameters: 0.999962 -0.00813982 0.00302839 0.00811891 0.999943 0.00687988 -0.00308448 -0.00685582 0.999971 0.197679 -0.100867 0.263994
FixedParameters: 0 0 0

#Transform 27
Transform: AffineTransform_float_3_3
Parameters: 0.999951 -0.00934771 0.00343881 0.00934503 0.999956 0.000762421 -0.00344533 -0.000730406 0.999994 0.198476 -0.0165075 0.0273421
FixedParameters: 0 0 0

#Transform 28
Transform: AffineTransform_float_3_3
Parameters: 0.999934 -0.0110296 0.00311938 0.0110382 0.999935 -0.00296795 -0.00308647 0.00300224 0.999991 0.241571 0.0167139 -0.0565094
FixedParameters: 0 0 0

#Transform 29
Transform: AffineTransform_float_3_3
Parameters: 0.999979 -0.0061398 0.00217841 0.00614451 0.999979 -0.00224006 -0.00216451 0.0022532 0.999995 0.131058 -0.00207032 -0.0396758
FixedParameters: 0 0 0

#Transform 30
Transform: AffineTransform_float_3_3
Parameters: 0.999988 -0.00474471 0.00151601 0.00475048 0.99998 -0.00420169 -0.00149571 0.00420949 0.99999 0.0929036 0.0272221 -0.1404
FixedParameters: 0 0 0

#Transform 31
Transform: AffineTransform_float_3_3
Parameters: 0.999988 -0.0044183 0.00214416 0.0044307 0.999975 -0.00553358 -0.00211935 0.00554296 0.999983 0.0553449 0.0236413 -0.209365
FixedParameters: 0 0 0

#Transform 32
Transform: AffineTransform_float_3_3
Parameters: 0.999989 -0.00414396 0.0019645 0.00415651 0.999973 -0.00620533 -0.00193853 0.00621423 0.999979 0.05022 0.0295491 -0.270326
FixedParameters: 0 0 0

#Transform 33
Transform: AffineTransform_float_3_3
Parameters: 0.999988 -0.00439414 0.00185259 0.0044072 0.999968 -0.00671585 -0.00182231 0.00672415 0.999976 0.0590951 0.049127 -0.293447
FixedParameters: 0 0 0

#Transform 34
Transform: AffineTransform_float_3_3
Parameters: 0.999992 -0.00385638 0.00153824 0.00386671 0.999967 -0.00703762 -0.00151111 0.0070432 0.999974 0.0487012 0.048529 -0.275676
FixedParameters: 0 0 0

#Transform 35
Transform: AffineTransform_float_3_3
Parameters: 0.999992 -0.00372047 0.00109897 0.00372838 0.999971 -0.00663474 -0.00107497 0.00663851 0.999977 0.0419884 0.0576028 -0.301617
FixedParameters: 0 0 0

#Transform 36
Transform: AffineTransform_float_3_3
Parameters: 0.999989 -0.00432748 0.0014338 0.00433735 0.999966 -0.00704866 -0.00140329 0.00705534 0.999974 0.0689303 0.043472 -0.302065
FixedParameters: 0 0 0

#Transform 37
Transform: AffineTransform_float_3_3
Parameters: 0.99999 -0.00416777 0.00103079 0.00417276 0.999977 -0.00527597 -0.00100954 0.00528049 0.999986 0.0480871 0.0725033 -0.252978
FixedParameters: 0 0 0

#Transform 38
Transform: AffineTransform_float_3_3
Parameters: 0.999996 -0.00142736 -0.00242705 0.00161243 0.996965 0.0778272 0.00230878 -0.0778302 0.996964 0.146042 -0.537918 2.12375
FixedParameters: 0 0 0

#Transform 39
Transform: AffineTransform_float_3_3
Parameters: 0.999995 -0.00172121 0.00267483 0.00166183 0.999749 0.0223312 -0.0027131 -0.0223268 0.999747 0.0313207 -0.208844 0.583127
FixedParameters: 0 0 0

#Transform 40
Transform: AffineTransform_float_3_3
Parameters: 0.999984 -0.000583882 0.00560726 0.000473133 0.999805 0.0196999 -0.0056179 -0.0196967 0.99979 -0.124421 0.677918 -1.90769
FixedParameters: 0 0 0

#Transform 41
Transform: AffineTransform_float_3_3
Parameters: 0.99999 0.00425777 0.00131893 -0.00429596 0.999518 0.0307239 -0.00118676 -0.0307291 0.999527 -0.309688 0.0686582 -0.0430276
FixedParameters: 0 0 0

#Transform 42
Transform: AffineTransform_float_3_3
Parameters: 0.999996 0.00244984 0.00113325 -0.00247729 0.999699 0.0244034 -0.00107296 -0.024406 0.999702 -0.140865 -0.05052 0.286253
FixedParameters: 0 0 0

#Transform 43
Transform: AffineTransform_float_3_3
Parameters: 0.999994 0.00262295 0.00203922 -0.00265921 0.999832 0.0181482 -0.00199153 -0.0181542 0.999833 -0.124643 -0.0229415 0.087929
FixedParameters: 0 0 0

#Transform 44
Transform: AffineTransform_float_3_3
Parameters: 0.999996 0.00177132 0.00227535 -0.00179963 0.999922 0.0123661 -0.00225397 -0.0123703 0.999922 -0.106858 0.0297494 -0.119975
FixedParameters: 0 0 0

#Transform 45
Transform: AffineTransform_float_3_3
Parameters: 0.999997 0.00171069 0.00196053 -0.00172958 0.999951 0.00971138 -0.00194385 -0.00971559 0.999951 -0.104786 0.0604104 -0.0900252
FixedParameters: 0 0 0

#Transform 46
Transform: AffineTransform_float_3_3
Parameters: 0.999988 -0.000120555 0.00492884 0.000110947 0.999998 0.00186451 -0.00492885 -0.00186424 0.999987 -0.0185395 0.0794161 -0.370884
FixedParameters: 0 0 0

#Transform 47
Transform: AffineTransform_float_3_3
Parameters: 0.999991 -0.000596492 0.00404664 0.00058785 0.999998 0.00206583 -0.00404742 -0.00206383 0.99999 -0.0141809 0.131467 -0.364554
FixedParameters: 0 0 0

#Transform 48
Transform: AffineTransform_float_3_3
Parameters: 0.999994 -0.000298272 0.00345761 0.000291402 0.999998 0.00178596 -0.0034583 -0.00178431 0.999993 -0.0395949 0.121462 -0.333024
FixedParameters: 0 0 0

#Transform 49
Transform: AffineTransform_float_3_3
Parameters: 0.999988 -0.000620727 0.00472295 0.000628508 0.999999 -0.00149162 -0.00472233 0.00149497 0.999988 -0.0168386 0.0561354 -0.61523
FixedParameters: 0 0 0

#Transform 50
Transform: AffineTransform_float_3_3
Parameters: 0.999986 -0.000495738 0.00544672 0.000527601 0.999983 -0.00584949 -0.00544388 0.00585237 0.999968 -0.0391925 0.287562 -1.72606
FixedParameters: 0 0 0

#Transform 51
Transform: AffineTransform_float_3_3
Parameters: 0.999992 -0.0003182 0.00380587 0.000312796 0.999999 0.00143724 -0.00380635 -0.00143607 0.999991 -0.0710137 0.179125 -0.327345
FixedParameters: 0 0 0

#Transform 52
Transform: AffineTransform_float_3_3
Parameters: 0.999998 -0.000122141 0.00199249 0.000108878 0.99998 0.00630815 -0.00199285 -0.00630696 0.999978 -0.0102476 -0.0873152 0.0911388
FixedParameters: 0 0 0

#Transform 53
Transform: AffineTransform_float_3_3
Parameters: 0.999996 0.00021482 0.00272311 -0.000229126 0.999987 0.00503756 -0.00272264 -0.00503832 0.999983 -0.0351348 0.0929567 -0.098013
FixedParameters: 0 0 0

#Transform 54
Transform: AffineTransform_float_3_3
Parameters: 0.999998 0.0005818 0.00226252 -0.000588942 0.999996 0.00283684 -0.00226122 -0.00283849 0.999994 -0.0445392 0.154657 -0.185787
FixedParameters: 0 0 0

#Transform 55
Transform: AffineTransform_float_3_3
Parameters: 0.999999 0.000939629 0.00158193 -0.000947498 0.999987 0.00503944 -0.00157682 -0.00504077 0.999986 -0.0273587 0.0465002 -0.142716
FixedParameters: 0 0 0

#Transform 56
Transform: AffineTransform_float_3_3
Parameters: 0.999996 0.00217498 -0.00156501 -0.00214991 0.999869 0.0160543 0.00159952 -0.0160509 0.99987 -0.0832312 0.447031 -1.23949
FixedParameters: 0 0 0

#Transform 57
Transform: AffineTransform_float_3_3
Parameters: 0.999997 -0.00143275 -0.00203139 0.00144131 0.99999 0.0042507 0.00202521 -0.00425346 0.999989 -0.0545534 0.209746 -0.918885
FixedParameters: 0 0 0

#Transform 58
Transform: AffineTransform_float_3_3
Parameters: 0.999994 -6.8565e-05 -0.00342147 6.28095e-05 0.999998 -0.00149869 0.0034224 0.00149865 0.999992 -0.0543734 0.0880036 -0.383231
FixedParameters: 0 0 0

#Transform 59
Transform: AffineTransform_float_3_3
Parameters: 0.999998 -0.00206486 -0.000145523 0.00205473 0.998716 -0.0506062 0.000249263 0.0506057 0.998718 -0.115557 0.272969 -2.49265
FixedParameters: 0 0 0

#Transform 60
Transform: AffineTransform_float_3_3
Parameters: 0.999996 0.00145745 -0.00267614 -0.00153242 0.999599 -0.0282638 0.00263351 0.0282677 0.999597 -0.2158 -0.0388426 -1.63204
FixedParameters: 0 0 0

#Transform 61
Transform: AffineTransform_float_3_3
Parameters: 0.999998 -0.000356597 -0.00183197 0.000268308 0.998828 -0.0484124 0.00184777 0.0484123 0.998825 -0.150228 0.220488 -2.28199
FixedParameters: 0 0 0

#Transform 62
Transform: AffineTransform_float_3_3
Parameters: 0.999999 0.00103736 -0.00148903 -0.00109109 0.999315 -0.0370006 0.00144977 0.0370019 0.999314 -0.193243 0.506939 -1.69778
FixedParameters: 0 0 0

#Transform 63
Transform: AffineTransform_float_3_3
Parameters: 0.99999 0.00199917 0.00390076 -0.00216737 0.999049 0.0435502 -0.00381013 -0.0435583 0.999043 -0.00623133 -0.0724541 1.0123
FixedParameters: 0 0 0

#Transform 64
Transform: AffineTransform_float_3_3
Parameters: 0.999971 -0.000221288 0.00769065 -0.000135043 0.998928 0.0463071 -0.00769262 -0.0463068 0.998897 0.0810687 -0.114274 0.784605
FixedParameters: 0 0 0

#Transform 65
Transform: AffineTransform_float_3_3
Parameters: 0.999951 0.000682526 0.00987727 -0.00106101 0.999265 0.038316 -0.00984411 -0.0383249 0.999217 -0.00212516 -0.131425 0.540079
FixedParameters: 0 0 0

#Transform 66
Transform: AffineTransform_float_3_3
Parameters: 0.999959 0.000845697 0.00897088 -0.00116983 0.999345 0.0361862 -0.0089344 -0.0361951 0.999304 -0.0209617 -0.132511 0.521476
FixedParameters: 0 0 0

#Transform 67
Transform: AffineTransform_float_3_3
Parameters: 0.999963 0.00171454 0.00845893 -0.00201933 0.999345 0.0361202 -0.00839101 -0.0361355 0.999312 -0.0428476 -0.16803 0.532242
FixedParameters: 0 0 0

#Transform 68
Transform: AffineTransform_float_3_3
Parameters: 0.999965 0.00189469 0.00808188 -0.00216547 0.999432 0.0336381 -0.00801424 -0.0336552 0.999401 -0.050686 -0.120463 0.473845
FixedParameters: 0 0 0

#Transform 69
Transform: AffineTransform_float_3_3
Parameters: 0.999981 0.000190493 0.00616227 -0.000285812 0.99988 0.0154935 -0.00615851 -0.015495 0.999861 -0.00145223 -0.149298 0.086902
FixedParameters: 0 0 0

#Transform 70
Transform: AffineTransform_float_3_3
Parameters: 0.999975 0.002242 0.00661806 -0.00232493 0.999919 0.0125221 -0.00658872 -0.012537 0.9999 -0.065562 0.103083 0.115709
FixedParameters: 0 0 0

#Transform 71
Transform: AffineTransform_float_3_3
Parameters: 0.999991 0.00282278 0.00290924 -0.00293285 0.999256 0.0384414 -0.00279773 -0.0384502 0.999256 -0.105928 0.170674 0.202562
FixedParameters: 0 0 0

#Transform 72
Transform: AffineTransform_float_3_3
Parameters: 0.999988 0.000186086 -0.00491453 -4.97064e-05 0.999614 0.027788 0.00491739 -0.0277873 0.999602 0.016834 0.187546 -0.6497
FixedParameters: 0 0 0

#Transform 73
Transform: AffineTransform_float_3_3
Parameters: 0.999986 0.000584719 -0.00514769 -0.000464963 0.99973 0.0232198 0.00516012 -0.0232177 0.999717 0.0348039 0.0600275 -0.549552
FixedParameters: 0 0 0

#Transform 74
Transform: AffineTransform_float_3_3
Parameters: 0.999991 0.000336484 -0.00420498 -0.000286556 0.999931 0.0117254 0.00420881 -0.011724 0.999922 0.000800686 0.1892 -0.578803
FixedParameters: 0 0 0

#Transform 75
Transform: AffineTransform_float_3_3
Parameters: 0.999994 0.000370829 -0.00370395 -0.000336681 0.999958 0.00922863 0.00370693 -0.00922706 0.99995 -0.00667491 0.236432 -0.615429
FixedParameters: 0 0 0

#Transform 76
Transform: AffineTransform_float_3_3
Parameters: 0.999996 0.00133896 -0.0025211 -0.00132094 0.999975 0.00696982 0.00253043 -0.00696578 0.999973 -0.0644859 0.260688 -0.782372
FixedParameters: 0 0 0

#Transform 77
Transform: AffineTransform_float_3_3
Parameters: 0.999999 0.000979298 -0.00125966 -0.00096898 0.999965 0.00827329 0.00126788 -0.00827212 0.999965 -0.118926 0.298569 -0.752539
FixedParameters: 0 0 0

#Transform 78
Transform: AffineTransform_float_3_3
Parameters: 0.999998 0.000887634 -0.00152409 -0.000875842 0.999971 0.00750761 0.00153112 -0.00750621 0.99997 -0.0865665 0.29335 -0.702744
FixedParameters: 0 0 0

#Transform 79
Transform: AffineTransform_float_3_3
Parameters: 0.999998 0.000690772 -0.00149045 -0.000684611 0.99999 0.00442894 0.00149368 -0.00442745 0.999989 -0.114894 0.165133 -0.700324
FixedParameters: 0 0 0

#Transform 80
Transform: AffineTransform_float_3_3
Parameters: 0.999997 0.00108425 -0.0020443 -0.00107392 0.999988 0.00468722 0.00204889 -0.0046843 0.999987 -0.10206 0.206792 -0.687397
FixedParameters: 0 0 0

#Transform 81
Transform: AffineTransform_float_3_3
Parameters: 0.999998 0.000768826 -0.00177529 -0.000760147 0.999988 0.00478278 0.001779 -0.00478068 0.999987 -0.126766 0.181126 -0.693582
FixedParameters: 0 0 0

#Transform 82
Transform: AffineTransform_float_3_3
Parameters: 0.99999 0.00113321 -0.00438247 -0.00112941 0.999999 0.00103852 0.00438342 -0.0010336 0.99999 -0.112488 0.218264 -0.582941
FixedParameters: 0 0 0

#Transform 83
Transform: AffineTransform_float_3_3
Parameters: 0.999982 0.00165664 -0.00575848 -0.00167292 0.999994 -0.00285376 0.0057535 0.00286321 0.999979 -0.102059 0.239235 -0.44787
FixedParameters: 0 0 0

#Transform 84
Transform: AffineTransform_float_3_3
Parameters: 0.999983 0.00117754 -0.00575004 -0.00119879 0.999993 -0.00371889 0.00574499 0.00372578 0.999977 -0.085494 0.305497 -0.631266
FixedParameters: 0 0 0

#Transform 85
Transform: AffineTransform_float_3_3
Parameters: 0.999983 0.00141309 -0.00561658 -0.00143548 0.999991 -0.00395758 0.00561092 0.00396629 0.999976 -0.105563 0.178922 -0.514579
FixedParameters: 0 0 0

#Transform 86
Transform: AffineTransform_float_3_3
Parameters: 0.999981 0.00122607 -0.0060511 -0.00124753 0.999993 -0.00347721 0.00604654 0.00348479 0.999976 -0.0850195 0.219983 -0.560639
FixedParameters: 0 0 0

#Transform 87
Transform: AffineTransform_float_3_3
Parameters: 0.999984 0.00152034 -0.005542 -0.00154178 0.999991 -0.00384443 0.00553619 0.0038527 0.999978 -0.0974484 0.20291 -0.555577
FixedParameters: 0 0 0

#Transform 88
Transform: AffineTransform_float_3_3
Parameters: 0.99998 0.00136101 -0.00615101 -0.00137469 0.999997 -0.00218062 0.0061486 0.00218923 0.999978 -0.0802218 0.293529 -0.694823
FixedParameters: 0 0 0

#Transform 89
Transform: AffineTransform_float_3_3
Parameters: 0.999986 0.00125112 -0.00515168 -0.00125701 0.999998 -0.00104675 0.00514989 0.00105282 0.999986 -0.0975311 0.200873 -0.702091
FixedParameters: 0 0 0

#Transform 90
Transform: AffineTransform_float_3_3
Parameters: 0.999986 0.000851235 -0.00516043 -0.000861699 0.999998 -0.00202462 0.00515911 0.00202905 0.999985 -0.0796168 0.283933 -0.742644
FixedParameters: 0 0 0

#Transform 91
Transform: AffineTransform_float_3_3
Parameters: 0.999989 0.000949057 -0.00469973 -0.000953883 0.999999 -0.00101953 0.00469867 0.00102442 0.999988 -0.110673 0.127011 -0.68057
FixedParameters: 0 0 0

#Transform 92
Transform: AffineTransform_float_3_3
Parameters: 0.999989 0.000710172 -0.00465127 -0.000718149 0.999999 -0.00173584 0.00465058 0.00173857 0.999987 -0.108363 0.224613 -0.736838
FixedParameters: 0 0 0

#Transform 93
Transform: AffineTransform_float_3_3
Parameters: 0.999987 0.000685591 -0.00504981 -0.000690084 0.999999 -0.00101261 0.00504893 0.0010158 0.999987 -0.102155 0.210942 -0.755427
FixedParameters: 0 0 0

#Transform 94
Transform: AffineTransform_float_3_3
Parameters: 0.999988 0.000707624 -0.00485238 -0.000716372 0.999998 -0.00184144 0.00485126 0.00184501 0.999986 -0.104219 0.321755 -0.757782
FixedParameters: 0 0 0

#Transform 95
Transform: AffineTransform_float_3_3
Parameters: 0.999988 0.00136681 -0.00457976 -0.00137117 0.999998 -0.00103442 0.00457873 0.00104015 0.999989 -0.101768 0.309546 -0.663192
FixedParameters: 0 0 0

#Transform 96
Transform: AffineTransform_float_3_3
Parameters: 0.999999 -0.0014671 -0.000493054 0.00148842 0.998924 0.0463537 0.000424546 -0.0463545 0.998925 0.0973379 -0.291961 0.70389
FixedParameters: 0 0 0

#Transform 97
Transform: AffineTransform_float_3_3
Parameters: 0.999997 -0.00136351 -0.00193221 0.00138243 0.999953 0.00966415 0.00191785 -0.00966635 0.999951 0.0774998 0.157029 -0.0808177
FixedParameters: 0 0 0

#Transform 98
Transform: AffineTransform_float_3_3
Parameters: 0.999997 0.000797484 -0.0023239 -0.000766714 0.999909 0.0134731 0.00233474 -0.0134718 0.999906 -0.0284221 0.146585 0.0164924
FixedParameters: 0 0 0

#Transform 99
Transform: AffineTransform_float_3_3
Parameters: 0.999998 0.000677026 -0.0018632 -0.000620685 0.99955 0.029986 0.00188266 -0.0299844 0.999549 0.082986 -0.0553925 0.821451
FixedParameters: 0 0 0

#Transform 100
Transform: AffineTransform_float_3_3
Parameters: 0.999997 0.000911979 -0.0019295 -0.000857154 0.999611 0.0278912 0.00195418 -0.0278892 0.999609 0.0543347 0.104202 0.706551
FixedParameters: 0 0 0

#Transform 101
Transform: AffineTransform_float_3_3
Parameters: 0.999996 0.00183865 -0.00218782 -0.00178559 0.99971 0.0240093 0.00223107 -0.024006 0.999709 0.0293285 0.0917455 0.644551
FixedParameters: 0 0 0

#Transform 102
Transform: AffineTransform_float_3_3
Parameters: 0.999994 0.0018749 -0.00290243 -0.00181829 0.999812 0.0192772 0.00293796 -0.0192723 0.99981 0.0141567 0.131969 0.483928
FixedParameters: 0 0 0

#Transform 103
Transform: AffineTransform_float_3_3
Parameters: 0.999993 0.00198075 -0.00315477 -0.00192441 0.999836 0.0180205 0.00318991 -0.0180142 0.999832 0.00138202 -0.000114017 0.396471
FixedParameters: 0 0 0

#Transform 104
Transform: AffineTransform_float_3_3
Parameters: 0.999992 0.00235653 -0.00329623 -0.00230914 0.999896 0.0142585 0.00332931 -0.0142515 0.999893 -0.0306932 0.0604795 0.342248
FixedParameters: 0 0 0

#Transform 105
Transform: AffineTransform_float_3_3
Parameters: 0.999991 0.00258216 -0.00342905 -0.00253616 0.999907 0.0134093 0.00346292 -0.0134009 0.999905 -0.0288276 0.0042643 0.316989
FixedParameters: 0 0 0

#Transform 106
Transform: AffineTransform_float_3_3
Parameters: 0.99999 0.00229691 -0.00385985 -0.00225063 0.999926 0.0119792 0.00388623 -0.0119705 0.999921 -0.0292447 0.0544063 0.220927
FixedParameters: 0 0 0

#Transform 107
Transform: AffineTransform_float_3_3
Parameters: 0.99999 0.00208069 -0.00380267 -0.00204044 0.99994 0.0107419 0.00382477 -0.010734 0.999935 -0.0243061 0.087756 0.1623
FixedParameters: 0 0 0

#Transform 108
Transform: AffineTransform_float_3_3
Parameters: 0.999991 0.00221118 -0.00383642 -0.00216605 0.999929 0.011695 0.00386144 -0.0116871 0.999924 -0.0257389 0.0704432 0.163153
FixedParameters: 0 0 0

#Transform 109
Transform: AffineTransform_float_3_3
Parameters: 0.999991 0.00201443 -0.00378705 -0.0019766 0.99995 0.00982862 0.00380649 -0.00982114 0.999944 -0.0299145 0.079198 0.176765
FixedParameters: 0 0 0

#Transform 110
Transform: AffineTransform_float_3_3
Parameters: 0.99999 0.00216737 -0.00382801 -0.00212672 0.999941 0.0106268 0.0038503 -0.010619 0.999936 -0.0263485 0.0356498 0.182392
FixedParameters: 0 0 0

#Transform 111
Transform: AffineTransform_float_3_3
Parameters: 0.999991 0.00192052 -0.00375908 -0.00188246 0.999948 0.0100721 0.00377776 -0.0100646 0.999942 -0.0379018 0.0346443 0.146842
FixedParameters: 0 0 0

#Transform 112
Transform: AffineTransform_float_3_3
Parameters: 0.99999 0.00216068 -0.00382675 -0.00212008 0.999943 0.0104649 0.00384895 -0.0104563 0.999938 -0.0432494 0.0552645 0.178659
FixedParameters: 0 0 0

#Transform 113
Transform: AffineTransform_float_3_3
Parameters: 0.999992 0.00178589 -0.00372264 -0.0017506 0.999954 0.00941368 0.00373904 -0.00940668 0.999949 -0.0369175 0.0620209 0.162573
FixedParameters: 0 0 0

#Transform 114
Transform: AffineTransform_float_3_3
Parameters: 0.999991 0.00199181 -0.00378023 -0.00195448 0.999949 0.00991074 0.00379978 -0.00990294 0.999944 -0.0264969 0.0361227 0.122264
FixedParameters: 0 0 0

#Transform 115
Transform: AffineTransform_float_3_3
Parameters: 0.99999 0.00218318 -0.0038311 -0.00214083 0.999937 0.0110126 0.00385433 -0.0110047 0.999933 -0.0453899 -0.0327752 0.248857
FixedParameters: 0 0 0

#Transform 116
Transform: AffineTransform_float_3_3
Parameters: 0.99999 0.00225555 -0.00384497 -0.0022059 0.999916 0.0127782 0.0038727 -0.0127692 0.999911 -0.0414746 0.0835293 0.129485
FixedParameters: 0 0 0

#Transform 117
Transform: AffineTransform_float_3_3
Parameters: 0.999993 0.00216491 -0.00296947 -0.00214467 0.999977 0.00654502 0.00298299 -0.0065386 0.999975 -0.043635 0.260264 -0.183793
FixedParameters: 0 0 0

#Transform 118
Transform: AffineTransform_float_3_3
Parameters: 0.99999 0.00280522 -0.00343489 -0.00277707 0.999964 0.00802136 0.00345747 -0.00801168 0.999962 -0.0482905 0.0267923 0.401285
FixedParameters: 0 0 0

#Transform 119
Transform: AffineTransform_float_3_3
Parameters: 0.99999 0.00171163 -0.00399769 -0.00165699 0.999904 0.0137362 0.0040208 -0.0137292 0.999897 0.00435791 -0.05994 0.770179
FixedParameters: 0 0 0

#Transform 120
Transform: AffineTransform_float_3_3
Parameters: 0.999992 0.00189133 -0.00350931 -0.00185613 0.999948 0.0100691 0.00352773 -0.0100627 0.999943 -0.0208787 -0.0146054 0.542137
FixedParameters: 0 0 0

#Transform 121
Transform: AffineTransform_float_3_3
Parameters: 0.999988 0.00142613 -0.00479895 -0.0013879 0.999967 0.00795766 0.00481064 -0.00795072 0.999957 -0.0340316 0.092878 0.273573
FixedParameters: 0 0 0

#Transform 122
Transform: AffineTransform_float_3_3
Parameters: 0.999985 0.000803821 -0.0054347 -0.000702641 0.999826 0.0186218 0.00544901 -0.0186181 0.999812 0.042122 0.220307 0.082458
FixedParameters: 0 0 0

#Transform 123
Transform: AffineTransform_float_3_3
Parameters: 0.999986 0.000767886 -0.00516197 -0.000740355 0.999987 0.00519037 0.00516516 -0.00518618 0.999973 -0.0143545 0.0429873 0.346867
FixedParameters: 0 0 0

#Transform 124
Transform: AffineTransform_float_3_3
Parameters: 0.999995 0.000935185 -0.00310644 -0.000918737 0.999987 0.00503269 0.00311091 -0.00502922 0.999983 0.0356388 0.00998918 0.370739
FixedParameters: 0 0 0

#Transform 125
Transform: AffineTransform_float_3_3
Parameters: 0.999998 0.000695111 -0.00185759 -0.00068525 0.999985 0.00541906 0.00186182 -0.00541719 0.999983 -0.00455775 -0.065146 0.371074
FixedParameters: 0 0 0

#Transform 126
Transform: AffineTransform_float_3_3
Parameters: 0.999995 0.00199778 -0.00253248 -0.00198443 0.999984 0.00526616 0.00254302 -0.00526055 0.999983 -0.0137738 -0.00413081 0.328857
FixedParameters: 0 0 0

#Transform 127
Transform: AffineTransform_float_3_3
Parameters: 0.999989 0.000856357 -0.00463187 -0.000912332 0.999927 -0.0120697 0.00462057 0.0120742 0.999917 -0.0112993 -0.0904769 -0.314471
FixedParameters: 0 0 0

#Transform 128
Transform: AffineTransform_float_3_3
Parameters: 0.999984 0.00340099 -0.00461348 -0.0034362 0.999964 -0.00767678 0.0045865 0.00769231 0.99996 -0.102333 0.239608 0.249134
FixedParameters: 0 0 0

#Transform 129
Transform: AffineTransform_float_3_3
Parameters: 0.99991 0.00365014 -0.0129413 -0.00294043 0.998512 0.0544448 0.0131208 -0.0544012 0.998433 0.111593 -0.233722 2.00255
FixedParameters: 0 0 0

#Transform 130
Transform: AffineTransform_float_3_3
Parameters: 0.999946 0.0032052 -0.00987759 -0.00262517 0.998299 0.058245 0.0100474 -0.0582159 0.998253 0.106558 -0.205139 1.96127
FixedParameters: 0 0 0

#Transform 131
Transform: AffineTransform_float_3_3
Parameters: 0.999957 0.00368318 -0.00852981 -0.00318529 0.99833 0.0576811 0.00872786 -0.0576512 0.998299 0.118471 -0.13997 2.43193
FixedParameters: 0 0 0

#Transform 132
Transform: AffineTransform_float_3_3
Parameters: 0.999979 0.00153377 -0.00627693 -0.00106523 0.997267 0.0738763 0.00637363 -0.0738682 0.997247 0.273971 -0.877642 4.35345
FixedParameters: 0 0 0

#Transform 133
Transform: AffineTransform_float_3_3
Parameters: 0.999977 0.00222868 -0.00633132 -0.00178427 0.997584 0.069445 0.00647015 -0.0694317 0.997566 0.230238 -0.327107 3.18323
FixedParameters: 0 0 0

#Transform 134
Transform: AffineTransform_float_3_3
Parameters: 0.999981 0.0030313 -0.00523614 -0.00271787 0.998257 0.0589662 0.00540657 -0.0589514 0.998246 0.169634 -0.0117737 2.18312
FixedParameters: 0 0 0

#Transform 135
Transform: AffineTransform_float_3_3
Parameters: 0.999983 0.0035222 -0.00460204 -0.00325864 0.998418 0.0561268 0.00479233 -0.0561108 0.998413 0.155953 -0.184308 2.21878
FixedParameters: 0 0 0

#Transform 136
Transform: AffineTransform_float_3_3
Parameters: 0.999767 0.0213164 0.00325334 -0.0214505 0.99857 0.0489558 -0.00220509 -0.0490142 0.998795 -0.628134 0.0547326 1.22224
FixedParameters: 0 0 0

#Transform 137
Transform: AffineTransform_float_3_3
Parameters: 0.99985 0.0140728 0.0101068 -0.0145581 0.99866 0.0496612 -0.00939484 -0.0498007 0.998715 -0.270449 -0.0786288 1.1988
FixedParameters: 0 0 0

#Transform 138
Transform: AffineTransform_float_3_3
Parameters: 0.999955 -0.00645808 0.00702193 0.00611459 0.998834 0.0478816 -0.00732324 -0.0478369 0.998828 0.515218 -0.0900997 1.05435
FixedParameters: 0 0 0

#Transform 139
Transform: AffineTransform_float_3_3
Parameters: 0.999989 0.00380575 0.00291767 -0.00393005 0.999022 0.0440299 -0.00274647 -0.0440401 0.999026 0.131178 0.0915378 0.918101
FixedParameters: 0 0 0

#Transform 140
Transform: AffineTransform_float_3_3
Parameters: 0.999371 -0.0264717 0.0235596 0.0254375 0.998743 0.0431885 -0.0246733 -0.0425625 0.998789 1.43379 -0.023186 0.295998
FixedParameters: 0 0 0

#Transform 141
Transform: AffineTransform_float_3_3
Parameters: 0.99999 -0.00258656 0.00358408 0.00245558 0.99935 0.0359553 -0.00367482 -0.0359455 0.999347 0.311577 0.11288 0.373214
FixedParameters: 0 0 0

#Transform 142
Transform: AffineTransform_float_3_3
Parameters: 0.999991 0.00401035 -9.92676e-05 -0.00400777 0.999813 0.0189233 0.000175153 -0.0189232 0.999821 0.0920877 0.133755 0.282439
FixedParameters: 0 0 0

#Transform 143
Transform: AffineTransform_float_3_3
Parameters: 0.999987 0.00502492 0.000561467 -0.00503376 0.999842 0.0170019 -0.000476006 -0.0170041 0.999855 0.0643871 0.277267 0.194816
FixedParameters: 0 0 0

#Transform 144
Transform: AffineTransform_float_3_3
Parameters: 0.999997 0.00266393 0.000693087 -0.00268244 0.999565 0.0293593 -0.000615203 -0.0293608 0.999568 0.169568 0.0377962 0.478686
FixedParameters: 0 0 0

#Transform 145
Transform: AffineTransform_float_3_3
Parameters: 1 0.000299172 0.00017716 -0.000303148 0.999808 0.0195581 -0.000171149 -0.019558 0.999808 0.250087 0.117446 0.36408
FixedParameters: 0 0 0

#Transform 146
Transform: AffineTransform_float_3_3
Parameters: 0.999994 0.00351299 0.000400365 -0.00351932 0.999803 0.0194963 -0.00033177 -0.0194977 0.99981 0.0944192 0.102087 0.423633
FixedParameters: 0 0 0

#Transform 147
Transform: AffineTransform_float_3_3
Parameters: 0.99999 0.0044144 -0.000549875 -0.00440421 0.999842 0.017252 0.000625755 -0.0172492 0.999851 0.0471179 0.19075 0.277194
FixedParameters: 0 0 0

#Transform 148
Transform: AffineTransform_float_3_3
Parameters: 0.999992 0.00380122 -0.000696961 -0.00378923 0.99986 0.0162976 0.000759634 -0.0162949 0.999867 0.0788343 0.10143 0.256272
FixedParameters: 0 0 0

#Transform 149
Transform: AffineTransform_float_3_3
Parameters: 0.999995 0.0031195 -0.000827883 -0.00310432 0.999835 0.0178483 0.00088301 -0.0178457 0.99984 0.107331 0.163101 0.315547
FixedParameters: 0 0 0
