#Insight Transform File V1.0
#Transform 0
Transform: AffineTransform_float_3_3
Parameters: 1 -0.000473495 0.000986161 0.000472475 1 0.00101321 -0.000987344 -0.00101318 0.999999 0.0140228 -0.126683 0.0526223
FixedParameters: 0 0 0

#Transform 1
Transform: AffineTransform_float_3_3
Parameters: 0.999999 -0.000824145 0.000539501 0.000823205 0.999999 0.00108887 -0.000540334 -0.00108799 1 -0.00273184 -0.146499 0.0798737
FixedParameters: 0 0 0

#Transform 2
Transform: AffineTransform_float_3_3
Parameters: 0.999999 -0.000603029 0.000408733 0.000603086 1 -6.97125e-05 -0.000408649 7.02054e-05 1 0.000763713 -0.0945955 0.0285543
FixedParameters: 0 0 0

#Transform 3
Transform: AffineTransform_float_3_3
Parameters: 0.999999 -0.000838921 0.000495139 0.000838981 0.999999 0.000152434 -0.000494416 -0.000151614 1 0.0168338 -0.0939535 0.0268131
FixedParameters: 0 0 0

#Transform 4
Transform: AffineTransform_float_3_3
Parameters: 1 -0.000402688 -0.000271986 0.000402385 0.999999 0.00119397 0.000271217 -0.0011942 1 0.0216287 -0.11903 0.100744
FixedParameters: 0 0 0

#Transform 5
Transform: AffineTransform_float_3_3
Parameters: 0.999999 -0.000577509 0.000511874 0.000577173 0.999999 0.000533871 -0.000511513 -0.000533291 0.999999 -0.00772879 -0.0211975 0.0477734
FixedParameters: 0 0 0

#Transform 6
Transform: AffineTransform_float_3_3
Parameters: 1 -0.000814001 0.000606107 0.000813755 0.999999 0.000355906 -0.000605691 -0.000354931 1 0.00391724 -0.0379365 0.0336965
FixedParameters: 0 0 0

#Transform 7
Transform: AffineTransform_float_3_3
Parameters: 1 -0.000233037 0.000310659 0.000232615 1 0.00106232 -0.000310209 -0.0010631 1 0.018443 -0.0900143 0.0782898
FixedParameters: 0 0 0

#Transform 8
Transform: AffineTransform_float_3_3
Parameters: 1 -0.000370402 0.000161193 0.000370244 0.999999 0.00121837 -0.000161135 -0.00121826 0.999999 -0.00684489 -0.0283433 0.0620188
FixedParameters: 0 0 0

#Transform 9
Transform: AffineTransform_float_3_3
Parameters: 1 -0.000484693 0.00093738 0.000484264 1 0.000862861 -0.000937447 -0.000861953 0.999999 -0.0145781 -0.0563526 0.0659835
FixedParameters: 0 0 0

#Transform 10
Transform: AffineTransform_float_3_3
Parameters: 1 -0.000205906 0.000127089 0.000205832 0.999999 0.00121634 -0.000126629 -0.0012163 1 -0.00297797 -0.0912215 0.0829157
FixedParameters: 0 0 0

#Transform 11
Transform: AffineTransform_float_3_3
Parameters: 1 -0.00017286 0.000261679 0.000173069 0.999998 0.00196646 -0.000261626 -0.00196637 0.999998 -0.0222827 -0.0578362 0.0965448
FixedParameters: 0 0 0

#Transform 12
Transform: AffineTransform_float_3_3
Parameters: 1 -0.000111197 0.000584752 0.000111395 1 0.000666688 -0.000585111 -0.000666546 0.999999 -0.0361216 -0.0413957 0.0774413
FixedParameters: 0 0 0

#Transform 13
Transform: AffineTransform_float_3_3
Parameters: 1 -0.000330016 0.00013129 0.000330054 0.999999 0.000655319 -0.000130745 -0.000655243 1 -0.000768138 -0.0643427 0.0549226
FixedParameters: 0 0 0

#Transform 14
Transform: AffineTransform_float_3_3
Parameters: 1 0.000241515 -0.000113614 -0.000241393 0.999999 0.00135254 0.000113272 -0.00135247 0.999999 -0.0239459 -0.0791402 0.0878069
FixedParameters: 0 0 0

#Transform 15
Transform: AffineTransform_float_3_3
Parameters: 1 5.62716e-05 -8.09045e-05 -5.61617e-05 1 0.000678624 8.09808e-05 -0.000678615 1 -0.0285327 -0.0224902 0.069943
FixedParameters: 0 0 0

#Transform 16
Transform: AffineTransform_float_3_3
Parameters: 1 -0.000199045 0.00026005 0.000198693 1 0.000676555 -0.000260319 -0.000676451 0.999999 -0.0195077 -0.0156929 0.0358535
FixedParameters: 0 0 0

#Transform 17
Transform: AffineTransform_float_3_3
Parameters: 1 -0.000425802 0.000365874 0.000424556 0.999998 0.00177145 -0.000367431 -0.00177205 0.999999 -0.0169709 -0.0567829 0.0933641
FixedParameters: 0 0 0

#Transform 18
Transform: AffineTransform_float_3_3
Parameters: 1 -0.000160943 0.000430766 0.000160357 1 0.000955107 -0.000430113 -0.000954979 1 -0.0222284 -9.24852e-05 0.0284469
FixedParameters: 0 0 0

#Transform 19
Transform: AffineTransform_float_3_3
Parameters: 1 0.000284369 8.19562e-05 -0.000284511 1 0.00102059 -8.1393e-05 -0.00102064 1 -0.0186797 -0.0363962 0.0540831
FixedParameters: 0 0 0

#Transform 20
Transform: AffineTransform_float_3_3
Parameters: 1 0.00021914 -0.000205688 -0.000218972 1 0.000406803 0.000205866 -0.000406713 1 0.00855926 -0.0318345 0.025041
FixedParameters: 0 0 0

#Transform 21
Transform: AffineTransform_float_3_3
Parameters: 1 -0.000359004 -0.000421158 0.000358083 1 6.63166e-05 0.00042132 -6.66299e-05 1 0.0424101 -0.0671709 0.0666117
FixedParameters: 0 0 0

#Transform 22
Transform: AffineTransform_float_3_3
Parameters: 1 0.00022355 -0.000174386 -0.000223539 1 2.9315e-05 0.000174399 -2.9237e-05 1 0.0287727 0.0267399 0.0211777
FixedParameters: 0 0 0

#Transform 23
Transform: AffineTransform_float_3_3
Parameters: 1 -0.00013585 -0.000243765 0.000135719 1 -0.000269789 0.000243839 0.000269723 1 0.0125277 0.020192 -0.0200135
FixedParameters: 0 0 0

#Transform 24
Transform: AffineTransform_float_3_3
Parameters: 1 9.23366e-05 -3.60262e-05 -9.23508e-05 1 -0.000198365 3.59895e-05 0.000198372 1 -0.00122516 -0.0635013 0.0172548
FixedParameters: 0 0 0

#Transform 25
Transform: AffineTransform_float_3_3
Parameters: 1 0.000244492 -6.93378e-05 -0.000244525 1 -0.000240256 6.92203e-05 0.00024029 1 -0.0170568 -0.0506004 0.0129124
FixedParameters: 0 0 0

#Transform 26
Transform: AffineTransform_float_3_3
Parameters: 1 0.000176528 -0.00037778 -0.000176908 1 -0.000502731 0.000377602 0.000502865 1 0.0110859 0.0137936 -0.0226971
FixedParameters: 0 0 0

#Transform 27
Transform: AffineTransform_float_3_3
Parameters: 1 0.000444808 -0.000310155 -0.000445013 1 -0.00033083 0.00030986 0.000331106 1 0.00963136 -0.0368748 0.00477863
FixedParameters: 0 0 0

#Transform 28
Transform: AffineTransform_float_3_3
Parameters: 1 0.000221165 -0.000160416 -0.000221439 0.999999 -0.000856953 0.000160037 0.000857024 0.999999 -0.0108198 0.0397773 -0.0521121
FixedParameters: 0 0 0

#Transform 29
Transform: AffineTransform_float_3_3
Parameters: 1 0.000313804 -0.000193076 -0.000314144 1 -0.000953537 0.000192471 0.000953248 0.999999 -0.00407677 -0.00790654 -0.0435127
FixedParameters: 0 0 0

#Transform 30
Transform: AffineTransform_float_3_3
Parameters: 1 0.00056565 -0.000342088 -0.000566006 0.999999 -0.000520443 0.000341499 0.00052083 1 -0.010724 0.0222502 -0.0344363
FixedParameters: 0 0 0

#Transform 31
Transform: AffineTransform_float_3_3
Parameters: 1 0.00045486 -0.000381916 -0.000455164 0.999999 -0.000672011 0.000382282 0.000672349 0.999999 -0.00829755 -0.00532014 -0.0394123
FixedParameters: 0 0 0

#Transform 32
Transform: AffineTransform_float_3_3
Parameters: 0.999999 0.000689272 -0.000382527 -0.000690245 0.999999 -0.00162224 0.000381229 0.00162143 0.999998 -0.0127035 0.00655447 -0.103125
FixedParameters: 0 0 0

#Transform 33
Transform: AffineTransform_float_3_3
Parameters: 1 0.000681043 -0.000909843 -0.000681376 0.999999 -0.000170721 0.000909613 0.000171049 0.999999 -0.00617849 -0.0506393 -0.0340903
FixedParameters: 0 0 0

#Transform 34
Transform: AffineTransform_float_3_3
Parameters: 0.999999 0.000758032 -0.000690699 -0.000758751 0.999998 -0.00139947 0.000689326 0.00140051 0.999999 -0.00945854 0.0476744 -0.092399
FixedParameters: 0 0 0

#Transform 35
Transform: AffineTransform_float_3_3
Parameters: 1 0.000369559 -0.0010158 -0.000371117 0.999999 -0.00125005 0.00101465 0.0012499 0.999999 0.0171476 -0.0441936 -0.0868112
FixedParameters: 0 0 0

#Transform 36
Transform: AffineTransform_float_3_3
Parameters: 0.999999 0.000551995 -0.00115256 -0.000553156 1 -0.000927639 0.00115132 0.000928923 0.999999 0.00987323 -0.0519781 -0.0981809
FixedParameters: 0 0 0

#Transform 37
Transform: AffineTransform_float_3_3
Parameters: 1 0.000346244 -0.000262293 -0.00034713 0.999998 -0.00223787 0.000261666 0.00223804 0.999998 -0.00863635 -0.000108125 -0.130678
FixedParameters: 0 0 0

#Transform 38
Transform: AffineTransform_float_3_3
Parameters: 1 0.000296303 -0.00098339 -0.000297409 0.999999 -0.00116789 0.00098345 0.00116756 0.999999 0.0187447 -0.0911204 -0.0936176
FixedParameters: 0 0 0

#Transform 39
Transform: AffineTransform_float_3_3
Parameters: 1 0.000568291 -0.00106131 -0.000570112 0.999998 -0.00141899 0.00106045 0.00141929 0.999998 0.0217764 -0.0184909 -0.11359
FixedParameters: 0 0 0

#Transform 40
Transform: AffineTransform_float_3_3
Parameters: 1 0.000581104 -0.000974323 -0.000583164 0.999997 -0.0023024 0.000973143 0.00230353 0.999997 0.0152921 0.0241261 -0.137852
FixedParameters: 0 0 0

#Transform 41
Transform: AffineTransform_float_3_3
Parameters: 1 0.000587776 -0.000963106 -0.000589791 0.999999 -0.00167848 0.000961864 0.0016787 0.999998 0.00877081 -0.0608845 -0.108958
FixedParameters: 0 0 0

#Transform 42
Transform: AffineTransform_float_3_3
Parameters: 1 0.000565149 -0.00106767 -0.000567512 0.999999 -0.00167692 0.00106651 0.00167722 0.999998 0.019469 -0.0610803 -0.10901
FixedParameters: 0 0 0

#Transform 43
Transform: AffineTransform_float_3_3
Parameters: 0.999999 0.000200046 -0.000779956 -0.000197995 0.999997 0.00263664 0.000780377 -0.00263634 0.999996 -0.00681097 -0.0682252 -0.0151982
FixedParameters: 0 0 0

#Transform 44
Transform: AffineTransform_float_3_3
Parameters: 1 0.000266209 -0.00107426 -0.000268072 0.999999 -0.0017896 0.00107286 0.0017902 0.999998 0.0216174 -0.0458374 -0.113751
FixedParameters: 0 0 0

#Transform 45
Transform: AffineTransform_float_3_3
Parameters: 0.999998 0.000243108 -0.00161121 -0.000243719 0.999999 -0.000550072 0.0016117 0.000550356 0.999998 0.0166254 -0.0438312 -0.0932254
FixedParameters: 0 0 0

#Transform 46
Transform: AffineTransform_float_3_3
Parameters: 0.999999 0.000480129 -0.00147813 -0.000482347 0.999999 -0.00115159 0.00147776 0.00115251 0.999999 0.00191144 0.0313405 -0.140746
FixedParameters: 0 0 0

#Transform 47
Transform: AffineTransform_float_3_3
Parameters: 0.999999 0.000556032 -0.00112217 -0.000557737 0.999999 -0.00129007 0.00112148 0.00129041 0.999998 -0.0153609 0.0292812 -0.16312
FixedParameters: 0 0 0

#Transform 48
Transform: AffineTransform_float_3_3
Parameters: 0.999999 0.000492209 -0.00132652 -0.000492792 0.999999 -0.00103686 0.00132604 0.00103726 0.999998 -0.00012444 0.0279685 -0.173882
FixedParameters: 0 0 0

#Transform 49
Transform: AffineTransform_float_3_3
Parameters: 0.999999 0.000451636 -0.00170924 -0.000452875 1 -0.000347242 0.00170893 0.000348286 0.999998 0.00619259 0.0522339 -0.130488
FixedParameters: 0 0 0

#Transform 50
Transform: AffineTransform_float_3_3
Parameters: 0.999999 0.000207942 -0.00136717 -0.000210085 0.999999 -0.00121806 0.00136741 0.00121813 0.999999 0.0260943 0.0467438 -0.143733
FixedParameters: 0 0 0

#Transform 51
Transform: AffineTransform_float_3_3
Parameters: 0.999999 -0.000115564 -0.00138584 0.000113094 0.999998 -0.00167054 0.00138677 0.00167065 0.999997 0.0211666 0.0686293 -0.17303
FixedParameters: 0 0 0

#Transform 52
Transform: AffineTransform_float_3_3
Parameters: 0.999998 0.000651238 -0.00161245 -0.00065202 1 -0.000244075 0.0016121 0.000244353 0.999999 0.0202169 0.0158126 -0.136888
FixedParameters: 0 0 0

#Transform 53
Transform: AffineTransform_float_3_3
Parameters: 0.999998 0.000546449 -0.00155393 -0.000547626 1 -0.000761214 0.00155385 0.000762003 0.999998 0.0041375 0.0226407 -0.126344
FixedParameters: 0 0 0

#Transform 54
Transform: AffineTransform_float_3_3
Parameters: 0.999999 0.000504596 -0.0014779 -0.000506897 0.999999 -0.00159102 0.00147779 0.00159161 0.999998 0.0203515 -0.024194 -0.13031
FixedParameters: 0 0 0

#Transform 55
Transform: AffineTransform_float_3_3
Parameters: 0.999998 0.00117589 -0.00187038 -0.00117756 0.999999 -0.000492201 0.00187018 0.000493856 0.999998 0.0160253 0.0323205 -0.114913
FixedParameters: 0 0 0

#Transform 56
Transform: AffineTransform_float_3_3
Parameters: 0.999998 0.000818662 -0.00147754 -0.00082101 0.999999 -0.0016073 0.0014764 0.00160881 0.999997 0.0144523 0.0245934 -0.119695
FixedParameters: 0 0 0

#Transform 57
Transform: AffineTransform_float_3_3
Parameters: 1 0.000614237 -0.000966658 -0.000616377 0.999998 -0.00173665 0.000965256 0.00173692 0.999998 0.0116115 -0.0200372 -0.170631
FixedParameters: 0 0 0

#Transform 58
Transform: AffineTransform_float_3_3
Parameters: 0.999999 0.00145567 -0.000996158 -0.00145688 0.999999 -0.000718971 0.000995034 0.000719216 0.999999 -0.00506208 -0.0040524 -0.104609
FixedParameters: 0 0 0

#Transform 59
Transform: AffineTransform_float_3_3
Parameters: 1 0.000649806 -0.000833763 -0.000650992 1 -0.000714771 0.00083283 0.000714533 0.999999 0.0224002 0.0182384 -0.15971
FixedParameters: 0 0 0

#Transform 60
Transform: AffineTransform_float_3_3
Parameters: 0.999999 0.00110372 -0.00109532 -0.00110382 0.999999 -0.000591705 0.00109477 0.000592801 0.999999 0.00516458 -0.00856177 -0.110628
FixedParameters: 0 0 0

#Transform 61
Transform: AffineTransform_float_3_3
Parameters: 0.999999 0.0010317 -0.00139071 -0.00103306 0.999999 -0.000906942 0.00138961 0.000908901 0.999998 0.0102605 0.012475 -0.119254
FixedParameters: 0 0 0

#Transform 62
Transform: AffineTransform_float_3_3
Parameters: 0.999998 0.00103991 -0.00134971 -0.00104236 0.999999 -0.00143364 0.00134844 0.00143553 0.999998 0.0219904 0.00561634 -0.165209
FixedParameters: 0 0 0

#Transform 63
Transform: AffineTransform_float_3_3
Parameters: 0.999999 0.000825975 -0.00112514 -0.000827528 0.999999 -0.00121907 0.00112387 0.00122002 0.999998 0.0152497 0.0366846 -0.143788
FixedParameters: 0 0 0

#Transform 64
Transform: AffineTransform_float_3_3
Parameters: 1 0.000633008 -0.000898886 -0.000635028 0.999999 -0.00112562 0.000897443 0.00112585 0.999999 0.0161014 -0.0140668 -0.177493
FixedParameters: 0 0 0

#Transform 65
Transform: AffineTransform_float_3_3
Parameters: 0.999999 0.00103418 -0.000879041 -0.00103535 0.999999 -0.000671166 0.000877647 0.000671662 0.999999 0.0177585 0.0393763 -0.154843
FixedParameters: 0 0 0

#Transform 66
Transform: AffineTransform_float_3_3
Parameters: 0.999999 0.000875183 -0.000873496 -0.000876241 1 -0.00060899 0.000872425 0.000609197 0.999999 0.0133057 0.0362297 -0.130098
FixedParameters: 0 0 0

#Transform 67
Transform: AffineTransform_float_3_3
Parameters: 0.999999 -0.000359759 -0.000790309 0.000356615 0.99999 -0.00448663 0.000791533 0.00448612 0.999989 0.0681951 0.174997 -0.346974
FixedParameters: 0 0 0

#Transform 68
Transform: AffineTransform_float_3_3
Parameters: 0.999999 0.000589801 -0.00121683 -0.000591458 0.999999 -0.00158115 0.00121551 0.0015826 0.999998 0.0352649 0.0140865 -0.115547
FixedParameters: 0 0 0

#Transform 69
Transform: AffineTransform_float_3_3
Parameters: 0.999999 5.93354e-05 -0.00143097 -6.15572e-05 0.999998 -0.00188323 0.00143105 0.00188292 0.999998 0.0420791 0.034208 -0.164902
FixedParameters: 0 0 0

#Transform 70
Transform: AffineTransform_float_3_3
Parameters: 0.999999 -0.000104384 0.000785996 0.000105416 0.999999 -0.00139411 -0.000786504 0.00139337 0.999999 0.0893907 0.024236 -0.161076
FixedParameters: 0 0 0

#Transform 71
Transform: AffineTransform_float_3_3
Parameters: 0.999997 -0.00145769 0.00157369 0.00145624 0.999999 0.000530903 -0.00157427 -0.000528561 0.999999 0.07043 0.0361512 -0.0821198
FixedParameters: 0 0 0

#Transform 72
Transform: AffineTransform_float_3_3
Parameters: 0.999999 -0.000921957 0.00101034 0.000921765 1 9.79588e-05 -0.00101053 -9.74181e-05 0.999999 0.0321006 0.0641054 -0.193736
FixedParameters: 0 0 0

#Transform 73
Transform: AffineTransform_float_3_3
Parameters: 1 -0.00118255 0.000243111 0.00118257 1 -3.67341e-05 -0.000243012 3.68985e-05 1 0.0557695 0.0823651 -0.187159
FixedParameters: 0 0 0

#Transform 74
Transform: AffineTransform_float_3_3
Parameters: 1 -0.00107317 0.000467452 0.00107242 1 -0.00024435 -0.000466706 0.00024493 1 0.0622127 0.0492842 -0.200807
FixedParameters: 0 0 0

#Transform 75
Transform: AffineTransform_float_3_3
Parameters: 1 -0.00102687 0.000296496 0.00102659 1 0.000484306 -0.000297479 -0.000484107 1 0.036311 0.0169348 -0.110172
FixedParameters: 0 0 0

#Transform 76
Transform: AffineTransform_float_3_3
Parameters: 0.999999 -0.0011818 0.00084658 0.00118132 0.999999 -0.000413695 -0.000846373 0.000414372 0.999999 0.0371902 0.015529 -0.189578
FixedParameters: 0 0 0

#Transform 77
Transform: AffineTransform_float_3_3
Parameters: 0.999999 -0.000915323 0.00089664 0.000915096 1 -0.000416869 -0.000895655 0.000418088 0.999999 0.0526407 0.0252094 -0.185111
FixedParameters: 0 0 0

#Transform 78
Transform: AffineTransform_float_3_3
Parameters: 1 -0.000957423 0.000693698 0.000956631 1 -0.000131055 -0.000693225 0.00013196 1 0.053676 0.0340345 -0.134454
FixedParameters: 0 0 0

#Transform 79
Transform: AffineTransform_float_3_3
Parameters: 1 -0.000990669 0.000568153 0.000990899 0.999998 -0.00124918 -0.000566444 0.00125031 0.999999 0.0537317 0.0324269 -0.181773
FixedParameters: 0 0 0

#Transform 80
Transform: AffineTransform_float_3_3
Parameters: 1 -0.000528129 -2.88826e-05 0.000528146 1 0.000286972 2.85794e-05 -0.000287003 1 0.0807644 -0.0136942 -0.145524
FixedParameters: 0 0 0

#Transform 81
Transform: AffineTransform_float_3_3
Parameters: 0.999999 -0.000569801 -0.000536014 0.00056921 0.999999 -0.00055061 0.000536641 0.000549999 0.999999 0.0903021 0.0181394 -0.0672744
FixedParameters: 0 0 0

#Transform 82
Transform: AffineTransform_float_3_3
Parameters: 0.999999 -0.000556356 -0.000458834 0.000556406 1 -0.00103771 0.000459761 0.00103721 1 0.0807371 -0.0175643 -0.136528
FixedParameters: 0 0 0

#Transform 83
Transform: AffineTransform_float_3_3
Parameters: 1 -0.000317513 -0.000517603 0.000316578 0.999999 -0.000900733 0.000518163 0.000900816 1 0.0689481 0.00722497 -0.115893
FixedParameters: 0 0 0

#Transform 84
Transform: AffineTransform_float_3_3
Parameters: 1 -0.000495732 -0.000140452 0.000495915 0.999997 -0.00234424 0.000141537 0.00234412 0.999997 0.0642211 0.0382987 -0.16972
FixedParameters: 0 0 0

#Transform 85
Transform: AffineTransform_float_3_3
Parameters: 1 -0.000309846 -0.000350937 0.000309514 0.999999 0.000920139 0.000350577 -0.000920368 0.999999 0.0818474 0.0813062 -0.372272
FixedParameters: 0 0 0

#Transform 86
Transform: AffineTransform_float_3_3
Parameters: 0.999999 0.000355643 -0.000801767 -0.000354051 0.999997 0.0022917 0.000802768 -0.00229205 0.999997 0.0684376 -0.0551494 -0.237314
FixedParameters: 0 0 0

#Transform 87
Transform: AffineTransform_float_3_3
Parameters: 1 5.98383e-06 -0.000210746 -5.97724e-06 1 1.56277e-05 0.000210746 -1.56252e-05 1 0.063418 0.0074729 -0.296074
FixedParameters: 0 0 0

#Transform 88
Transform: AffineTransform_float_3_3
Parameters: 1 0.000287894 -0.00053339 -0.000287456 0.999999 0.00150061 0.000533468 -0.0015003 0.999998 0.0532099 -0.00611888 -0.228375
FixedParameters: 0 0 0

#Transform 89
Transform: AffineTransform_float_3_3
Parameters: 1 -6.7409e-05 -0.000386415 6.76845e-05 1 0.00035651 0.000386367 -0.000356562 1 0.0570651 0.000427241 -0.290522
FixedParameters: 0 0 0

#Transform 90
Transform: AffineTransform_float_3_3
Parameters: 0.999998 0.00028373 -0.00186854 -0.000280839 0.999998 0.00193227 0.00186849 -0.00193174 0.999996 0.0457885 0.0964448 -0.365273
FixedParameters: 0 0 0

#Transform 91
Transform: AffineTransform_float_3_3
Parameters: 0.999998 0.00125426 -0.00167636 -0.00125071 0.999996 0.00210991 0.00167927 -0.00210844 0.999996 0.0192731 -0.0368107 -0.250751
FixedParameters: 0 0 0

#Transform 92
Transform: AffineTransform_float_3_3
Parameters: 0.999999 0.00102655 -0.00146437 -0.00102639 1 -0.000268806 0.0014636 0.00027091 0.999999 0.0560719 -0.00454571 -0.296248
FixedParameters: 0 0 0

#Transform 93
Transform: AffineTransform_float_3_3
Parameters: 0.999998 0.000988791 -0.00173651 -0.000983838 0.999996 0.0024956 0.00173809 -0.00249398 0.999995 0.0362287 -0.0559545 -0.14398
FixedParameters: 0 0 0

#Transform 94
Transform: AffineTransform_float_3_3
Parameters: 0.999999 0.000249456 -0.00149213 -0.000247918 0.999999 0.000851508 0.00149275 -0.000851279 0.999998 0.128433 0.0953463 -0.22293
FixedParameters: 0 0 0

#Transform 95
Transform: AffineTransform_float_3_3
Parameters: 0.999996 0.00106154 -0.00256941 -0.00105705 0.999998 0.0017617 0.002571 -0.00175859 0.999995 0.0815631 -0.0455434 -0.149496
FixedParameters: 0 0 0

#Transform 96
Transform: AffineTransform_float_3_3
Parameters: 0.999999 0.000631442 -0.00137934 -0.000631094 0.999999 0.000134214 0.00137948 -0.000133886 0.999999 0.080199 0.0246907 -0.240439
FixedParameters: 0 0 0

#Transform 97
Transform: AffineTransform_float_3_3
Parameters: 0.999996 0.000812229 -0.00252316 -0.000808877 0.999999 0.00133375 0.00252395 -0.00133158 0.999996 0.0869886 -0.0513995 -0.143069
FixedParameters: 0 0 0

#Transform 98
Transform: AffineTransform_float_3_3
Parameters: 0.999998 0.000942168 -0.00185587 -0.000942315 0.999999 -0.000297771 0.00185507 0.000298543 0.999998 0.0706899 0.0170846 -0.257666
FixedParameters: 0 0 0

#Transform 99
Transform: AffineTransform_float_3_3
Parameters: 0.999997 0.000857245 -0.00228531 -0.000855625 0.999999 0.000624953 0.00228559 -0.000623364 0.999997 0.0830565 -0.0286861 -0.15973
FixedParameters: 0 0 0

#Transform 100
Transform: AffineTransform_float_3_3
Parameters: 0.999998 0.000912634 -0.00206763 -0.00090879 0.999998 0.00174478 0.00206944 -0.00174335 0.999996 0.0608577 0.0283213 -0.16185
FixedParameters: 0 0 0

#Transform 101
Transform: AffineTransform_float_3_3
Parameters: 0.999997 0.000805124 -0.00253169 -0.000802835 0.999999 0.00070183 0.00253203 -0.000699674 0.999997 0.0881075 -0.0238568 -0.175389
FixedParameters: 0 0 0

#Transform 102
Transform: AffineTransform_float_3_3
Parameters: 0.999997 0.000912577 -0.00202779 -0.000910944 0.999999 0.000649098 0.00202914 -0.000647735 0.999998 0.0600863 0.0404521 -0.14452
FixedParameters: 0 0 0

#Transform 103
Transform: AffineTransform_float_3_3
Parameters: 0.999998 0.00094926 -0.00183468 -0.000949147 1 3.68878e-05 0.00183473 -3.52285e-05 0.999998 0.0560301 0.0289114 -0.203147
FixedParameters: 0 0 0

#Transform 104
Transform: AffineTransform_float_3_3
Parameters: 0.999997 0.00120508 -0.00202769 -0.00120302 0.999999 0.001046 0.00202962 -0.00104386 0.999997 0.0608877 -0.0212397 -0.156609
FixedParameters: 0 0 0

#Transform 105
Transform: AffineTransform_float_3_3
Parameters: 0.999998 0.000884184 -0.00215566 -0.000882958 0.999999 0.000522006 0.00215677 -0.000520532 0.999998 0.051671 0.0352124 -0.146463
FixedParameters: 0 0 0

#Transform 106
Transform: AffineTransform_float_3_3
Parameters: 0.999997 0.000843582 -0.00230863 -0.000844507 1 -0.00044678 0.00230862 0.000448353 0.999997 0.0590686 0.0179618 -0.199746
FixedParameters: 0 0 0

#Transform 107
Transform: AffineTransform_float_3_3
Parameters: 0.999997 0.00111301 -0.00219174 -0.00111178 0.999999 0.000562015 0.0021922 -0.000559464 0.999997 0.0568203 0.0110351 -0.149485
FixedParameters: 0 0 0

#Transform 108
Transform: AffineTransform_float_3_3
Parameters: 0.999998 0.000884271 -0.00211627 -0.000885403 0.999999 -0.000536666 0.00211606 0.000538086 0.999998 0.0550972 0.044089 -0.177901
FixedParameters: 0 0 0

#Transform 109
Transform: AffineTransform_float_3_3
Parameters: 0.999997 0.000860556 -0.00224673 -0.000860567 1 8.32869e-06 0.00224672 -6.78704e-06 0.999998 0.0552365 0.00988318 -0.19927
FixedParameters: 0 0 0

#Transform 110
Transform: AffineTransform_float_3_3
Parameters: 0.999997 0.00122506 -0.0023796 -0.00122393 0.999999 0.000296916 0.00237933 -0.000294315 0.999997 0.0516403 -0.0327034 -0.103317
FixedParameters: 0 0 0

#Transform 111
Transform: AffineTransform_float_3_3
Parameters: 0.999997 0.000860897 -0.00223197 -0.000861507 1 -0.000344917 0.00223114 0.000346447 0.999997 0.0533636 0.0577802 -0.160564
FixedParameters: 0 0 0

#Transform 112
Transform: AffineTransform_float_3_3
Parameters: 0.999998 0.000903421 -0.0020643 -0.000901489 1 0.000480594 0.00206516 -0.000478281 0.999998 0.0663086 -0.0325628 -0.164278
FixedParameters: 0 0 0

#Transform 113
Transform: AffineTransform_float_3_3
Parameters: 0.999998 0.000956105 -0.00178632 -0.000956484 0.999999 -0.000431878 0.00178625 0.000433471 0.999998 0.071598 0.133572 -0.285061
FixedParameters: 0 0 0

#Transform 114
Transform: AffineTransform_float_3_3
Parameters: 0.999998 0.00100035 -0.00159697 -0.00100023 1 4.42818e-05 0.00159704 -4.29107e-05 0.999999 0.0613317 -0.00750346 -0.186733
FixedParameters: 0 0 0

#Transform 115
Transform: AffineTransform_float_3_3
Parameters: 0.999998 0.00152622 -0.00166162 -0.00152366 0.999998 0.00154452 0.00166379 -0.00154258 0.999997 0.0366292 -0.0161454 -0.0712289
FixedParameters: 0 0 0

#Transform 116
Transform: AffineTransform_float_3_3
Parameters: 0.999996 0.00198591 -0.00172097 -0.00199092 0.999994 -0.00312371 0.00171541 0.00312695 0.999994 0.00683558 0.067022 -0.367845
FixedParameters: 0 0 0

#Transform 117
Transform: AffineTransform_float_3_3
Parameters: 0.999997 0.00180704 -0.00161326 -0.00180819 0.999999 -0.000792731 0.00161213 0.000795907 0.999998 0.00677999 0.0898265 -0.25732
FixedParameters: 0 0 0

#Transform 118
Transform: AffineTransform_float_3_3
Parameters: 0.999998 0.0013297 -0.00163472 -0.0013333 0.999997 -0.00220903 0.00163108 0.00221115 0.999996 0.019202 0.0390817 -0.306695
FixedParameters: 0 0 0

#Transform 119
Transform: AffineTransform_float_3_3
Parameters: 0.999997 0.00169337 -0.00210897 -0.00169667 0.999997 -0.00167762 0.00210651 0.0016807 0.999997 0.0229826 0.00886556 -0.254083
FixedParameters: 0 0 0

#Transform 120
Transform: AffineTransform_float_3_3
Parameters: 0.999997 0.00180168 -0.00161535 -0.00180385 0.999997 -0.00147555 0.00161252 0.00147913 0.999998 0.00509551 0.0746615 -0.257549
FixedParameters: 0 0 0

#Transform 121
Transform: AffineTransform_float_3_3
Parameters: 0.999997 0.00170162 -0.00211329 -0.00170231 0.999998 -0.000483239 0.00211335 0.000486775 0.999998 0.0399826 -0.0111823 -0.222479
FixedParameters: 0 0 0

#Transform 122
Transform: AffineTransform_float_3_3
Parameters: 0.999996 0.00174047 -0.00190836 -0.00174262 0.999998 -0.0011878 0.00190572 0.0011913 0.999998 0.0207954 0.0257535 -0.203603
FixedParameters: 0 0 0

#Transform 123
Transform: AffineTransform_float_3_3
Parameters: 0.999997 0.00177596 -0.00179558 -0.00177503 0.999998 0.000323537 0.00179573 -0.000320296 0.999998 0.0177679 -0.0189694 -0.215249
FixedParameters: 0 0 0

#Transform 124
Transform: AffineTransform_float_3_3
Parameters: 0.999996 0.00160755 -0.00205816 -0.00160857 0.999999 -0.000292636 0.00205817 0.000296099 0.999997 0.0216932 0.025969 -0.181468
FixedParameters: 0 0 0

#Transform 125
Transform: AffineTransform_float_3_3
Parameters: 0.999997 0.00161688 -0.00184933 -0.00161929 0.999999 -0.0010878 0.00184849 0.00109062 0.999998 0.0207656 -0.00350526 -0.237271
FixedParameters: 0 0 0

#Transform 126
Transform: AffineTransform_float_3_3
Parameters: 0.999997 0.00170828 -0.00211207 -0.00170707 0.999998 0.000347773 0.00211226 -0.000343284 0.999998 0.0289343 -0.051189 -0.1911
FixedParameters: 0 0 0

#Transform 127
Transform: AffineTransform_float_3_3
Parameters: 0.999996 0.00168073 -0.00219408 -0.00168247 0.999998 -0.000934208 0.00219243 0.000937527 0.999997 0.0202397 0.0498894 -0.265067
FixedParameters: 0 0 0

#Transform 128
Transform: AffineTransform_float_3_3
Parameters: 0.999996 0.00167099 -0.00226713 -0.0016718 0.999998 -0.000166787 0.00226654 0.000170717 0.999998 0.0424934 -0.0336688 -0.234156
FixedParameters: 0 0 0

#Transform 129
Transform: AffineTransform_float_3_3
Parameters: 0.999996 0.00175184 -0.00187557 -0.00175297 0.999998 -0.000610274 0.00187418 0.000613699 0.999998 0.00960971 0.0314487 -0.182874
FixedParameters: 0 0 0

#Transform 130
Transform: AffineTransform_float_3_3
Parameters: 0.999997 0.0012547 -0.00221704 -0.00125683 0.999999 -0.00101196 0.002216 0.0010148 0.999997 0.0358855 0.0392912 -0.280353
FixedParameters: 0 0 0

#Transform 131
Transform: AffineTransform_float_3_3
Parameters: 0.999996 0.00166978 -0.0022519 -0.00167097 0.999999 -0.000740277 0.00224995 0.000743751 0.999997 0.0278624 0.0236726 -0.229142
FixedParameters: 0 0 0

#Transform 132
Transform: AffineTransform_float_3_3
Parameters: 0.999997 0.00141202 -0.0020951 -0.00141298 0.999999 -0.000740666 0.00209353 0.000743859 0.999998 0.0309902 0.0327081 -0.250997
FixedParameters: 0 0 0

#Transform 133
Transform: AffineTransform_float_3_3
Parameters: 0.999996 0.00159775 -0.00258619 -0.00159925 0.999998 -0.000734622 0.00258535 0.000739652 0.999997 0.0485557 0.00119247 -0.244715
FixedParameters: 0 0 0

#Transform 134
Transform: AffineTransform_float_3_3
Parameters: 0.999997 0.000430855 -0.00210873 -0.000435185 0.999998 -0.00206001 0.002108 0.00206045 0.999996 0.0702078 0.121502 -0.535263
FixedParameters: 0 0 0

#Transform 135
Transform: AffineTransform_float_3_3
Parameters: 0.999996 0.00108828 -0.0025925 -0.00109077 1 -0.000700423 0.0025917 0.000702835 0.999997 0.0477533 0.0605259 -0.322966
FixedParameters: 0 0 0

#Transform 136
Transform: AffineTransform_float_3_3
Parameters: 0.999996 0.00107836 -0.0026753 -0.00107832 0.999999 0.000244107 0.00267502 -0.000241165 0.999997 0.0469514 0.0045253 -0.267042
FixedParameters: 0 0 0

#Transform 137
Transform: AffineTransform_float_3_3
Parameters: 0.999996 0.001143 -0.00232982 -0.00114522 0.999999 -0.000934465 0.00232819 0.000937481 0.999997 0.0447293 0.0407509 -0.27116
FixedParameters: 0 0 0

#Transform 138
Transform: AffineTransform_float_3_3
Parameters: 0.999997 0.00111479 -0.00248655 -0.00111611 0.999999 -0.00024999 0.00248597 0.000252299 0.999997 0.043594 0.0161009 -0.254262
FixedParameters: 0 0 0

#Transform 139
Transform: AffineTransform_float_3_3
Parameters: 0.999997 0.00113339 -0.00239036 -0.00113491 0.999999 -0.000506466 0.00238898 0.000508661 0.999997 0.0288503 0.0149242 -0.205878
FixedParameters: 0 0 0

#Transform 140
Transform: AffineTransform_float_3_3
Parameters: 0.999996 0.00114945 -0.00230747 -0.00115166 0.999999 -0.000732953 0.0023065 0.000734615 0.999997 0.0323379 0.0473244 -0.270745
FixedParameters: 0 0 0

#Transform 141
Transform: AffineTransform_float_3_3
Parameters: 0.999996 0.00128599 -0.00246454 -0.0012862 1 -3.25329e-05 0.00246443 3.52245e-05 0.999997 0.0406826 0.000895842 -0.2516
FixedParameters: 0 0 0

#Transform 142
Transform: AffineTransform_float_3_3
Parameters: 0.999996 0.00114878 -0.00229904 -0.00115122 0.999999 -0.00104194 0.00229814 0.0010449 0.999997 0.0332742 0.0305173 -0.274096
FixedParameters: 0 0 0

#Transform 143
Transform: AffineTransform_float_3_3
Parameters: 0.999996 0.00102115 -0.00290211 -0.00102319 0.999999 -0.000748516 0.00290206 0.000750712 0.999996 0.051629 0.0774473 -0.290093
FixedParameters: 0 0 0

#Transform 144
Transform: AffineTransform_float_3_3
Parameters: 0.999996 0.00110788 -0.00253965 -0.00110764 0.999999 0.000295064 0.0025395 -0.000292264 0.999997 0.0494058 0.00213574 -0.234842
FixedParameters: 0 0 0

#Transform 145
Transform: AffineTransform_float_3_3
Parameters: 0.999997 0.000988771 -0.00230195 -0.000991698 1 -0.000889068 0.00230093 0.000890891 0.999997 0.0328713 0.0572112 -0.259585
FixedParameters: 0 0 0

#Transform 146
Transform: AffineTransform_float_3_3
Parameters: 0.999996 0.00103529 -0.00284093 -0.00103779 1 -0.000636473 0.00284034 0.000639536 0.999996 0.0368092 0.024587 -0.256585
FixedParameters: 0 0 0

#Transform 147
Transform: AffineTransform_float_3_3
Parameters: 0.999994 0.0015251 -0.00315558 -0.00152422 0.999999 0.00018934 0.00315513 -0.000184358 0.999995 0.04444 0.00817812 -0.238857
FixedParameters: 0 0 0

#Transform 148
Transform: AffineTransform_float_3_3
Parameters: 0.999995 0.00117279 -0.00287531 -0.0011746 0.999999 -0.000677758 0.00287423 0.000680779 0.999996 0.0372489 0.0562285 -0.289998
FixedParameters: 0 0 0

#Transform 149
Transform: AffineTransform_float_3_3
Parameters: 0.999995 0.00121216 -0.00284177 -0.00121546 0.999999 -0.000985497 0.00284087 0.000988658 0.999996 0.0446961 0.025995 -0.305803
FixedParameters: 0 0 0
